##########################通常データ(標準化)##########################
[-0.28839265744941556, -0.44614730995087964, 1.9827679544750458, 1.039687526692828, 1.9999996912977396]
[-0.599440461594419, -0.4168478716800376, 1.9320935407535798, 1.9998825528058084, -0.5088933200087116]
[-0.5421824147249832, -0.4847665608024471, 1.996265163506497, 1.4778644282849838, 1.9967085747517688]
[-0.8200370957797252, -0.6180340582894741, 1.7201904180920504, -0.4319378988434787, 1.9999734089046282]
[-0.7433607262049463, -0.4292660260745834, 1.914372346739099, -0.45998805328640757, 1.9999881787235565]

[-0.5334304892830842, -0.30865231077533817, 1.9998659641897352, 1.7400862742257017, 1.8502113953577093]
[-0.6042223840832892, -0.6387112645086838, 1.8221007726050187, -0.19869616440291785, 1.9999863246700673]
[-0.5154766161427716, -0.38878412605701523, 1.9772517629017679, 1.9956000984298412, 1.9642382875532403]
[-0.7240074895831826, -0.5292190781742124, 1.90521568250481, -0.3997006682757941, 1.9999917716564493]
[-0.5867240310224889, -0.2660838601918447, 1.999017307058151, 1.956602253588785, 1.9194561530213723]

[-0.6006293760854289, -0.3699525548213535, 1.9899014570596392, 1.3109994677362558, 1.9997474527547996]
[-0.6450112990474405, -0.23089079699929604, 1.993092700867003, 1.9811123687565124, 1.989243159275487]
[-0.5881279809888369, -0.3007393564568809, 1.9936031113856976, 1.9647217983259397, 1.9893404944351551]
[-0.6119418897616893, -0.2893416179620764, 1.9896540862278764, 1.9955629187847663, 1.931725824295633]
[-0.6304722635723021, -0.2945654123972183, 1.9867235425856196, 1.9977749331469858, 1.769556130302842]

[-0.6440127362788091, -0.29883956757352037, 1.9905837337590553, -0.2905959123993611, 1.999657476768892]
[-0.7248247311612213, -0.438017291784972, 1.9363025314526068, 0.1728941220342228, 1.9999898048218856]
[-0.6100714240113294, -0.2650132644968339, 1.9945938009802684, 0.9542523742580735, 1.999867641993517]
[-0.7248528867799111, -0.47076879544546263, 1.926845311282279, -0.02032372480492766, 1.9999969822230588]
[-0.7295693682580469, -0.4904177244296174, 1.9450895756462467, -0.09657268990952374, 1.9999967850792535]

[-0.8783358843154199, -0.5761899770990178, 1.8681657796715168, 0.7904927847869493, 1.9999937653940587]
[-0.8055279807653007, -0.5424905931786035, 1.8691937678962725, -0.02655260855773102, 1.9999971720690888]
[-0.7660601369060227, -0.5164432259341095, 1.8844182706201091, -0.013590085901109947, 1.9999942967648894]
[-0.619323596142166, -0.3034122768733446, 1.9885979468597197, 0.6391948780806403, 1.999952967141884]
[-0.7772866895555501, -0.48532889918738875, 1.8699323614745929, -0.35766507029088945, 1.9999841296331455]

[-0.7933475623651507, -0.5316779050233141, 1.813825365546819, -0.2214028611590743, 1.9999963794726643]
[-0.8712621546166673, -0.7164814513897338, 1.7900633565968749, 0.17590317259987373, 1.9999950334835015]
[-0.8408177503739697, -0.6747631829556245, 1.5466164890789302, -0.4735210895472138, 1.9999959059863452]
[-0.736659730960852, -0.44044102172774474, 1.9354853063882012, -0.32744367092176485, 1.9999926974930042]
[-0.7816096225405978, -0.6217151806981508, 1.6646273582862465, -0.3896497305995268, 1.9999978446286362]

##########################クラスタ数##########################
6
##########################クラスタ数6個の時の平均##########################
cl[1] = [-0.5984117518512432, -0.32019486359208743, 1.9787364574535904, 1.989109111708309, 1.5225350959756074]
cl[2] = [-0.5530958406247132, -0.34285846318569524, 1.9926991659860138, 1.1035114113084883, 1.9707001691359602]
cl[3] = [-0.8141548228980975, -0.6381708073144164, 1.6438114218190758, -0.4317029063300731, 1.9999890531732032]
cl[4] = [-0.7632486046030006, -0.5005495645097795, 1.8886264858469768, -0.25149929726238646, 1.9999911097694258]
cl[5] = [-0.7562773670217023, -0.6289568736405773, 1.8086631649162375, -0.08139861765403947, 1.9999925792087445]
cl[6] = [-0.7588485202950903, -0.4831669620973629, 1.9223777008881702, 0.10380936423699116, 1.9999940070022522]
##########################クラスタ数6個の時の標準偏##########################
cl[1] = [0.04156823660050071, 0.06325716757844638, 0.021555638346837595, 0.012474219952462983, 0.9115904835909687]
cl[2] = [0.10598473409689746, 0.07758747008122932, 0.005423779497717327, 0.6615946490859596, 0.05252039005326519]
cl[3] = [0.024526875749860916, 0.02591832211451162, 0.07237381946770942, 0.03424074209713682, 1.1090444473174432e-05]
cl[4] = [0.028028239355598443, 0.04036486313050935, 0.018345902470176822, 0.1917833072669104, 4.575146863205167e-06]
cl[5] = [0.11212555254038772, 0.07576036251808378, 0.013579033903595631, 0.18217584356933014, 4.456632679024066e-06]
cl[6] = [0.059900187982640955, 0.050445154614711996, 0.0277143696585488, 0.37890579187201606, 2.683324784520067e-06]
##########################クラスタリング結果##########################
km["cluster"] = 
[2.0, 1.0, 2.0, 3.0, 4.0, 2.0, 5.0, 1.0, 4.0, 2.0, 2.0, 1.0, 1.0, 1.0, 1.0, 2.0, 6.0, 2.0, 6.0, 6.0, 6.0, 4.0, 4.0, 2.0, 4.0, 5.0, 5.0, 3.0, 6.0, 3.0]
km["centers"] = 
[-0.5984117518512432, -0.34731111571000906, 1.9763261720515093, -0.3457468353175462, -0.6848564691727107]
[-0.5530958406247132, -0.37743116948435934, 1.990126199291063, -0.5498020506386223, -0.509797138543368]
[-0.8141548228980975, -0.6619369195887962, 1.6580709771917805, -0.8360168037209729, 0.654037569016086]
[-0.7632486046030006, -0.5199312582131204, 1.905324082542006, -0.7083679477724778, 0.08622372804659281]
[-0.7562773670217023, -0.6849663208906405, 1.8385532629830472, -0.6820239448818154, 0.2847143698111106]
[-0.7588485202950903, -0.5099719429629606, 1.9450070221301012, -0.5940098687588768, -0.08217669011317377]
km["size"] = 
[6, 8, 3, 5, 3, 5]
##########################異常データ(標準化)##########################
[-0.28839265744941556, -0.44614730995087964, 1.9827679544750458, 1.039687526692828, 1.9999996912977396]
[-0.599440461594419, -0.4168478716800376, 1.9320935407535798, 1.9998825528058084, -0.5088933200087116]
[-0.5421824147249832, -0.4847665608024471, 1.996265163506497, 1.4778644282849838, 1.9967085747517688]
[-0.8200370957797252, -0.6180340582894741, 1.7201904180920504, -0.4319378988434787, 1.9999734089046282]
[-0.7433607262049463, -0.4292660260745834, 1.914372346739099, -0.45998805328640757, 1.9999881787235565]

[-0.5334304892830842, -0.30865231077533817, 1.9998659641897352, 1.7400862742257017, 1.8502113953577093]
[-0.6042223840832892, -0.6387112645086838, 1.8221007726050187, -0.19869616440291785, 1.9999863246700673]
[-0.5154766161427716, -0.38878412605701523, 1.9772517629017679, 1.9956000984298412, 1.9642382875532403]
[-0.7240074895831826, -0.5292190781742124, 1.90521568250481, -0.3997006682757941, 1.9999917716564493]
[-0.5867240310224889, -0.2660838601918447, 1.999017307058151, 1.956602253588785, 1.9194561530213723]

[-0.6006293760854289, -0.3699525548213535, 1.9899014570596392, 1.3109994677362558, 1.9997474527547996]
[-0.6450112990474405, -0.23089079699929604, 1.993092700867003, 1.9811123687565124, 1.989243159275487]
[-0.5881279809888369, -0.3007393564568809, 1.9936031113856976, 1.9647217983259397, 1.9893404944351551]
[-0.6119418897616893, -0.2893416179620764, 1.9896540862278764, 1.9955629187847663, 1.931725824295633]
[-0.6304722635723021, -0.2945654123972183, 1.9867235425856196, 1.9977749331469858, 1.769556130302842]

[-0.6440127362788091, -0.29883956757352037, 1.9905837337590553, -0.2905959123993611, 1.999657476768892]
[-0.7248247311612213, -0.438017291784972, 1.9363025314526068, 0.1728941220342228, 1.9999898048218856]
[-0.6100714240113294, -0.2650132644968339, 1.9945938009802684, 0.9542523742580735, 1.999867641993517]
[-0.7248528867799111, -0.47076879544546263, 1.926845311282279, -0.02032372480492766, 1.9999969822230588]
[-0.7295693682580469, -0.4904177244296174, 1.9450895756462467, -0.09657268990952374, 1.9999967850792535]

[-0.8783358843154199, -0.5761899770990178, 1.8681657796715168, 0.7904927847869493, 1.9999937653940587]
[-0.8055279807653007, -0.5424905931786035, 1.8691937678962725, -0.02655260855773102, 1.9999971720690888]
[-0.7660601369060227, -0.5164432259341095, 1.8844182706201091, -0.013590085901109947, 1.9999942967648894]
[-0.619323596142166, -0.3034122768733446, 1.9885979468597197, 0.6391948780806403, 1.999952967141884]
[-0.7772866895555501, -0.48532889918738875, 1.8699323614745929, -0.35766507029088945, 1.9999841296331455]

[-0.7933475623651507, -0.5316779050233141, 1.813825365546819, -0.2214028611590743, 1.9999963794726643]
[-0.8712621546166673, -0.7164814513897338, 1.7900633565968749, 0.17590317259987373, 1.9999950334835015]
[-0.8408177503739697, -0.6747631829556245, 1.5466164890789302, -0.4735210895472138, 1.9999959059863452]
[-0.736659730960852, -0.44044102172774474, 1.9354853063882012, -0.32744367092176485, 1.9999926974930042]
[-0.7816096225405978, -0.6217151806981508, 1.6646273582862465, -0.3896497305995268, 1.9999978446286362]

##########################逸脱度##########################
3.418086773396808
3.5678099482389842
2.0865146782916013
1.9402949939825096
2.6802623975709063

2.857209776421618
2.2845268751459638
2.380468400919974
1.9749339586620798
2.247548045144661

0.9966969936157029
2.0896025634835063
1.5007223533843792
1.034180463276647
1.2051352713861343

2.4401080684942458
1.9651610858727746
1.3330384565209732
1.3210659157290006
1.5108631535964892

3.807675101115357
2.6800194776546915
1.4972706362424486
1.4224962479787118
2.0162977598604477

1.7945238246337953
2.5613709609421114
2.6176228918843045
1.6161155924998252
2.0936345746594993

##############################################################
タイムスロット0 = [76.50317045439427, 3.418086773396808, 48.82458173912984, 19.079486443331586, 15.101168994124604, 8.806822711863662]
タイムスロット1 = [3.5678099482389842, 48.54657845995434, 226220.1940528992, 548372.4360225748, 562955.5049282892, 934992.0447697308]
タイムスロット2 = [41.100201890481, 2.0865146782916013, 301.3063405251733, 717.5950648952894, 737.0643465948707, 1224.4022064599587]
タイムスロット3 = [194.58506777594286, 50.487737823627846, 1.9402949939825096, 10.617124948931236, 8.062261455961188, 11.060714088598713]
タイムスロット4 = [196.39462285062072, 14.795679120280015, 9.378745558969115, 2.6802623975709063, 8.535608644737064, 2.8677108722608224]
タイムスロット5 = [20.05214216927444, 2.857209776421618, 13505.26934342206, 32737.688050592646, 33608.60449117726, 55819.78513104725]
タイムスロット6 = [175.60964850489088, 31.75371628539874, 11.211524484283673, 7.630628071995632, 2.2845268751459638, 6.172264772124677]
タイムスロット7 = [2.380468400919974, 3.228198357574486, 3224.3847403710297, 7814.589438226728, 8022.733130378626, 13325.157123900834]
タイムスロット8 = [191.58314844781341, 16.55318286912148, 6.720031684821766, 1.9749339586620798, 7.447117159920384, 2.0037516553604595]
タイムスロット9 = [2.9455778052722366, 2.247548045144661, 7261.82408117685, 17602.711044687487, 18071.148053222176, 30014.20366743027]
タイムスロット10 = [54.371589928949255, 0.9966969936157029, 57.189842536665445, 54.56420854139141, 57.23163925418682, 92.03664910710884]
タイムスロット11 = [2.0896025634835063, 2.173524847141578, 971.6551705820804, 2349.2524151887806, 2412.0756530463673, 4006.5473153188245]
タイムスロット12 = [2.1715854206522858, 1.5007223533843792, 962.847813445998, 2327.977983543267, 2390.2339878636835, 3970.272318853075]
タイムスロット13 = [1.034180463276647, 1.862243114886557, 6155.569424836484, 14920.902405212877, 15318.023212977874, 25441.640841038326]
タイムスロット14 = [1.2051352713861343, 4.316119286935911, 20777.736624300032, 50366.686819984745, 51706.40692646524, 85877.743459714]
タイムスロット15 = [182.75849327409506, 2.4401080684942458, 33.960722553509264, 73.42851439823032, 76.5153957286941, 125.51170561502934]
タイムスロット16 = [145.6553923179129, 10.702258932061513, 20.025416369829852, 4.001361866449344, 9.855034811467831, 1.9651610858727746]
タイムスロット17 = [82.96960946029722, 1.3330384565209732, 45.36770939935228, 29.41232256557563, 32.101159036959814, 47.48074118867893]
タイムスロット18 = [161.1519846004951, 12.488453758388601, 14.667036877030304, 3.140272859082056, 9.015203263151307, 1.3210659157290006]
タイムスロット19 = [167.25889884455472, 9.329692728853226, 12.569852022125087, 3.6291079077074206, 10.258523499027069, 1.5108631535964892]
タイムスロット20 = [96.54592264976407, 23.370636704810607, 36.00599726285948, 7.17439267193122, 6.621791306555244, 3.807675101115357]
タイムスロット21 = [161.7818679262474, 23.109406642759836, 12.805906676623016, 2.7583606226377753, 4.745407951083215, 2.6800194776546915]
タイムスロット22 = [160.6880997164565, 20.26747661413524, 13.648690935675534, 1.4972706362424486, 5.7985871430753955, 1.5598979439386773]
タイムスロット23 = [108.22005325633987, 1.4224962479787118, 35.23298387702443, 13.076252947881574, 17.03501870995941, 16.116690782664502]
タイムスロット24 = [188.2656548144034, 22.921050517881344, 7.188108625407982, 2.0162977598604477, 5.466456327846227, 4.325597661139979]
タイムスロット25 = [177.46574789763292, 33.211946794591086, 7.828047506490336, 4.4410942660064086, 1.7945238246337953, 4.256337130070665]
タイムスロット26 = [145.90291217353683, 37.819235913325116, 18.270576695850202, 8.83369251575906, 2.5613709609421114, 6.92020673930595]
タイムスロット27 = [198.59825673610567, 82.43798827850051, 2.6176228918843045, 19.3974677284174, 19.455918356681742, 14.246038381773497]
タイムスロット28 = [185.75830677070746, 10.992996564025912, 9.685303758436516, 3.149370854084721, 9.76086240325075, 1.6161155924998252]
タイムスロット29 = [191.36081416288962, 60.677259843352495, 2.0936345746594993, 12.69660837083526, 10.808896443721371, 9.895639086824724]
