##########################通常データ(標準化)##########################
[1.2944154593156476, -0.3145816616561089, -0.5553248496702361, 1.7320508017049019]
[1.524449326813631, -0.13360953788776253, -0.5543206678020551, 1.7320290086283583]
[1.4542339260757453, -0.4258050548910809, -0.5565833391329765, 1.732033404055333]
[1.2655408980516214, -0.38353853208937316, -0.5393197856765862, 1.7320433324843116]
[1.6451098942268525, 0.0732429697472754, -0.5712174321675506, 1.7320460057277223]

[1.6576231322382748, 0.09954466557068095, -0.4741064592999424, 1.7320184234737923]
[1.073071830394253, -0.43631612199891545, -0.5525564214822001, 1.7320492576413469]
[1.5150737410568345, -0.1542132129650587, -0.5585574697965705, 1.7320431517506]
[1.4272146019872485, -0.31219785418951984, -0.5666111641832525, 1.7320493346597567]
[1.7067960237980755, 0.7716849843332605, -0.5183283369280066, 1.731997866556035]

[1.644478949069517, 0.09027368849886219, -0.5530493175282077, 1.7320421528750585]
[1.7084708847543792, 1.151932508131331, -0.5646806740708981, 1.7320179730300445]
[1.6607835189274316, 0.2782411400027703, -0.5463558516325776, 1.7320368431025321]
[1.6878763903888925, 0.49247575056608356, -0.5191773978263108, 1.7320275915857366]
[1.7002539562154688, 0.6661562119742496, -0.5713116220138283, 1.7319826893984365]

[1.6901963432920997, 0.5174218917839958, -0.5607990827320741, 1.7320110842135061]
[1.5523639669298055, -0.054598655389488486, -0.5534430058605592, 1.7320490168908362]
[1.6936379730707878, 0.6800243098766073, -0.5495335290930391, 1.7320428301296682]
[1.5546138440231925, -0.11394211305956904, -0.5648112898078461, 1.7320501734621188]
[1.1625487654820412, -0.3149497583836133, -0.5737664960797308, 1.7320506167665062]

[1.3452243898925063, -0.22184306903750717, -0.5681143133755397, 1.7320501515131206]
[1.5036368515986274, -0.19641704417205358, -0.568292794539364, 1.7320500547531963]
[1.4784695063136386, -0.19207609278705148, -0.554918325047804, 1.732049562042792]
[1.6867188944236509, 0.5158409680373804, -0.5628096594749273, 1.7320453883697726]
[1.5479485392037322, -0.12258222526032825, -0.5746733105235475, 1.7320455599129718]

[1.4364540499119414, -0.20775235142947826, -0.5604919933707058, 1.7320497786875824]
[1.132216291935047, -0.42126803553509085, -0.5706584768956969, 1.7320501468231455]
[1.1497184631053199, -0.423625013228289, -0.5701705668185, 1.7320493781264692]
[1.6098131046491833, -0.03972625459991083, -0.5584998185764246, 1.7320489148394278]
[1.2653268739822763, -0.34913906271823325, -0.5710422050456754, 1.7320501258866123]

##########################クラスタ数##########################
8
##########################クラスタ数8個の時の平均##########################
cl[1] = [1.55164211671891, -0.09704099790312859, -0.5643092020639843, 1.732048250088642]
cl[2] = [1.6813937867580186, 0.4509949375975575, -0.5472854979164725, 1.732030226817887]
cl[3] = [1.639256270045957, 0.055833767304226935, -0.5392182568930314, 1.7320388742290003]
cl[4] = [1.7022897094596776, 0.8174495035788621, -0.550963540526443, 1.732010339778546]
cl[5] = [1.4157817419668606, -0.29189958238689656, -0.5629502025156186, 1.732045667228948]
cl[6] = [1.2750944104498483, -0.3490864188212384, -0.5552289467974992, 1.732048086691942]
cl[7] = [1.505407356445683, -0.16907897195298158, -0.5590223142964484, 1.7320429442937366]
cl[8] = [1.1293888377291652, -0.39903973228647716, -0.566787990319032, 1.7320498498393668]
##########################クラスタ数8個の時の標準偏##########################
cl[1] = [0.0027685583347423957, 0.03021784476369643, 0.00867450394730552, 1.9599656691381944e-06]
cl[2] = [0.011965043492083697, 0.10022734199588475, 0.017425169292959355, 1.2718408204789943e-05]
cl[3] = [0.01778892146539292, 0.05597220049983588, 0.0381659870280372, 1.2048392427312605e-05]
cl[4] = [0.005863246343844577, 0.1973249955687878, 0.020428568351115242, 2.2550023528227014e-05]
cl[5] = [0.041877693938748566, 0.08707951387269039, 0.004654310444061559, 7.0860491900195185e-06]
cl[6] = [0.013662324070999404, 0.02815154908138469, 0.01295080102227503, 3.3730352537183305e-06]
cl[7] = [0.01721059327924554, 0.02624552010584825, 0.00559254172658962, 8.494101544233417e-06]
cl[8] = [0.034250818563056486, 0.04888554603683498, 0.00833156024290302, 5.589248953354308e-07]
##########################クラスタリング結果##########################
km["cluster"] = 
[6.0, 7.0, 5.0, 6.0, 3.0, 3.0, 8.0, 7.0, 5.0, 4.0, 3.0, 4.0, 2.0, 2.0, 4.0, 2.0, 1.0, 4.0, 1.0, 8.0, 5.0, 7.0, 7.0, 2.0, 1.0, 5.0, 8.0, 8.0, 3.0, 6.0]
km["centers"] = 
[1.55164211671891, -0.6976239114722572, -1.0356147126452895, 0.18159650739863653]
[1.6813937867580186, -0.5254734980912236, -0.9130253984851782, -0.24289489018161692]
[1.639256270045957, -0.6335137382304182, -0.9509138926851233, -0.05482863913041532]
[1.7022897094596776, -0.46161282024675315, -0.8598316767170455, -0.3808452124958793]
[1.4157817419668606, -0.8050198842652995, -1.064004962583927, 0.4532431048823661]
[1.2750944104498483, -0.8559253479556488, -1.0906461065607849, 0.6714770440665855]
[1.505407356445683, -0.7367777114506724, -1.052786599106277, 0.28415695411126657]
[1.1293888377291652, -0.8877315851788203, -1.0961766236793473, 0.8545193711290026]
km["size"] = 
[3, 4, 4, 4, 4, 3, 4, 4]
##########################異常データ(標準化)##########################
[1.2944154593156476, -0.3145816616561089, -0.5553248496702361, 1.7320508017049019]
[1.524449326813631, -0.13360953788776253, -0.5543206678020551, 1.7320290086283583]
[1.4542339260757453, -0.4258050548910809, -0.5565833391329765, 1.732033404055333]
[1.2655408980516214, -0.38353853208937316, -0.5393197856765862, 1.7320433324843116]
[1.6451098942268525, 0.0732429697472754, -0.5712174321675506, 1.7320460057277223]

[1.6576231322382748, 0.09954466557068095, -0.4741064592999424, 1.7320184234737923]
[1.073071830394253, -0.43631612199891545, -0.5525564214822001, 1.7320492576413469]
[1.5150737410568345, -0.1542132129650587, -0.5585574697965705, 1.7320431517506]
[1.4272146019872485, -0.31219785418951984, -0.5666111641832525, 1.7320493346597567]
[1.7067960237980755, 0.7716849843332605, -0.5183283369280066, 1.731997866556035]

[1.644478949069517, 0.09027368849886219, -0.5530493175282077, 1.7320421528750585]
[1.7084708847543792, 1.151932508131331, -0.5646806740708981, 1.7320179730300445]
[1.6607835189274316, 0.2782411400027703, -0.5463558516325776, 1.7320368431025321]
[1.6878763903888925, 0.49247575056608356, -0.5191773978263108, 1.7320275915857366]
[1.7002539562154688, 0.6661562119742496, -0.5713116220138283, 1.7319826893984365]

[1.6901963432920997, 0.5174218917839958, -0.5607990827320741, 1.7320110842135061]
[1.5523639669298055, -0.054598655389488486, -0.5534430058605592, 1.7320490168908362]
[1.6936379730707878, 0.6800243098766073, -0.5495335290930391, 1.7320428301296682]
[1.5546138440231925, -0.11394211305956904, -0.5648112898078461, 1.7320501734621188]
[1.1625487654820412, -0.3149497583836133, -0.5737664960797308, 1.7320506167665062]

[1.3452243898925063, -0.22184306903750717, -0.5681143133755397, 1.7320501515131206]
[1.5036368515986274, -0.19641704417205358, -0.568292794539364, 1.7320500547531963]
[1.4784695063136386, -0.19207609278705148, -0.554918325047804, 1.732049562042792]
[1.6867188944236509, 0.5158409680373804, -0.5628096594749273, 1.7320453883697726]
[1.5479485392037322, -0.12258222526032825, -0.5746733105235475, 1.7320455599129718]

[1.4364540499119414, -0.20775235142947826, -0.5604919933707058, 1.7320497786875824]
[1.132216291935047, -0.42126803553509085, -0.5706584768956969, 1.7320501468231455]
[1.1497184631053199, -0.423625013228289, -0.5701705668185, 1.7320493781264692]
[1.6098131046491833, -0.03972625459991083, -0.5584998185764246, 1.7320489148394278]
[1.2653268739822763, -0.34913906271823325, -0.5710422050456754, 1.7320501258866123]

##########################逸脱度##########################
2.037192366704092
2.539486122267164
2.8414827068881108
2.3414381708596324
1.1217501265151408

2.7326737089860433
2.706547122625063
0.8023598209180814
1.007686535645504
1.8715080602707879

0.8186417478859076
2.1331107757756564
2.4922834468327504
1.7634538126717474
1.789990442480852

1.9614491364223872
1.9398316957268218
2.1778958226780394
1.5592754204777977
2.5456933608140804

2.262184168917403
2.1316949305434783
2.088804843848276
1.6826975831814863
2.409504753128201

1.3390543895727511
0.8436303023349756
1.2175121759963243
2.5698242629600245
1.5386729844525373

##############################################################
タイムスロット0 = [93.20330399899201, 33.27471203264948, 20.5118950580182, 69.82411734292289, 3.4170309045973486, 2.037192366704092, 13.502632763751906, 5.56713845855161]
タイムスロット1 = [13.987152386840346, 14.361302623039032, 7.344023049477174, 30.723531770357734, 4.3591368397090955, 20.583767853631763, 2.539486122267164, 39.43549816296205]
タイムスロット2 = [37.608945832114124, 20.912148279295714, 13.514403477654415, 42.78659286491515, 2.8414827068881108, 14.082210319746656, 10.294389935640352, 30.943842243192233]
タイムスロット3 = [103.84373379088096, 35.75688991055288, 22.43003168400935, 74.75397767073771, 6.313790460491157, 2.3414381708596324, 16.535639367340977, 12.756940686355165]
タイムスロット4 = [34.25593585981623, 5.179424205570489, 1.1217501265151408, 10.621434182333404, 7.122392172284101, 30.991104597828564, 12.490826913399559, 19.17391203047924]
タイムスロット5 = [42.98155868232949, 5.894124298335224, 2.7326737089860433, 9.249550686269554, 20.801666756873573, 33.977534684748925, 20.539182662568102, 60.224873059575586]
タイムスロット6 = [173.22933172428353, 51.62919816917609, 33.0332279205767, 107.5174239508072, 8.658250126855943, 15.113400087118473, 27.14031304521536, 2.706547122625063]
タイムスロット7 = [13.610621678110508, 15.203181013861649, 7.949743362088569, 32.34277644616558, 3.022990367641191, 18.938201802598385, 0.8023598209180814, 17.21836554083205]
タイムスロット8 = [45.50772930597862, 22.644095794486205, 13.659658495626939, 47.30097428949947, 1.007686535645504, 11.251605521410163, 7.265322261094798, 8.9227991108054]
タイムスロット9 = [68.23521336580507, 4.896965230158221, 13.779260805226789, 1.8715080602707879, 18.300023739220737, 53.03983564021193, 38.76699681691225, 97.68130363460881]
タイムスロット10 = [34.26689241735114, 4.843585508127235, 0.8186417478859076, 10.62063712389131, 7.33866029877246, 31.267953984828754, 12.809952622127168, 22.775251361062082]
タイムスロット11 = [71.80394062204361, 7.480293685263129, 20.052031738099817, 2.1331107757756564, 18.416780058955577, 62.68469823840534, 51.79064904160128, 67.4179655555558]
タイムスロット12 = [41.79075203051285, 2.4922834468327504, 4.1613480507547305, 7.681938202065311, 9.558128721987652, 36.1260973539591, 19.43286259591021, 31.30826204565018]
タイムスロット13 = [54.22320983875924, 1.7634538126717474, 8.335421958022183, 3.429515676856791, 14.775289895792522, 43.025046741948096, 28.315980526002466, 47.0851738696435]
タイムスロット14 = [68.10882942276038, 4.792132122397766, 12.373713622891492, 1.789990442480852, 15.792596781959269, 51.44337451951266, 34.58444150061165, 123.25304448959209]
タイムスロット15 = [57.25202526435116, 1.9614491364223872, 9.04702390459744, 2.60747740260995, 12.383471446640428, 44.62139286733933, 28.524266552213433, 73.69208972785646]
タイムスロット16 = [1.9398316957268218, 12.001945143019839, 5.347884946002006, 26.006425883347646, 4.739117133623547, 22.83393834566301, 5.289278798444157, 14.385305232201015]
タイムスロット17 = [57.46622428203752, 2.6958313501069084, 11.571040587722447, 2.1778958226780394, 13.306684591793397, 47.722799852973694, 34.19308354785838, 30.34218759441307]
タイムスロット18 = [1.5592754204777977, 12.145545802800896, 5.759306702031139, 25.694927641102826, 3.9662453179854413, 22.11958415730819, 3.7925679372394194, 13.730844661804266]
タイムスロット19 = [140.73434947654943, 44.08702552176152, 27.6366608425228, 92.25771653570467, 6.5210737149383595, 8.481804937382075, 20.86906975593239, 2.5456933608140804]
タイムスロット20 = [74.67973279899425, 28.953964258621724, 17.299312796349742, 61.15749755521163, 2.262184168917403, 6.938527744278457, 9.696867446939377, 7.291479522664515]
タイムスロット21 = [17.678526506189694, 16.31929701274247, 8.937251928719432, 34.32412513581872, 2.7026825806580486, 17.62362045387663, 2.1316949305434783, 11.6935551735338]
タイムスロット22 = [26.646737026578876, 18.20173602000929, 10.112847639836467, 38.55447195396399, 2.6143835125313424, 15.902405794462956, 2.088804843848276, 11.139710702539837]
タイムスロット23 = [52.857814293867705, 1.6826975831814863, 8.679677566987932, 3.484366194479938, 11.309378982096563, 43.04262738930086, 28.152439162923596, 26.056948629891757]
タイムスロット24 = [2.409504753128201, 12.691002884800827, 6.138212600306619, 26.821776073676816, 4.481689941273747, 21.596383752606222, 4.144284173646993, 15.528246037244365]
タイムスロット25 = [41.77639537320607, 21.568705758502894, 12.380533398652931, 45.67192162095831, 1.3390543895727511, 12.849558125387261, 4.3519335545501665, 9.81189268805847]
タイムスロット26 = [151.88044586952333, 46.76177561532511, 29.776492282459163, 97.45149427197833, 7.155403637463533, 10.850471500128046, 23.82362656437766, 0.8436303023349756]
タイムスロット27 = [145.5787923458327, 45.32852146110031, 28.846206110368165, 94.47340505761225, 6.7330592201226525, 9.628153238050825, 22.92880761983983, 1.2175121759963243]
タイムスロット28 = [21.11008002546281, 7.895248598260685, 2.5698242629600245, 16.452857512421776, 5.565779900545988, 26.853394482145916, 7.848205755987995, 15.954902060766656]
タイムスロット29 = [103.76000378189782, 35.73845354983514, 22.265925401470113, 74.78715411594689, 4.093699530889452, 1.5386729844525373, 15.716003075295003, 4.159179538652591]
