##########################通常データ(標準化)##########################
[1.2422451567304589, -0.3229443005122076, -0.5235596203610945, 1.7320425368052303]
[1.329317852078503, -0.22343170712718313, -0.5605071502892086, 1.7320458043791052]
[0.22839934324319455, -0.4729682216645209, -0.574139045733151, 1.73205078887703]
[1.22011888116084, -0.29896545450236695, -0.5736304586811037, 1.7320503986076194]
[1.197910155132639, -0.3684658012983044, -0.5700303371555726, 1.732049248592003]

[1.652893457971079, 0.047190804569655256, -0.5349221970354432, 1.7320412712931827]
[1.7168065720086285, 0.8711400370968608, -0.4987593531523628, 1.7319568737874937]
[1.1308414460133926, -0.3660655609339244, -0.5707046659567273, 1.7320501706635867]
[1.6871853897366924, 0.16034660508405035, -0.5371518077225524, 1.7320267622877503]
[1.6552215721279, 0.09053724713906869, -0.5532718732968822, 1.7320422085045721]

[1.6435180931568554, 0.013474744202879953, -0.5418045597008693, 1.732045547604606]
[1.696856920766638, 0.528855302507538, -0.5570696458325611, 1.7320465730955972]
[1.6612943749106264, 0.10164758185463381, -0.5195645769465715, 1.7320434054472298]
[1.7030913981196114, 0.8158062797720951, -0.569613181011284, 1.7320406943271043]
[1.7165064445517624, 1.5087506189488498, -0.5533595237359057, 1.7318996799944737]

[0.9233701458825009, -0.44093223540724485, -0.5645647005918508, 1.7320506168248866]
[1.4924179137656566, -0.2606797693411234, -0.5676885269767605, 1.7320487614779247]
[1.6671790489838478, 0.22629737500589694, -0.5695084110215314, 1.7320426046519413]
[1.6989737830637963, 0.6829493804825478, -0.5395539574921507, 1.732046870004755]
[1.7279145585374274, 0.6333953210066178, -0.5530715602510222, 1.7320350260109674]

[1.6708175687258928, -0.2649009292656222, -0.5719154478010416, 1.732049297521173]
[1.5916093647661964, -0.10279512993027777, -0.5509494984502569, 1.7320494714103638]
[1.6897478773625876, 0.20326924874400362, -0.5634606147416088, 1.7320478279134803]
[1.7002821849885958, 0.416802767818803, -0.5629468195366736, 1.7320211054970585]
[1.6819316078033761, 0.25954954996864105, -0.5431553335987195, 1.732042483715511]

[1.6245388278986872, 0.005887017954465376, -0.5669502523656481, 1.732045784333991]
[1.7179111999635577, 1.1573801660553547, -0.5558262048044961, 1.7319563638392466]
[1.4498106101432036, -0.2918419350138606, -0.553373198247115, 1.732047179689066]
[1.6201149071409522, 0.001630760496052994, -0.573482607752615, 1.732048960036824]
[1.5952199082557492, -0.03046732443512897, -0.565659189996936, 1.7320498500022583]

[1.031362312205004, -0.48594639088187297, -0.5666893100976218, 1.7320505785989553]
[0.7839618756921134, -0.5165672470992609, -0.5724940693804084, 1.7320505895706786]
[1.54300922238159, -0.13194899286606437, -0.5488840069253421, 1.7320398248297362]
[1.6420394077815104, 0.11070143233154232, -0.5364247086940839, 1.7320392735396386]
[1.0558017223581522, -0.44190444702838283, -0.5608578765686634, 1.732048543512831]

[1.06855542566234, -0.4004677149443401, -0.5706852483308247, 1.7320502120950816]
[1.5073113946500285, -0.16777872447219147, -0.569784320889284, 1.7320495547857735]
[1.3803128201581474, -0.32882658426170697, -0.547782060158762, 1.7320477590901542]
[1.6621315350060963, 0.2671815380808393, -0.5537280614524226, 1.7320372611099235]
[1.4236611498835778, -0.25767479048036296, -0.5549719364617219, 1.7320321921161812]

[1.6737884969327477, 0.4497893263571507, -0.5083589592394909, 1.732019160246951]
[1.5558311007329244, -0.1059741730087767, -0.5453175145158811, 1.732028134622812]
[0.9591529627671813, -0.48354366453583564, -0.5358010089056319, 1.7320460645390605]
[1.1309763348967028, -0.4142037673685602, -0.5207776251692107, 1.7320425523954548]
[0.4982619913144023, -0.564722777460668, -0.5643317877326153, 1.7320498526115797]

[0.6919284089032752, -0.5125032267126454, -0.5600164957453192, 1.7320466396706244]
[1.6488162857530688, 0.30416580274035643, -0.5234076446995184, 1.7320314352337023]
[0.9102209735340797, -0.4862148568756715, -0.5592003621312085, 1.7320492428513525]
[1.083431269445882, -0.4294934811464121, -0.5665180199605149, 1.7320497908984893]
[1.4746157531852178, -0.23770926790530886, -0.5543248013160074, 1.7320474238658068]

[0.6923697913126852, -0.5125884833238845, -0.5616870261189465, 1.7320505064800968]
[1.426977755554605, -0.22012019747765996, -0.5758386858845415, 1.7320495068198665]
[1.4116927394090548, -0.2687134442337731, -0.5574018054536569, 1.7320498653862897]
[1.4004189534533826, -0.2231187505267937, -0.5650989477766363, 1.732049002620055]
[1.1934911841866855, -0.3837710992253692, -0.569716326244063, 1.7320498887835547]

[1.396903942956039, -0.27437763654167696, -0.5665676531133018, 1.7320493913520527]
[1.0552914457802294, -0.396290607203657, -0.5674578396427759, 1.7320505009617033]
[1.073727169797078, -0.4451668759503897, -0.5691717139024732, 1.7320498895299001]
[1.4386268240654496, -0.2912616628631799, -0.5599026808105001, 1.7320488947730834]
[1.4302892292749434, -0.20809063328950392, -0.5634737552596972, 1.7320484239918676]

##########################クラスタ数##########################
12
##########################クラスタ数12個の時の平均##########################
cl[1] = [1.6660384763043166, 0.2741936565975363, -0.5605306337032752, 1.7320460633691692]
cl[2] = [1.0653873215086191, -0.3631425025491721, -0.5691111373727105, 1.7320502667147557]
cl[3] = [1.0118595964220711, -0.4389286604297477, -0.5668517742843768, 1.7320498588751223]
cl[4] = [1.4072458024489871, -0.2288644213337824, -0.5412830237795658, 1.7320342878480746]
cl[5] = [1.6748738248835806, 0.5488262235525245, -0.547184531356077, 1.7319943865974095]
cl[6] = [1.3030365271575637, -0.3142488849109154, -0.5671948641726876, 1.7320494745379056]
cl[7] = [1.433757103190378, -0.26661710511759507, -0.5547384537453954, 1.7320476966592238]
cl[8] = [1.6556923905506786, 0.1213712537973034, -0.548196626726668, 1.732043965150656]
cl[9] = [1.6819099434952907, 0.42248250187411795, -0.5492155204420457, 1.7320161532547236]
cl[10] = [0.9484006348212843, -0.42906844712297637, -0.561224294180424, 1.732048360838717]
cl[11] = [0.9273525688557197, -0.4700835528723471, -0.5388650432733871, 1.7320450855350467]
cl[12] = [1.645605144269009, 0.3732865433320759, -0.5198524910041785, 1.7320118235244708]
##########################クラスタ数12個の時の標準偏##########################
cl[1] = [0.04770859620935901, 0.37404493194173943, 0.010615410597440414, 4.707886350678006e-06]
cl[2] = [0.3758089777602118, 0.11994887858872044, 0.0054694974753049805, 4.6120051813522833e-07]
cl[3] = [0.19081315925538722, 0.05128041040876107, 0.0032508228696274026, 4.464857855718645e-07]
cl[4] = [0.12854605865221516, 0.09089017946579064, 0.013137509589657006, 6.063540425081217e-06]
cl[5] = [0.029454046628699576, 0.6789996868819141, 0.00867085358708938, 6.696877417140489e-05]
cl[6] = [0.15546114903013342, 0.0635210574864544, 0.003567014788630268, 5.700111701479758e-07]
cl[7] = [0.03462463683278051, 0.046816990226876, 0.005628763967023361, 4.675961901929603e-07]
cl[8] = [0.019852355304640617, 0.10532807905820761, 0.01839542364998384, 1.4263564264595083e-06]
cl[9] = [0.026990017111137393, 0.3821381659201665, 0.010599535637816114, 3.0633118074014355e-05]
cl[10] = [0.30029793743934813, 0.1266086896866281, 0.0018974571367799023, 1.5469476511929697e-06]
cl[11] = [0.18064554449616824, 0.04124380261590865, 0.01616505430400691, 1.8065235901366959e-06]
cl[12] = [0.06403159239213276, 0.3583822682840749, 0.018924123304263317, 3.256529335866784e-05]
##########################クラスタリング結果##########################
km["cluster"] = 
[4.0, 10.0, 2.0, 2.0, 3.0, 5.0, 12.0, 6.0, 9.0, 5.0, 8.0, 1.0, 8.0, 1.0, 5.0, 2.0, 6.0, 8.0, 1.0, 1.0, 1.0, 1.0, 1.0, 9.0, 8.0, 8.0, 9.0, 7.0, 1.0, 1.0, 2.0, 2.0, 12.0, 9.0, 10.0, 6.0, 2.0, 7.0, 9.0, 4.0, 12.0, 4.0, 11.0, 11.0, 10.0, 11.0, 12.0, 10.0, 3.0, 7.0, 3.0, 2.0, 2.0, 6.0, 6.0, 6.0, 2.0, 3.0, 6.0, 7.0]
km["centers"] = 
[[4084.0, 453.55555555555554, 11.777777777777779, 1077.3333333333333], [2595.5555555555557, 279.22222222222223, 12.88888888888889, 2490.6666666666665], [1496.25, 125.25, 11.0, 1494.0], [674.0, 87.66666666666667, 10.666666666666666, 413.6666666666667], [1842.6666666666667, 248.33333333333334, 10.0, 434.3333333333333], [2002.4285714285713, 223.42857142857142, 9.428571428571429, 1427.7142857142858], [1563.0, 181.5, 14.0, 934.25], [2098.6, 268.2, 13.2, 669.6], [1482.4, 195.8, 8.0, 364.0], [864.5, 76.5, 9.5, 888.75], [507.6666666666667, 42.0, 13.333333333333334, 536.3333333333334], [1105.5, 166.0, 12.0, 339.75]]
km["size"] = 
[9, 9, 4, 3, 3, 7, 4, 5, 5, 4, 3, 4]
##########################異常データ(標準化)##########################
[-0.0013725934855322922, -0.5195291974786523, -0.5731144029458809, 1.7320508009949525]
[0.13476257579818496, -0.45921021558462544, -0.5738368043810478, 1.7320507907592768]
[-0.1643704856412497, -0.5073025147436548, -0.5742793609622902, 1.7320508011883853]
[0.08349777062985742, -0.4666884874119266, -0.5751548803009563, 1.7320507923151323]
[0.5979738669385243, -0.3979038874279534, -0.571692017418496, 1.7320507201574844]

[0.5106189211113265, -0.4109759505455157, -0.5754323277347353, 1.7320507289793878]
[0.7011373857321986, -0.33852627362703824, -0.575341552800241, 1.7320506834607543]
[1.0048980144456228, -0.3341065582278499, -0.5681398853833123, 1.732050372732781]
[0.8080902098346474, -0.3770403757437533, -0.5732554108792117, 1.7320505356700728]
[0.8954423630079897, -0.3304277605811231, -0.5731097289626712, 1.7320504764514804]

[0.47753366927195706, -0.4498702955562684, -0.5680816887108948, 1.7320506177243074]
[0.743590459358751, -0.36720987896905266, -0.5696115110088625, 1.732050599599264]
[1.4837859934436466, -0.09893834245798629, -0.5723557575393989, 1.7320502817910721]
[0.5079861275826585, -0.4746049935376032, -0.5690083416519219, 1.7320507334048603]
[0.17971487988907608, -0.49365807916739873, -0.5703931530483808, 1.7320507833159429]

[0.8755948617968324, -0.39164927843015857, -0.5707839228304277, 1.7320506195129624]
[0.8188095082783938, -0.36581451124474984, -0.5738656094899675, 1.7320506077665927]
[-0.004608144606878922, -0.4923392337698674, -0.5741339084640843, 1.7320508047050132]
[1.1592114126284068, -0.3177617302820336, -0.5727438284985985, 1.7320502288399093]
[0.8183707582531662, -0.3856738017488196, -0.5692125517336349, 1.7320507144191508]

[1.0492031932807067, -0.3214237014408759, -0.5713097927534975, 1.7320506085435137]
[0.6554864411342904, -0.4107713497925918, -0.5717082583024224, 1.732050736210222]
[0.8268542455379265, -0.38210623941198124, -0.5707599700985627, 1.7320507102433875]
[0.7516014644534744, -0.4536060731751419, -0.5688608387604696, 1.7320506129036317]
[0.5918794911444115, -0.4351537772128965, -0.5696125677209646, 1.7320507151601718]

[1.0705360698945978, -0.33212899410119684, -0.5685109470771823, 1.732050530077213]
[0.984791637046583, -0.4766574856083794, -0.5719873006110806, 1.7320505837652331]
[0.7722633494649112, -0.42249235656272993, -0.5752256558351434, 1.7320506441908523]
[0.8167889440485241, -0.35317964489833503, -0.5744517299315544, 1.7320506703583498]
[1.0013518568597604, -0.40210806412595146, -0.5647064778722534, 1.7320506036837386]

[1.1137808019402717, -0.36384141831718975, -0.5719958808033989, 1.7320507112693253]
[0.547859439213649, -0.4589820004444586, -0.5723978663043507, 1.7320507161968641]
[1.3867007593287122, -0.1532241759918625, -0.5666225500282693, 1.7320501490978846]
[1.310340721530936, -0.19009324555819765, -0.5694405119974316, 1.7320503498408155]
[1.1993526179207339, -0.29458688587588183, -0.5732275739215147, 1.732050320178549]

[1.6914042923721284, 0.5864668037232681, -0.5588625939952108, 1.7320472801056919]
[1.6829946719932172, 0.42681434564674653, -0.556211848537172, 1.7320440571891003]
[1.69095513251991, 0.43344600542711603, -0.5509139355077511, 1.7320402468211331]
[1.6749837784660382, -0.047815510193772746, -0.5584056906426208, 1.7320480893021482]
[1.6448162153127137, 0.21156430658852746, -0.5579095920109081, 1.7320488085624832]

[1.623561564538612, 0.01838759200880545, -0.5728120594546161, 1.732048253146566]
[1.158092193783693, -0.38293297995938785, -0.5688039411366776, 1.7320506026064724]
[1.5973747528986297, 0.035271000113694134, -0.5644187444622908, 1.732049650434055]
[1.5753754060569556, -0.03525209363303282, -0.576468021622589, 1.732050180261083]
[1.379383943901385, 1.7186406681796387, -0.5655350819365336, 1.7320502055826756]

[1.3411285137116427, 1.6907710389987367, -0.5720977186975442, 1.7320505526103935]
[1.5103302058611299, -0.3865914325008787, -0.569373602115324, 1.7320501826718753]
[1.6663871181637222, -0.06678153775720319, -0.5699270658975347, 1.7320480908176883]
[1.7014225487764785, 0.3694227052182854, -0.5685692344703822, 1.7320468693393156]
[1.4132026151392978, -0.31663119396286143, -0.563491716122002, 1.7320501014221403]

[1.6545220065535926, -0.15836609449044864, -0.5666413436706572, 1.732047861058537]
[1.522860722521856, -0.47786512794169067, -0.5132746363632527, 1.7320455417145086]
[1.6731673089251378, 0.12793821545318576, -0.5347105665976447, 1.7320475612327053]
[1.7099722300675984, 0.7793772194317744, -0.5683601090872645, 1.7320462715866025]
[1.5945189602080325, 0.00245564917594663, -0.5606760507742967, 1.7320468572465202]

[1.6517173124607027, 0.21918370430437242, -0.5661201720060034, 1.7320477199950433]
[1.6386132652116072, 0.1084135852598381, -0.5601268545311276, 1.7320478770580585]
[1.253750934395372, -0.40079290794058486, -0.5680944088524891, 1.732049341506241]
[1.5087502255924012, -0.16066021731755822, -0.5685233955701966, 1.7320497568621522]
[1.4138135689853264, -0.30650825067597165, -0.5692012602635583, 1.7320499712116004]

##########################逸脱度##########################
3.4110185706354756
2.968370437228533
3.7931788916524787
3.176690564077171
1.6793470267575639

2.1629813658598827
1.7594474206942332
0.41095041842466484
1.181679832161768
1.010027391001385

1.8932203496807638
1.1241417429107865
2.5385232942786327
2.0218057972617087
2.836836320275568

0.9951008363194551
1.3166126715846513
3.38682891488091
0.8082919886533606
1.1874309148645734

0.9130991654571454
1.6152696299774851
1.2014886998849434
1.353324391220724
1.7034670027145176

0.6365245507569177
1.3002685242722787
1.6651856337337034
1.4710138208136432
1.1475708078357367

1.1063043650515076
1.9610591349992281
2.0163813539952797
1.5944650924567456
1.0166616365002266

1.0349656676225407
0.7999450504237254
0.870301720533592
1.0007638860292356
0.791761295501679

1.6778786986237784
0.7884458880009775
1.7871991713120927
2.7045294146555703
6.212471913193373

6.72024277708358
1.2146965721074927
1.3416522304601668
1.1034672836532173
1.480185416830485

1.368500203646308
3.241614066072366
1.573127038569613
1.793898292491375
1.6744181820957849

0.7161096081570952
0.8226453071185004
1.4404276124439324
2.3398857442970216
1.2220115367617674

##############################################################
タイムスロット0 = [35.048778643896014, 3.4110185706354756, 6.231457555128898, 11.98306797571196, 57.01701955564898, 9.434771586782487, 42.4484589971045, 83.83898476189137, 62.46650789599884, 7.229716520922652, 6.509011307138962, 26.02204983387169]
タイムスロット1 = [32.19635376514196, 2.968370437228533, 5.500773532932329, 10.861007894336428, 52.406684267282486, 8.395285505768074, 38.466956837240055, 76.97164022429243, 57.42750332722977, 7.351767233069231, 5.828734885980596, 23.910295314768167]
タイムスロット2 = [38.45827739933259, 3.7931788916524787, 7.032149265554096, 13.137243543938542, 62.54769119907431, 10.377577299165468, 47.04168282468287, 92.00988112656762, 68.49947640185728, 7.9962515329678405, 7.221323239693725, 28.544005935318783]
タイムスロット3 = [33.27377069784031, 3.176690564077171, 5.904116169161739, 11.267147083214898, 54.152536113217245, 8.810348983324971, 39.95021201526491, 79.54857593397365, 59.32931907915442, 8.047038283812899, 6.070181484864594, 24.710817430241]
タイムスロット4 = [22.5055953374814, 1.6793470267575639, 3.3590019717403408, 7.469615365696702, 36.70725983366283, 5.354267658639742, 25.326027353589925, 53.731213307494244, 40.289638396570346, 5.846578917274934, 4.498849575240186, 16.77047276095408]
タイムスロット5 = [24.348154792791462, 2.1629813658598827, 4.238193600128551, 8.171659338290057, 39.69596244850759, 6.2029500245025595, 27.855046761017622, 58.113215058084506, 43.536939096913336, 7.781922659598874, 4.717180842514758, 18.139243356475586]
タイムスロット6 = [20.362691760016673, 1.7594474206942332, 4.088553709620222, 6.7573291375733495, 33.254939857035716, 4.9850211484974745, 22.45568524779418, 48.53219977041446, 36.49365968664002, 7.668028071234908, 5.141650076511113, 15.216106794562217]
タイムスロット7 = [14.001341483673418, 0.41095041842466484, 2.379332832267109, 4.727961879601703, 22.92668215951642, 2.5156990035177174, 13.92521947226314, 33.38708307864662, 25.249791429945464, 3.946260858639969, 4.785320628975598, 10.579716792932267]
タイムスロット8 = [18.131804929178628, 1.181679832161768, 2.9622566779576287, 6.1225705386189935, 29.624816280987954, 4.179189946209746, 19.48776351878788, 43.224479083930966, 32.54173842721323, 6.524382723565124, 4.376407103244016, 13.595544550661055]
タイムスロット9 = [16.30299067192066, 1.010027391001385, 3.2354269114234597, 5.486137687133468, 26.675618535860373, 3.574649545873825, 17.016630631654607, 38.82776564975486, 29.31402751943647, 6.461003845030963, 4.98896469828247, 12.265303856394954]
タイムスロット10 = [25.015685219381535, 1.8932203496807638, 3.304355063643723, 8.344809878265416, 40.75770775196266, 6.06950739039411, 28.681981107273135, 59.78535176999227, 44.73097022130412, 4.204167549977388, 4.368662372931252, 18.60012166440736]
タイムスロット11 = [19.45365633947764, 1.1241417429107865, 2.721323723990385, 6.391998982293399, 31.763561765945806, 4.242633677002332, 21.153199688911847, 46.42610235984545, 34.89803074969577, 4.7261838757925005, 4.493389758676176, 14.527390978928159]
タイムスロット12 = [4.199072133764544, 2.5385232942786327, 7.337433302893227, 3.8664817331543007, 7.219675080131388, 4.115837109963461, 7.434813447566599, 10.034643895780597, 7.858377687059732, 6.777574920601339, 10.150491629159283, 4.149078615314267]
タイムスロット13 = [24.389134212029333, 2.0218057972617087, 3.4254484271105006, 8.249762599588976, 39.734612658846956, 6.1370392168059205, 27.98618003020633, 58.292802742545234, 43.612667079117536, 4.632693278313012, 4.318879912524399, 18.14997620494406]
タイムスロット14 = [31.251675118072885, 2.836836320275568, 5.062745616373426, 10.582443259510564, 50.86309966807651, 8.140293890058125, 37.23689408599504, 74.73945556721053, 55.75632052289983, 5.710936706589974, 5.58634900909596, 23.205945521811127]
タイムスロット15 = [16.719516143105768, 0.9951008363194551, 2.39278183436651, 5.710533661003083, 27.320676500390626, 3.753899892060114, 17.725620957161556, 39.88847176445939, 30.040558540605083, 5.259343333721685, 4.120864041047134, 12.563056355514975]
タイムスロット16 = [17.910853911277783, 1.3166126715846513, 3.24419505637599, 6.051455045557743, 29.269906649759744, 4.220267802172787, 19.24130415105878, 42.68609614260356, 32.14892915243965, 6.850620866814436, 4.559021964358577, 13.436729994332579]
タイムスロット17 = [35.11548533037936, 3.38682891488091, 6.242406370774939, 11.946033969948624, 57.13185334887919, 9.372398947005264, 42.48541039693122, 83.98400450633119, 62.58697570450363, 7.688068207015449, 6.456768019840781, 26.070735063308444]
タイムスロット18 = [10.838243337973575, 0.8082919886533606, 3.186063278098873, 4.162459868069313, 17.819110608119793, 2.2427902334972094, 10.17957247285461, 25.765881836784878, 19.62073328283802, 6.291371311708907, 5.271182064459378, 8.403691772661919]
タイムスロット19 = [17.900978717531334, 1.1874309148645734, 2.5111409777437457, 5.985079068296746, 29.234590998043505, 4.004394688639908, 19.251306504602464, 42.72945669021007, 32.13984223283543, 4.510395439794634, 4.217300003200091, 13.402202696339202]
タイムスロット20 = [13.102050048482608, 0.9130991654571454, 3.1604892375799434, 4.611261291473958, 21.4784230596439, 2.822660687215445, 13.12132180849015, 31.212928199475268, 23.64188685398954, 5.585592106810574, 5.17900111280272, 9.966133001055336]
タイムスロット21 = [21.309957376575206, 1.6152696299774851, 3.1436574092233442, 7.136431689307757, 34.76372082442405, 5.114622199107387, 23.791952600914634, 50.87300746745167, 38.167968224076745, 5.8188276536026615, 4.271409237903131, 15.900512903162884]
タイムスロット22 = [17.730826372365605, 1.2014886998849434, 2.6924279725257128, 5.966399826252593, 28.964067905992906, 4.027642452287749, 19.051405170358713, 42.305890995222036, 31.835319282617796, 5.278602535606863, 4.294984399181709, 13.289250288936078]
タイムスロット23 = [19.30581802147616, 1.353324391220724, 2.2751429464499284, 6.616945573545156, 31.491555977766875, 4.647737758226008, 21.19647605642087, 46.1166156424138, 34.61274210595996, 4.334050914811261, 3.7297425613899935, 14.435517244371447]
タイムスロット24 = [22.63249554572689, 1.7034670027145176, 3.0412419153756076, 7.5746015514705105, 36.897881351280326, 5.453936302054711, 25.5500370432342, 54.066185353136945, 40.51020508108207, 4.824052735776268, 4.182720431933906, 16.859420802134032]
タイムスロット25 = [12.644966975859582, 0.6365245507569177, 2.636747687586465, 4.429740534718676, 20.722532727032736, 2.425110118292981, 12.438178663212629, 30.161917734031825, 22.83810627837693, 4.179151351263992, 4.925729207911766, 9.620658716382714]
タイムスロット26 = [14.491914734697923, 1.3002685242722787, 2.385996385144697, 5.560409098336832, 23.66623767239162, 4.039754288650468, 15.354971943859082, 34.605068146351634, 26.048784526119253, 5.864828641439765, 3.686200148196907, 11.006166383494508]
タイムスロット27 = [18.90229597741403, 1.6651856337337034, 3.377643417425717, 6.5491192034242225, 30.859492214286547, 4.8826143348237485, 20.713719792826403, 45.06655148148576, 33.883269472133875, 7.5481953785593525, 4.073810127880768, 14.175404524257102]
タイムスロット28 = [17.954326904231365, 1.4710138208136432, 3.5510671544646764, 6.053398251569379, 29.344371990865177, 4.324196381199391, 19.32967680359579, 42.77966270841548, 32.22540649765056, 7.1677772874261105, 4.776233100134666, 13.468474034525176]
タイムスロット29 = [14.087607832928583, 1.1475708078357367, 1.933091088550417, 4.901302364715658, 23.013986152602598, 3.1764212754706915, 14.356934436680797, 33.668268243754326, 25.37443821853483, 2.3550814706524568, 3.8431842149928834, 10.627827290367689]
タイムスロット30 = [11.791792337550824, 1.1063043650515076, 2.928831907050396, 4.49653682929683, 19.328633507881925, 2.934375897408223, 11.860789298494469, 28.113979847985984, 21.28876591345206, 5.924858721027712, 4.647465063789734, 9.068219092154978]
タイムスロット31 = [23.56679162588281, 1.9610591349992281, 3.5586105705148423, 8.003444704442087, 38.41171734213834, 5.9716906823118405, 26.889722965671485, 56.28973726707576, 42.15257499588313, 6.231374672180321, 4.301574469374539, 17.562444228992845]
タイムスロット32 = [6.055593607654577, 2.0163813539952797, 5.943668338077846, 3.3587176742127784, 10.124771953145025, 2.853413975430428, 6.299100291719991, 14.497873270457763, 11.217481715413761, 4.038242444797417, 8.734593193351614, 5.099062723484802]
タイムスロット33 = [7.659024051424879, 1.5944650924567456, 5.276026071247066, 3.5158025314942094, 12.713948565153778, 2.564544063980544, 7.375246811729668, 18.241041806813463, 14.03512077345853, 5.041675297458908, 7.915183020371876, 6.176728873881192]
タイムスロット34 = [10.01239924634001, 1.0166616365002266, 3.7151679579034544, 4.00523318748543, 16.489598965625987, 2.3668275986876695, 9.405167442100627, 23.78415096932315, 18.153773560394495, 6.591575863512359, 5.769582499815948, 7.835559596386256]
タイムスロット35 = [1.0349656676225407, 10.530733203678828, 21.25830376940431, 9.578009887439666, 1.6600576077732576, 15.085920879579398, 19.716251167919392, 5.3358894742264, 1.4726651028247721, 8.514479525909419, 26.02183294206618, 2.51002645986734]
タイムスロット36 = [0.7999450504237254, 15.261392014116115, 21.839188585400905, 7.780107176573016, 1.3199749711013098, 15.552624184916374, 18.216638110861624, 3.2395853557572196, 1.12568871479952, 8.1486504562711, 22.178196464907913, 2.243767836081321]
タイムスロット37 = [1.6736659306880342, 23.020617564373552, 28.099305505801187, 7.711919828041795, 0.9904104885994481, 20.68052548127371, 23.088360644117486, 4.330282064398191, 0.870301720533592, 10.467167017192917, 22.483688658976206, 1.9964148048203572]
タイムスロット38 = [1.0007638860292356, 5.971817859046451, 9.62840113572876, 3.896858576267892, 1.757825608464913, 5.9409192995824345, 8.456327370216886, 3.4917851818087104, 1.8490823489560364, 4.142383101563879, 11.232900741537255, 2.6422957214594476]
タイムスロット39 = [0.791761295501679, 6.286790188411253, 13.601969881324258, 5.85091472983516, 1.865062498953248, 9.027519420485726, 12.14294951496871, 3.583665469368489, 2.00066028399428, 5.840946340082353, 17.162759525654824, 2.353276478668641]
タイムスロット40 = [1.6778786986237784, 5.642915072953115, 10.300596669860587, 4.614780137211696, 3.6093991291410195, 6.224505491501648, 8.878941416155625, 3.7952157725335494, 3.441769150930322, 7.405771646934548, 12.751728104629157, 3.1909721897108407]
タイムスロット41 = [10.861807490098105, 0.7884458880009775, 2.2169789483839306, 4.27293967358272, 17.794490258757364, 2.481630864892755, 10.69694846157119, 25.963248246869263, 19.64143954493313, 4.321750694531144, 4.34205614889871, 8.398156553390468]
タイムスロット42 = [1.7871991713120927, 3.944364347582872, 9.782865830138633, 4.489258381194572, 3.482346974929168, 5.8789706510056385, 9.182934866169413, 5.095333476971863, 3.7536323553811126, 4.65298861808412, 13.1443418924051, 2.890014109352319]
タイムスロット43 = [2.7045294146555703, 3.3404206173667474, 8.941899622907753, 4.5045183225282495, 4.924555647073166, 5.536379469212591, 9.179632404373683, 6.318807224258871, 4.985927013375673, 8.94197957029252, 11.721215101332929, 3.5833097190133847]
タイムスロット44 = [7.21182929024683, 17.388488617450523, 42.12711716004587, 21.667097097283463, 10.430129085930938, 32.03622764147171, 42.81458164147188, 21.0645088077706, 11.863741092163863, 17.21624004485503, 53.22803792247543, 6.212471913193373]
タイムスロット45 = [7.92588153975751, 17.158850945563252, 41.62662881694823, 21.425031314928024, 11.839760442380854, 31.652069019011083, 42.449906156458994, 22.273305960075632, 13.279972346054937, 17.801480171784956, 52.56973229534859, 6.72024277708358]
タイムスロット46 = [3.902864782565793, 1.2146965721074927, 2.998955076950543, 3.885621381150197, 6.352101758696344, 2.2341553000408143, 6.817933976745699, 9.858934944849738, 7.053149596172074, 4.842196416003932, 5.102518340770753, 4.146579873796778]
タイムスロット47 = [1.3416522304601668, 5.562625507949726, 9.0004363203754, 4.144861378350313, 2.9030262040284844, 5.207669572888537, 8.446976674369793, 3.6390925151738722, 2.6220494899853612, 5.91365671930123, 10.900255104506295, 3.1392868475988807]
タイムスロット48 = [1.1034672836532173, 9.717865046497083, 17.51155550479705, 7.562146300930366, 2.752987572729606, 11.976834896408034, 15.92164520126578, 4.0279701925114075, 2.20936363605755, 7.87254785773582, 20.905211107090928, 2.9232296281990067]
タイムスロット49 = [5.603045058844525, 1.480185416830485, 3.3874877517926323, 3.25482174035201, 9.207610787527695, 1.6705895462688987, 5.510041995383991, 13.62680280251615, 10.290830506850561, 2.4245307319652705, 5.577328600463753, 4.855771664138161]
タイムスロット50 = [1.368500203646308, 5.725676121239364, 7.8296004226698965, 3.6109046759438717, 2.689802413956638, 4.378410640684495, 7.112976775332911, 3.9399055102580833, 2.667261175919975, 4.28432089364808, 8.867863781865074, 3.091553591444388]
タイムスロット51 = [5.733975741616018, 14.54559601271934, 19.309800737116802, 4.037831205106763, 6.693302956997301, 16.874295066268967, 10.123507445983108, 9.053300639751786, 7.259143734238831, 25.41114613744492, 3.670524976662239, 3.241614066072366]
タイムスロット52 = [2.488497462376911, 9.661636566428509, 16.076211782706434, 4.973165339938167, 1.7571721229193662, 12.179056911951132, 11.470761325693177, 2.7699211082157063, 1.9033958787119327, 14.855978922607479, 15.140347165067132, 1.573127038569613]
タイムスロット53 = [1.793898292491375, 12.989439092924393, 25.34922877753888, 11.694180676288012, 2.845990994673749, 18.301620876806698, 24.040746486201332, 7.0936217217119335, 2.486405694131789, 10.65366140748538, 30.664096910987443, 3.159713868875799]
タイムスロット54 = [1.6744181820957849, 8.2644570420716, 11.498442941952671, 3.882764546962097, 3.335440741128896, 7.266150538528757, 7.67623227611042, 3.9167870007097494, 3.723683226955621, 4.15623245188985, 12.152784241311398, 2.7419269911325466]
タイムスロット55 = [0.7161096081570952, 7.5361749409501595, 14.10480115812354, 6.033147685696638, 2.5014253521089986, 9.225927406827534, 12.30411459482142, 2.963400443659107, 2.2671239791442055, 6.207264447200232, 17.33032246196403, 2.717832968123816]
タイムスロット56 = [0.8226453071185004, 6.879439383508225, 12.194029043429655, 4.908144311359415, 2.1913912805813105, 7.791943073210639, 10.011955998516003, 2.9491791900784983, 2.3197032803430453, 4.872062498494433, 14.709074557389634, 2.5125905338005174]
タイムスロット57 = [8.884225654391726, 2.0996880723243683, 1.9102128080812932, 3.915679816675344, 14.589955642667457, 1.4404276124439324, 7.296939317333344, 21.210296756942363, 16.144396206379646, 3.8203561586259527, 3.860947314653748, 7.066957777404585]
タイムスロット58 = [3.661041488940971, 2.3398857442970216, 6.045138695646423, 3.4632825090031427, 6.2962329175065115, 2.825127751712017, 5.934917878345374, 8.92548650345786, 6.929019028467717, 4.856780636888843, 8.757595936657117, 3.841785492584558]
タイムスロット59 = [5.631735803921541, 1.2220115367617674, 3.419254211017392, 3.455188007891371, 9.342447288069685, 1.264211609634849, 5.596584303317164, 13.564075510569989, 10.34799352087023, 4.700703361191459, 5.815263944368959, 4.987435859157396]
