##########################通常データ(標準化)##########################
[1.4142041076670977, 1.4142112356265182, 1.4142135623730905]
[1.4142090430831, 1.413412051295244, 1.4142135623690781]
[1.414195301662671, 1.4140685119850132, 1.41421356237285]
[1.414207992976427, 1.4124167127532623, 1.4142135623641676]
[1.4142047629273393, 1.4129735751982078, 1.4142135623694339]

[1.4142135527598645, 1.0114459825316784, 1.4142133783750221]
[1.4142135566829803, 0.4692875682551843, 1.4142131409850616]
[1.4142135570420336, 0.5602139554446792, 1.4142133653226987]
[1.4142134736477856, 0.20524031336818865, 1.4142132976554707]
[1.4142133057458295, 0.03696887492607949, 1.4142131710347412]

##########################クラスタ数##########################
3
##########################クラスタ数3個の時の平均##########################
cl[1] = [1.4142102956869043, 0.5521401413069288, 1.4142133436877675]
cl[2] = [1.4142072663289553, 1.412934113082238, 1.4142135623675598]
cl[3] = [1.4142089920368872, 0.8637540045541388, 1.4142133617639079]
##########################クラスタ数3個の時の標準偏##########################
cl[1] = [4.376127634605147e-06, 0.6134349995421275, 1.630453007916481e-07]
cl[2] = [1.8213448776408932e-06, 0.00040730221968143966, 2.4030745028159905e-12]
cl[3] = [7.904141417615593e-06, 0.37828537779947763, 1.4939531514585576e-07]
##########################異常データ(標準化)##########################
[1.4142041076670977, 1.4142112356265182, 1.4142135623730905]
[1.4142090430831, 1.413412051295244, 1.4142135623690781]
[1.414195301662671, 1.4140685119850132, 1.41421356237285]
[1.414207992976427, 1.4124167127532623, 1.4142135623641676]
[1.4142047629273393, 1.4129735751982078, 1.4142135623694339]

[1.4142135527598645, 1.0114459825316784, 1.4142133783750221]
[1.4142135566829803, 0.4692875682551843, 1.4142131409850616]
[1.4142135570420336, 0.5602139554446792, 1.4142133653226987]
[1.4142134736477856, 0.20524031336818865, 1.4142132976554707]
[1.4142133057458295, 0.03696887492607949, 1.4142131710347412]

##########################逸脱度##########################
2.0742277445096815
1.6515965785196134
2.6304857577014458
1.940481633820646
1.5832750142117018

0.705498659440022
1.4557308491632248
0.7570956552553694
0.9627439355225692
1.5164866904083556

##############################################################
タイムスロット0 = [2.402788428561455, 4.258673885642714, 2.0742277445096815]
タイムスロット1 = [1.962673626720066, 1.6515965785196134, 1.9784800507505196]
タイムスロット2 = [3.9386432217238223, 7.467058987160941, 2.6304857577014458]
タイムスロット3 = [2.0105738197925738, 1.940481633820646, 1.9805529851091153]
タイムスロット4 = [2.3165972845805625, 1.5832750142117018, 2.048721362444161]
タイムスロット5 = [1.076956044209769, 76571.8187695589, 0.705498659440022]
タイムスロット6 = [1.4557308491632248, 175366.71307126342, 1.8986382900188494]
タイムスロット7 = [0.7570956552553694, 82023.70661254508, 0.9889332453368542]
タイムスロット8 = [0.9627439355225692, 110195.4890993602, 1.8804151760042354]
タイムスロット9 = [1.5164866904083556, 162881.76437643333, 2.589332798803094]
