##########################通常データ(標準化)##########################
[1.4000691129609333, -0.24249587612846027, -0.571163108005226, 1.7320500556524563]
[0.6394147029949425, -0.5421988288457773, -0.5730084874208295, 1.7320507463039063]
[0.9801692029374203, -0.45619113482728985, -0.569192635135183, 1.7320503003198584]
[0.8369358337621965, -0.505754621238679, -0.5668057483440934, 1.7320503241078722]
[1.4190396297628223, -0.29333199381866454, -0.5705647599074808, 1.7320490544102067]

[1.2543387907176817, -0.346212680766379, -0.5683215452092312, 1.7320494371307324]
[0.8352945641487143, -0.4959971954458107, -0.5707113609774195, 1.73205037130224]
[1.2167643750677613, -0.344414854032374, -0.5699513150073154, 1.7320491852169784]
[0.462947375245225, -0.563811291688175, -0.5712447008815948, 1.7320506100208697]
[0.31403367794900516, -0.5396537701844207, -0.5713663423688816, 1.7320507635534261]

[1.3352454397757896, -0.30926171063825325, -0.563678329567685, 1.7320497536444002]
[1.0452391433113122, -0.4634315707874422, -0.5638836028441383, 1.7320505056289242]
[1.5358715461021875, -0.22856843764125837, -0.5668374826041143, 1.7320497490655926]
[1.5819646095277413, -0.0753796410898422, -0.5740322727908722, 1.7320495149945307]
[1.3844918652680456, -0.24493725605605696, -0.5696874424264086, 1.7320501059384485]

[1.6391894092706807, 0.12347923631259534, -0.5686762936457777, 1.7320489748028158]
[1.362474746234459, -0.3670033939333783, -0.5685689924941754, 1.7320480296937948]
[0.627750871186229, -0.5670486646407921, -0.562568719181675, 1.7320502954762254]
[1.0615644717674972, -0.47427843949275467, -0.5553348369522082, 1.7320499876966786]
[1.4031810807733365, -0.33242305690400326, -0.5717684762469313, 1.7320478834050999]

[1.4694740249909628, -0.2623352199852988, -0.5560167736900696, 1.7320494155258448]
[1.3999325368082267, -0.31982884453640936, -0.5610002165951729, 1.7320495751578102]
[1.197999343523601, -0.3635915333304764, -0.5764347017281796, 1.7320505018419325]
[1.1648734350824816, -0.4257463061461286, -0.5680844879097561, 1.7320503934568146]
[0.4908955874983988, -0.4896878044216764, -0.573880024248128, 1.7320507434741852]

[1.4298683185727779, -0.21366854988259631, -0.5658170339247643, 1.732049994097618]
[1.163528832427516, -0.4079680154443388, -0.5675014253007276, 1.7320501715106182]
[1.2104141190298132, -0.34652908756559936, -0.5726299582646003, 1.732050584834807]
[1.2668958353304285, -0.3733494934870395, -0.5717587420744343, 1.7320502659817099]
[0.9395143486901772, -0.46652742325590096, -0.5588937480028654, 1.732049877269522]

##########################クラスタ数##########################
7
##########################クラスタ数7個の時の平均##########################
cl[1] = [1.1770843752555273, -0.39452959826333717, -0.5705582985642217, 1.7320504503488376]
cl[2] = [0.48144798948078216, -0.5238468011506248, -0.572751618012613, 1.732050751110506]
cl[3] = [1.4048097656005856, -0.23370056068903786, -0.5688891947854663, 1.7320500518961743]
cl[4] = [1.5856751883002032, -0.060156280806168416, -0.569848683013588, 1.7320494129543131]
cl[5] = [1.2945649444504563, -0.3414861532083758, -0.5646590233660531, 1.7320497117614562]
cl[6] = [1.2352546682966832, -0.3713162817784071, -0.5675008153921037, 1.7320488825432256]
cl[7] = [0.7648986232219724, -0.5213780425012422, -0.5653330732673981, 1.7320503177207769]
##########################クラスタ数7個の時の標準偏##########################
cl[1] = [0.0736840258466287, 0.0434321871337849, 0.004264651329021064, 1.1047338395436515e-07]
cl[2] = [0.13300412448795987, 0.024176395155104866, 0.0010421565996116037, 8.873989281998262e-09]
cl[3] = [0.01882570882625705, 0.014199792878765539, 0.00225433308551159, 4.573601854216361e-08]
cl[4] = [0.04226086849198958, 0.14412541808629645, 0.0030520074355723376, 3.2422200870794596e-07]
cl[5] = [0.17071394733781323, 0.0679070661873498, 0.0050422831353634165, 4.2779497124493125e-07]
cl[6] = [0.16282055125259975, 0.048888286946237404, 0.004474686275773583, 7.892133113740462e-07]
cl[7] = [0.20402923120856345, 0.03739796159132131, 0.005893190554323801, 1.9887777046736697e-07]
##########################異常データ(標準化)##########################
[1.1133435910804719, -0.36394124670655964, -0.5719981714551866, 1.7320507114023842]
[0.5475194213032468, -0.45902141109273065, -0.5723993717419864, 1.7320507163107066]
[1.386344340033303, -0.15345990968313322, -0.5666278959239165, 1.7320501499806744]
[1.3099844736905997, -0.190278794206281, -0.5694438758404479, 1.7320503504031093]
[1.199712217810216, -0.29458701252266256, -0.5732277072614684, 1.7320503199683577]

[1.6914274094273607, 0.586466797431426, -0.5588626135321009, 1.7320472800335365]
[1.682842580420183, 0.4253445658190253, -0.5562423399004509, 1.7320440777720616]
[1.6909966939181569, 0.43344597764310266, -0.5509139963147026, 1.7320402464145461]
[1.6748633847971466, -0.04834134855130241, -0.5584228898932699, 1.7320480941986838]
[1.6448711191231016, 0.21156428392102042, -0.5579096271559573, 1.7320488084559174]

[1.6233384703912994, 0.017803336181672385, -0.5728156884368822, 1.7320482580302765]
[1.1583442691460495, -0.38293303967832487, -0.5688040020948518, 1.7320506025438096]
[1.5971857916724819, 0.03485887184402349, -0.564426684165857, 1.7320496519889432]
[1.5752160000731301, -0.03552065177632536, -0.5764682791042268, 1.7320501808969224]
[1.379387547551193, 1.718629152317609, -0.5655399914429129, 1.7320502060815648]

[1.341083850521802, 1.6907761694904966, -0.5720977103948178, 1.7320505526136294]
[1.510433452044308, -0.38659146768368063, -0.5693736379937037, 1.7320501826073433]
[1.6664038263757244, -0.06508133355269537, -0.5699282892192035, 1.7320480921430674]
[1.701438566532928, 0.3694226979756716, -0.5685692485773861, 1.7320468692810091]
[1.4133998379141106, -0.31663126894279964, -0.5634917940072284, 1.732050101273706]

[1.6545726832714063, -0.15836612774758801, -0.5666413808976506, 1.7320478609146943]
[1.522292333648843, -0.4780001006129424, -0.5133584765968466, 1.7320455577281169]
[1.673206459456302, 0.1279381929584459, -0.5347105980703365, 1.732047561108651]
[1.7099821510831072, 0.7793772179340807, -0.5683601184307113, 1.7320462715498441]
[1.594161373297814, 0.001732779889900973, -0.5606946795613653, 1.7320468670511306]

[1.6515376550898266, 0.21834446705869093, -0.5661309484831655, 1.7320477264014897]
[1.6384052356714611, 0.10769346957670525, -0.5601434392684107, 1.7320478829909183]
[1.2530853214186755, -0.4009389075282776, -0.5681012563643055, 1.732049344826112]
[1.5084590649129137, -0.16093368320211593, -0.5685285523003721, 1.7320497583607135]
[1.413460341284693, -0.30666881673916935, -0.5692056028070881, 1.7320499724010017]

##########################逸脱度##########################
2.6348251426134923
3.0610211630227098
3.026137419342274
2.8452451435358777
2.3863873108241727

9.089873351219806
17.529609863500696
20.30494074674935
5.917768695301664
4.9290309165233515

3.8367635746133155
1.4842986341938267
2.0514444744054967
3.225656515840946
13.56935387718503

13.927880208479102
2.0312093960880335
4.499624745443351
8.838243894201055
1.2252127957513124

5.209757616314481
13.115651304976925
10.642199781244027
11.691811663401996
8.419030557428604

5.891167126515155
5.940794162165895
0.8603768349998693
2.2692238803209297
1.3900307537320973

##############################################################
タイムスロット0 = [2.6348251426134923, 9.32005228381791, 23.101141631329796, 12.07861831610507, 2.969019463500675, 2.6388449534772636, 5.082952649639864]
タイムスロット1 = [9.010500920343352, 4.788446110079004, 50.38836923057313, 25.05947032564991, 5.478663003416856, 5.258979124945408, 3.0610211630227098]
タイムスロット2 = [6.864050089387461, 70.03084767287326, 6.2047890010476445, 5.380269846039857, 3.026137419342274, 4.83073669159027, 10.335454176362813]
タイムスロット3 = [5.124041436948582, 47.73093663976122, 8.79665560572646, 7.193708464275185, 2.8452451435358777, 4.191812240690183, 9.275441821884451]
タイムスロット4 = [2.678454087351058, 49.79749914385848, 13.233867202077153, 9.752275275819827, 2.3863873108241727, 2.7324341441843485, 6.56595089444962]
タイムスロット5 = [37.28219610891144, 394.1690840051085, 85.2099744941954, 9.089873351219806, 15.025672077174878, 19.987910206434947, 33.654971469571315]
タイムスロット6 = [61.173540747171735, 753.2560453975087, 139.51976001980987, 17.529609863500696, 17.57615440719896, 17.79033768463048, 40.594359327562806]
タイムスロット7 = [94.6819863761357, 1184.6448227349042, 220.15089543464924, 29.25336847548995, 25.15163211374819, 20.30494074674935, 56.94666794580781]
タイムスロット8 = [23.919491323415297, 300.49859628972655, 47.22220834087596, 5.917768695301664, 6.278903646440353, 7.486498683975798, 17.500192742399452]
タイムスロット9 = [21.557609693969848, 221.64986352344238, 43.68924353794091, 4.9290309165233515, 8.76296020817378, 12.372671505897898, 21.49138188927252]
タイムスロット10 = [22.823335941110525, 281.9650902200152, 44.60791092377555, 3.8367635746133155, 6.772529052228832, 8.430273835201929, 18.2875511408683]
タイムスロット11 = [1.4842986341938267, 18.82843255357214, 20.659244529265212, 10.99281800809579, 2.45373705972015, 2.2614445445560376, 4.452072451448743]
タイムスロット12 = [13.58453630450599, 126.5275978083516, 23.291517269874365, 2.0514444744054967, 5.820520592148558, 8.682765276428535, 15.782554227119578]
タイムスロット13 = [10.265990540611277, 67.95036300273372, 17.20401845789753, 3.225656515840946, 5.4489776701544805, 7.632840869834431, 13.733071459184188]
タイムスロット14 = [48.795940489161296, 111.66543208958252, 137.54599082831055, 13.56935387718503, 30.363840736423512, 42.793693083588906, 59.974814801062735]
タイムスロット15 = [48.074740814345816, 94.51754266547151, 136.01955354997963, 13.927880208479102, 30.029086267711644, 42.250224470993146, 59.24200523056384]
タイムスロット16 = [5.1430746251962915, 64.8597374853933, 12.474930893094, 3.736198778636414, 2.0312093960880335, 2.417171340083549, 5.222398286943946]
タイムスロット17 = [23.60777048125221, 300.3807211312198, 46.58718646345407, 4.499624745443351, 6.0611530075630595, 6.895403420227845, 17.153125457346594]
タイムスロット18 = [37.56362217143814, 439.11083413964644, 83.03394805003423, 8.838243894201055, 12.650213286350972, 15.63122605679163, 29.822781777353903]
タイムスロット19 = [5.121786549764158, 74.59255924908238, 6.419888131132504, 5.350674787932833, 1.2252127957513124, 2.3739536431851382, 6.431045754534953]
タイムスロット20 = [24.936132400540743, 326.2155812801533, 50.00040892507887, 5.209757616314481, 5.531002435183762, 5.226701585169718, 16.306110137210386]
タイムスロット21 = [46.550469036862026, 588.05996504783, 102.94355124019513, 22.240361020395856, 14.269659132809016, 13.115651304976925, 25.802266486211565]
タイムスロット22 = [30.73587912005366, 362.4414183963137, 63.621057653593695, 13.0831114721585, 10.642199781244027, 12.962448985177696, 23.246369399466122]
タイムスロット23 = [47.05251208096029, 507.76818542431135, 110.38502950985792, 11.691811663401996, 18.535709714465558, 23.947504072752587, 40.563393399068126]
タイムスロット24 = [34.24492655729362, 438.4623926530217, 72.37654205537389, 8.419030557428604, 8.57099748050385, 8.480631509760418, 22.668068813292948]
タイムスロット25 = [29.14842467104995, 342.40276691734454, 61.41679677646821, 5.891167126515155, 9.693323471088286, 12.419887194329203, 24.081423750636603]
タイムスロット26 = [26.81329472078363, 324.601309009028, 54.734946409799136, 5.940794162165895, 8.178418122621409, 10.316978653609821, 21.258556315782165]
タイムスロット27 = [10.077721115635436, 158.72299392308642, 21.0426278520562, 8.240053667591384, 1.4238315224244724, 0.8603768349998693, 6.344142981423884]
タイムスロット28 = [9.41353718752899, 113.21082936269728, 9.888902898840591, 2.2692238803209297, 3.039729737291362, 4.7558859127451125, 10.694795176724519]
タイムスロット29 = [5.76206249615406, 88.55379189206987, 5.445918151613326, 4.749022718391399, 1.3900307537320973, 2.2357712047045246, 6.820018389420991]
