##########################通常データ(標準化)##########################
[1.4140846814279282, 1.3427179979368071, 1.414213554277469]
[-0.4425916322824338, 1.3438190418785265, 1.4142084176160918]
[-0.06346358143422007, 1.3493839571912598, 1.4142099233694987]
[0.6542347070949989, 1.3538521539541617, 1.414212524046291]
[1.414199319637469, 1.3456305635207202, 1.414213554551665]

[1.4047939955504665, 1.3616254824322953, 1.4142135585677593]
[1.4136002938382408, 1.3264473532922505, 1.4142135521796688]
[1.4123715386596505, 1.3559599376146052, 1.414213555823525]
[1.413994957056548, 1.3288759035004383, 1.4142135515061292]
[1.4054018364042966, 1.3358090893240806, 1.4142135552534054]

[-0.753926200215208, 1.3160610000889008, 1.4142084656404013]
[-0.9112707352047833, 1.358262763664258, 1.414202841843028]
[-1.0191391469396478, 1.3430743611099907, 1.4142044169648045]
[-1.000047172254946, 1.3517621024124484, 1.4142034593413821]
[-0.9175257903972924, 1.358540318890841, 1.4142028651016225]

[-1.0057399957521524, 1.3493040902397901, 1.4142028431914226]
[-0.9588396457496494, 1.338077435387657, 1.4142050647750533]
[-0.2426185091949737, 1.291736640814529, 1.4142112031973382]
[-0.7932859129060519, 1.3221719717349039, 1.414207383071992]
[-0.8618306894578525, 1.3590225360870163, 1.4142038424476808]

[-0.9694346789854548, 1.3587032051909989, 1.41420223751243]
[-0.9171981772366109, 1.3523598725790729, 1.4142038664015781]
[-0.9952775958400606, 1.352136350554745, 1.4142029122662736]
[-0.9981670643437791, 1.3525462767823768, 1.414203868537774]
[-0.9116752499725668, 1.3584383537472244, 1.41420296273183]

[-0.9687077450906867, 1.3637178185191752, 1.4142016341734045]
[-0.917308672796344, 1.3564460295617264, 1.4142028446013402]
[-1.0082056960078782, 1.3471324449711801, 1.4142027167396878]
[-0.9977980401035899, 1.3519286684753675, 1.4142029723466463]
[-0.9220329016885114, 1.3551382287694018, 1.4142035768056784]

##########################クラスタ数##########################
6
##########################クラスタ数6個の時の平均##########################
cl[1] = [1.4075224568714713, 1.3511315031236604, 1.4142135565482299]
cl[2] = [1.4138933107742389, 1.3326804182431653, 1.4142135526544222]
cl[3] = [-0.9958352372575773, 1.352256146472897, 1.4142030067859805]
cl[4] = [-0.023609753954157174, 1.334697948459619, 1.414210517057305]
cl[5] = [-0.886489397562487, 1.3474518510511004, 1.4142043713420205]
cl[6] = [1.414199319637469, 1.3456305635207202, 1.414213554551665]
##########################クラスタ数6個の時の標準偏##########################
cl[1] = [0.0034377864261018625, 0.01107871451641926, 1.4468663633021382e-09]
cl[2] = [0.0002104072389299962, 0.007166552802572067, 1.1801480886567833e-09]
cl[3] = [0.015826968469069048, 0.00570240179198111, 7.840694423788045e-07]
cl[4] = [0.4136943588506659, 0.025057088519646026, 1.5214229814666594e-06]
cl[5] = [0.061213069061190326, 0.015397453557281953, 1.9079799572476096e-06]
cl[6] = [0.0, 0.0, 0.0]
##########################異常データ(標準化)##########################
[1.4141900845913207, -0.36674913189978114, 1.4142135248962748]
[1.414212969681752, 1.3234948556410895, 1.414213550473892]
[1.4142117465596247, 1.3133281623889752, 1.4142135498930601]
[1.4142090564126961, 1.3274449073706391, 1.414213551379833]
[1.414200782445762, 1.314036299172084, 1.4142135502552924]

[1.414201691680282, 1.3198782562696463, 1.4142135516272787]
[1.4141962715113963, 1.344396994845646, 1.4142135543538839]
[1.4141984680988686, 1.3345856936758083, 1.4142135534751346]
[1.4141954459784731, 1.3564778409639267, 1.4142135557535307]
[1.414184990318273, 1.301503225451609, 1.414213548656036]

[1.41405859437878, -0.3658817652283875, 1.414213524815064]
[1.414212358701738, 1.3332280150897355, 1.414213552601991]
[1.4142069648358169, 1.3524967679110191, 1.4142135549788533]
[1.4141486333595343, 1.333030065289019, 1.4142135531653701]
[1.4141920558192929, 1.2840151457151916, 1.414213545856808]

[1.4142020504074617, 1.3222211005126494, 1.4142135512327563]
[1.4138791609721348, 1.1579644040007098, 1.4142135305500294]
[1.4138721023509788, 1.2089828603307495, 1.414213540448484]
[1.4139892440920363, 1.303281442517883, 1.414213549207658]
[1.4040769260481665, 1.3324191541183135, 1.414213555141115]

[1.40938494664342, 1.258054316626658, 1.4142135446438837]
[1.4121263431473243, 1.2872990840421785, 1.4142135458246936]
[1.4096437026954634, 1.3222797217040554, 1.414213552541221]
[1.3993175190212759, 1.3059552570482738, 1.4142135519715786]
[1.397533327800662, 1.3358996640322596, 1.414213556675602]

[1.4141226874581583, 0.917338162911211, 1.4142134954848462]
[1.4117125977666154, 1.2311320673938255, 1.4142135403764893]
[1.4118641587437806, 1.3032965283683713, 1.414213549305859]
[1.4141858386582278, 1.2134546666414205, 1.4142135368324618]
[1.414170417306818, -0.343463097791146, 1.4142135254307668]

##########################逸脱度##########################
68.02044716019148
2.7138191117602135
3.8803683055822535
1.9879828685990484
3.6105672947639538

2.4691594319537793
2.5373887861117455
1.6302534039241101
2.0742036830577626
4.2195478013345324

67.98587362827723
1.5189091839221267
2.2299055859554686
1.2893154210900288
4.487054960841608

2.3946420634375047
8.108347013073338
6.418303425785435
4.1975883755895
2.191611276266502

5.031359735069322
4.425594793823855
3.851320317536773
4.138305202788341
3.215749073066556

17.12730791009708
5.750629312085582
4.1931874635611015
6.27945312542367
67.09276506833503

##############################################################
タイムスロット0 = [156.6089345360143, 238.3012923167239, 337.9954836701675, 68.02044716019148, 117.60117443100046, Infinity]
タイムスロット1 = [5.256990127456868, 2.7138191117602135, 152.9505843473024, 4.031714114610855, 37.92372927012669, Infinity]
タイムスロット2 = [6.048718431858753, 3.8803683055822535, 153.0196102497537, 4.0964152476542095, 37.95649438635715, Infinity]
タイムスロット3 = [4.595043866056973, 1.9879828685990484, 152.92916432489983, 4.017575681835236, 37.914067511503866, Infinity]
タイムスロット4 = [5.822543191424147, 3.6105672947639538, 153.01347165561623, 4.090718430238169, 37.953683568154204, Infinity]
タイムスロット5 = [4.827059269110499, 2.4691594319537793, 152.9722318940703, 4.050611037529081, 37.93398596060889, Infinity]
タイムスロット6 = [2.5373887861117455, 2.611485256061698, 152.8729978598854, 4.026728505836482, 37.89230561876288, Infinity]
タイムスロット7 = [3.242357050954331, 1.6302534039241101, 152.89822923789885, 4.007800433197429, 37.90097570043176, Infinity]
タイムスロット8 = [2.0742036830577626, 4.470409051490865, 152.86868297264803, 4.101694854057416, 37.89640010943088, Infinity]
タイムスロット9 = [7.31958820623512, 5.68562082319206, 153.1243164022403, 4.2195478013345324, 38.008553579795766, Infinity]
タイムスロット10 = [156.53880227510635, 238.1847804425147, 337.8560817355263, 67.98587362827723, 117.54715932256038, Infinity]
タイムスロット11 = [3.7198576496419107, 1.5189091839221267, 152.9040159333855, 4.007970635172398, 37.903189136749624, Infinity]
タイムスロット12 = [2.2299055859554686, 3.707750665781729, 152.86753409926106, 4.070761943771201, 37.89341762238701, Infinity]
タイムスロット13 = [3.4425587043775057, 1.2893154210900288, 152.90083085335445, 4.0081448257226215, 37.902509834609205, Infinity]
タイムスロット14 = [9.750263514004276, 9.016960212129595, 153.3332710536885, 4.487054960841608, 38.11447765873024, Infinity]
タイムスロット15 = [4.907303640593553, 2.3946420634375047, 152.95751145850573, 4.037891120315785, 37.92708699810538, Infinity]
タイムスロット16 = [25.105783537769202, 30.74374515137888, 156.59575944636978, 8.108347013073338, 39.833729181155945, Infinity]
タイムスロット17 = [17.08384809092938, 20.122209729947926, 154.89612429176967, 6.418303425785435, 38.938322993253465, Infinity]
タイムスロット18 = [6.923350570400958, 5.056316969838306, 153.09426878970086, 4.1975883755895, 37.99653442747995, Infinity]
タイムスロット19 = [2.191611276266502, 46.70178860882749, 152.2697330935533, 3.9881849633148123, 37.74050041564655, Infinity]
タイムスロット20 = [11.771677525904636, 24.77127628400861, 153.45465795645788, 5.031359735069322, 38.25631893440845, Infinity]
タイムスロット21 = [9.48272421620351, 12.00476148426017, 153.1597441420186, 4.425594793823855, 38.058715020396434, Infinity]
タイムスロット22 = [3.851320317536773, 20.249363997721034, 152.6705819954049, 4.028548290111265, 37.85321568149204, Infinity]
タイムスロット23 = [5.685935089940029, 69.37690699091462, 152.14690725328674, 4.138305202788341, 37.74687506261066, Infinity]
タイムスロット24 = [3.215749073066556, 77.82981736036132, 151.84543447849066, 3.974261379391823, 37.62943066799098, Infinity]
タイムスロット25 = [57.602191293696606, 75.5429863797974, 170.82688371874914, 17.12730791009708, 47.0713696454626, Infinity]
タイムスロット26 = [15.61200684207147, 20.406794472936685, 154.17906154964854, 5.750629312085582, 38.597135723707275, Infinity]
タイムスロット27 = [6.730040923943244, 10.85667484453958, 152.96059314805956, 4.1931874635611015, 37.96213027402662, Infinity]
タイムスロット28 = [18.543820383940883, 21.411315178829263, 154.78995756298718, 6.27945312542367, 38.876995764476156, Infinity]
タイムスロット29 = [154.47617833568364, 235.02274180486944, 334.3579930860175, 67.09276506833503, 116.17041781962956, Infinity]
