##########################通常データ(標準化)##########################
[0.9628694005436791, -0.5939775691489201, -0.5437755420017486, 1.732050806510776]
[-0.540942730078065, -0.8891221300443329, 0.24339103515094182, 1.7320505937445487]
[-0.4153108261057596, -0.8787659354250379, 0.20497326608269104, 1.732050632222853]
[-0.17857850642908193, -0.8500341541141045, 0.10568033458685297, 1.7320506880585147]
[0.9878056299575998, -0.5829867365026794, -0.5660512252662626, 1.7320508074399508]

[0.7402454469752935, -0.6787640093616115, -0.3599954884417102, 1.7320507808149699]
[0.9128479739348976, -0.613241518625131, -0.5039319737701041, 1.732050803005217]
[0.8728276547814567, -0.630646616931295, -0.46702218509172594, 1.7320507973033996]
[0.9476912069296093, -0.5999369473055682, -0.5315622270449374, 1.7320508055443344]
[0.7069562203852818, -0.6783863987989863, -0.3608587134268145, 1.7320507807300312]

[-0.6421300353026623, -0.8917799904606073, 0.2536758701792848, 1.7320505723680724]
[-0.8312463381038621, -0.9333440513977939, 0.42895719989192627, 1.7320502209030255]
[-0.9112316362051549, -0.9454604861670229, 0.48868836373069635, 1.732050107687336]
[-0.9156610088930258, -0.946681139611365, 0.49504175589922333, 1.732050083138515]
[-0.8421179173482563, -0.9343069891908122, 0.43352023966272485, 1.7320502159588698]

[-0.9130842452262713, -0.9436036333143045, 0.4794242218536003, 1.7320500501303333]
[-0.8309283583568009, -0.9283952220412106, 0.40599037293255835, 1.7320502800695394]
[-0.44268488057173755, -0.863714359155901, 0.1520473659796874, 1.7320506780937575]
[-0.6830861287978804, -0.9049841053298672, 0.30544284298663577, 1.7320504898769162]
[-0.8028587226118391, -0.9312820529564914, 0.41907013906282825, 1.7320503010325508]

[-0.8929282536709546, -0.9409024131374939, 0.4657338552116815, 1.7320501112749334]
[-0.8299053703366919, -0.9344937125026356, 0.434307951618448, 1.7320502374834208]
[-0.903371601968707, -0.9443164451601246, 0.48294643435867934, 1.7320500697937165]
[-0.9170278429019344, -0.9516406909270169, 0.5212461814387559, 1.7320500720682521]
[-0.8427924848997396, -0.9384186692699016, 0.4532310839029018, 1.7320501918412914]

[-0.9184610393972905, -0.9536471213576575, 0.5323986430731867, 1.732049989118444]
[-0.8480390262557274, -0.9435839064402438, 0.4789312011937468, 1.7320501285779004]
[-0.9086933297925728, -0.9463291716761814, 0.4934314126836186, 1.732049998568893]
[-0.9048005425964024, -0.9429244000275231, 0.4758960944240373, 1.7320500842725568]
[-0.8358743141939202, -0.9340288942397457, 0.4321350681233733, 1.7320502373062436]

##########################クラスタ数##########################
5
##########################クラスタ数5個の時の平均##########################
cl[1] = [-0.9094732778502572, -0.9461672779309657, 0.4927563291859422, 1.7320500628947757]
cl[2] = [-0.34552473770219305, -0.8641714828983478, 0.1542336555497438, 1.7320506661250417]
cl[3] = [-0.8329703165133546, -0.9347316872548543, 0.4357679070485634, 1.7320502266466051]
cl[4] = [-0.6220529647262026, -0.8952954086116024, 0.26750324943895415, 1.7320505519965124]
cl[5] = [0.8758919333582595, -0.6254199709534559, -0.476171050720472, 1.7320507973355255]
##########################クラスタ数5個の時の標準偏##########################
cl[1] = [0.007642580156824389, 0.003871965328965481, 0.020259079517361125, 4.094613936725077e-08]
cl[2] = [0.1185766076332031, 0.011734153453679737, 0.04056563782170324, 2.4315192712883116e-08]
cl[3] = [0.012936848948347804, 0.004281688346957874, 0.020616486819442413, 4.949045411131423e-08]
cl[4] = [0.05974112498719908, 0.006936338542871374, 0.027153931904514584, 4.478371437788055e-08]
cl[5] = [0.10251081761308643, 0.03638141195942305, 0.07870837895690208, 1.0918443186974906e-08]
##########################クラスタリング結果##########################
km["cluster"] = 
[5.0, 4.0, 2.0, 2.0, 5.0, 5.0, 5.0, 5.0, 5.0, 5.0, 4.0, 3.0, 1.0, 1.0, 3.0, 1.0, 3.0, 2.0, 4.0, 3.0, 1.0, 3.0, 1.0, 1.0, 3.0, 1.0, 3.0, 1.0, 1.0, 3.0]
km["centers"] = 
[[-0.9094732778555557, -0.9799727497666666, 0.4827636481888889, 1.4066823794333334], [-0.3455247377, -1.1846332231999999, -0.03638926116666667, 1.5665472220666665], [-0.8329703165125001, -1.0214293168875, 0.40636641907500004, 1.448033214325], [-0.6220529647333333, -1.0936961278333335, 0.17286917606666666, 1.5428799164666664], [0.8758919333571428, -1.0636414186285712, -0.9208862826571427, 1.1086357679285714]]
km["size"] = 
[9, 3, 8, 3, 7]
##########################異常データ(標準化)##########################
[0.9795648398446273, -0.579154343104431, -0.5737427046754987, 1.7320508075558658]
[0.9971468880203915, -0.578607056925284, -0.5748382379936141, 1.7320508075617589]
[0.9946330605059359, -0.5796654560073717, -0.5727191480382825, 1.732050807547571]
[0.9923308312797454, -0.5808065080163293, -0.5704318065469335, 1.7320508075185868]
[0.9862844049883011, -0.583284256450032, -0.5654523771595042, 1.732050807427883]

[0.9869852478791574, -0.5830311315477806, -0.5659612624076247, 1.732050807448353]
[0.9861799567459465, -0.5836880610614761, -0.564639209582392, 1.732050807411308]
[0.986435737908301, -0.5834342401816685, -0.5651500124879056, 1.732050807428648]
[0.9868962983493839, -0.5835397409775396, -0.5649381975128304, 1.7320508074129384]
[0.9785142625463665, -0.5865176154689451, -0.5589299354741765, 1.7320508072444172]

[0.9482868100260566, -0.5818667544194559, -0.5683022035850503, 1.7320508074924346]
[0.9962363139442133, -0.5790816176879916, -0.5738884745170771, 1.7320508075562104]
[0.9917717024276784, -0.5811435590115168, -0.5697555581226493, 1.7320508075070855]
[0.972379033863102, -0.5896315323698401, -0.5526224208599414, 1.7320508069882983]
[0.9797737867137698, -0.5854664824248375, -0.5610541674231149, 1.732050807292306]

[0.9873236738147599, -0.5828036029544238, -0.5664197896135053, 1.7320508074457592]
[0.8791408782314247, -0.6155305362138866, -0.4991241604130361, 1.732050802619117]
[0.8956560124579734, -0.6123507283535277, -0.5057888367381669, 1.7320508039061853]
[0.940472993486288, -0.6012832791338409, -0.528786732050648, 1.7320508054620858]
[0.6858554814267874, -0.6847629139959351, -0.3460879758228164, 1.732050778778093]

[0.7027229881303843, -0.6691779915188599, -0.3819139748751094, 1.7320507862414845]
[0.8164251613070717, -0.6419846841610962, -0.4424789562303716, 1.7320507932924287]
[0.772154509273366, -0.6604057786856012, -0.4017288785897107, 1.7320507879499039]
[0.5911590469946149, -0.7009169363108126, -0.30798667401710567, 1.732050771020621]
[0.6238958827566982, -0.7027481770334303, -0.30361740443375185, 1.732050770676737]

[0.8358089095411187, -0.6198741021188173, -0.48996288896074486, 1.732050801532198]
[0.7568044420021768, -0.6532390185700224, -0.417700118133391, 1.7320507917142163]
[0.8176860779720754, -0.644130728678931, -0.43778225789553304, 1.7320507938341452]
[0.9699741634416416, -0.5883205858977054, -0.5552811330161253, 1.732050807098375]
[0.9716513161946774, -0.5799739338206105, -0.5721005670208557, 1.7320508075443743]

##########################逸脱度##########################
2.24787652573806
2.345950302851713
2.302790188753831
2.257876149303875
2.154563344559466

2.165931276254952
2.1420148595508564
2.1510978085664885
2.149770123658667
2.0186031232878467

2.041418015359563
2.3276791490309225
2.2451145202347025
1.8917360545182267
2.056111923118757

2.1739187778191185
0.6277824439247786
0.8185191995798495
1.3556884858467138
3.4230847587447593

2.6013114085529545
0.929614218768229
1.8926938588907083
4.7324337801436736
4.618271664866382

0.5954571471470779
1.6586709149991439
0.9631312229957744
1.9214406134175432
2.1892267674791683

##############################################################
タイムスロット0 = [270.5199764108782, 32.72216110727086, 170.47554166661783, 61.55007979779971, 2.24787652573806]
タイムスロット1 = [272.68320147187086, 32.82250048494578, 171.67131753032245, 61.757433193295704, 2.345950302851713]
タイムスロット2 = [272.2669142261813, 32.71961294695241, 171.3620999754177, 61.58694800171524, 2.302790188753831]
タイムスロット3 = [271.86700640664566, 32.609768001250124, 171.05477506306173, 61.40611199387892, 2.257876149303875]
タイムスロット4 = [270.87335753925504, 32.36790461462829, 170.32079234718776, 61.00557158726382, 2.154563344559466]
タイムスロット5 = [270.9848318619844, 32.39293634612205, 170.40108000058635, 61.047123113550235, 2.165931276254952]
タイムスロット6 = [270.8170091147827, 32.33104293292658, 170.25742590434643, 60.94678918021451, 2.1420148595508564]
タイムスロット7 = [270.87521529458377, 32.35481565438955, 170.30939286254574, 60.98514992811332, 2.1510978085664885]
タイムスロット8 = [270.91894455812303, 32.34653864113664, 170.3239752813265, 60.97338694567154, 2.149770123658667]
タイムスロット9 = [269.5913630921037, 32.0519968762248, 169.3708742989541, 60.4834578225886, 2.0186031232878467]
タイムスロット10 = [266.4846677410139, 32.386913070476844, 168.10607280294406, 60.93218189459265, 2.041418015359563]
タイムスロット11 = [272.52247141646586, 32.77700704600933, 171.54646597303218, 61.68258826003261, 2.3276791490309225]
タイムスロット12 = [271.76337295219776, 32.57765022202783, 170.97171707306987, 61.353578651838966, 2.2451145202347025]
タイムスロット13 = [268.51873899563236, 31.750976542061583, 168.54255561247726, 59.99031908306537, 1.8917360545182267]
タイムスロット14 = [269.8562581847854, 32.150924016287554, 169.59874572080224, 60.643827605622164, 2.056111923118757]
タイムスロット15 = [271.05008212765637, 32.41444503608912, 170.45463434137164, 61.082298361782044, 2.1739187778191185]
タイムスロット16 = [254.5322097932302, 29.09613406606911, 158.94777575497875, 55.55719401706427, 0.6277824439247786]
タイムスロット17 = [256.86020133684485, 29.44410530039748, 160.45321659174496, 56.14270121279049, 0.8185191995798495]
タイムスロット18 = [263.43364302299466, 30.592183457416805, 164.8721486355154, 58.07536979223101, 1.3556884858467138]
タイムスロット19 = [223.9448363453967, 21.977388026566956, 136.94702927239268, 44.00918625664578, 3.4230847587447593]
タイムスロット20 = [227.58125320878355, 23.524068723294768, 140.13849490570212, 46.40878964701915, 2.6013114085529545]
タイムスロット21 = [244.1693818412932, 26.425182994298282, 151.2471844565568, 51.245622697151845, 0.929614218768229]
タイムスロット22 = [236.90673440514914, 24.56281289370196, 145.87003497309462, 48.234448150739986, 1.8926938588907083]
タイムスロット23 = [210.77761706780393, 20.10989889847508, 128.5410226698197, 40.875373032750616, 4.7324337801436736]
タイムスロット24 = [214.59428109121026, 20.049018083852523, 130.4776011952731, 40.88711741092183, 4.618271664866382]
タイムスロット25 = [248.85656274336517, 28.563898151319368, 155.55771659204783, 54.601704296157514, 0.5954571471470779]
タイムスロット26 = [235.78612362188105, 25.199509595227937, 145.83412440410564, 49.15191490074822, 1.6586709149991439]
タイムスロット27 = [244.10156677607452, 26.238273084792503, 151.04032656992197, 50.94844804689522, 0.9631312229957744]
タイムスロット28 = [268.3720838467745, 31.863069967982995, 168.5723200920815, 60.16091857857134, 1.9214406134175432]
タイムスロット29 = [269.484021584905, 32.6252620099402, 169.85676695188002, 61.37445842196457, 2.1892267674791683]
