##########################通常データ(標準化)##########################
[1.2422451567304589, -0.3229443005122076, -0.5235596203610945, 1.7320425368052303]
[1.329317852078503, -0.22343170712718313, -0.5605071502892086, 1.7320458043791052]
[0.22839934324319455, -0.4729682216645209, -0.574139045733151, 1.73205078887703]
[1.22011888116084, -0.29896545450236695, -0.5736304586811037, 1.7320503986076194]
[1.197910155132639, -0.3684658012983044, -0.5700303371555726, 1.732049248592003]

[1.652893457971079, 0.047190804569655256, -0.5349221970354432, 1.7320412712931827]
[1.7168065720086285, 0.8711400370968608, -0.4987593531523628, 1.7319568737874937]
[1.1308414460133926, -0.3660655609339244, -0.5707046659567273, 1.7320501706635867]
[1.6871853897366924, 0.16034660508405035, -0.5371518077225524, 1.7320267622877503]
[1.6552215721279, 0.09053724713906869, -0.5532718732968822, 1.7320422085045721]

[1.6435180931568554, 0.013474744202879953, -0.5418045597008693, 1.732045547604606]
[1.696856920766638, 0.528855302507538, -0.5570696458325611, 1.7320465730955972]
[1.6612943749106264, 0.10164758185463381, -0.5195645769465715, 1.7320434054472298]
[1.7030913981196114, 0.8158062797720951, -0.569613181011284, 1.7320406943271043]
[1.7165064445517624, 1.5087506189488498, -0.5533595237359057, 1.7318996799944737]

[0.9233701458825009, -0.44093223540724485, -0.5645647005918508, 1.7320506168248866]
[1.4924179137656566, -0.2606797693411234, -0.5676885269767605, 1.7320487614779247]
[1.6671790489838478, 0.22629737500589694, -0.5695084110215314, 1.7320426046519413]
[1.6989737830637963, 0.6829493804825478, -0.5395539574921507, 1.732046870004755]
[1.7279145585374274, 0.6333953210066178, -0.5530715602510222, 1.7320350260109674]

[1.6708175687258928, -0.2649009292656222, -0.5719154478010416, 1.732049297521173]
[1.5916093647661964, -0.10279512993027777, -0.5509494984502569, 1.7320494714103638]
[1.6897478773625876, 0.20326924874400362, -0.5634606147416088, 1.7320478279134803]
[1.7002821849885958, 0.416802767818803, -0.5629468195366736, 1.7320211054970585]
[1.6819316078033761, 0.25954954996864105, -0.5431553335987195, 1.732042483715511]

[1.6245388278986872, 0.005887017954465376, -0.5669502523656481, 1.732045784333991]
[1.7179111999635577, 1.1573801660553547, -0.5558262048044961, 1.7319563638392466]
[1.4498106101432036, -0.2918419350138606, -0.553373198247115, 1.732047179689066]
[1.6201149071409522, 0.001630760496052994, -0.573482607752615, 1.732048960036824]
[1.5952199082557492, -0.03046732443512897, -0.565659189996936, 1.7320498500022583]

[1.031362312205004, -0.48594639088187297, -0.5666893100976218, 1.7320505785989553]
[0.7839618756921134, -0.5165672470992609, -0.5724940693804084, 1.7320505895706786]
[1.54300922238159, -0.13194899286606437, -0.5488840069253421, 1.7320398248297362]
[1.6420394077815104, 0.11070143233154232, -0.5364247086940839, 1.7320392735396386]
[1.0558017223581522, -0.44190444702838283, -0.5608578765686634, 1.732048543512831]

[1.06855542566234, -0.4004677149443401, -0.5706852483308247, 1.7320502120950816]
[1.5073113946500285, -0.16777872447219147, -0.569784320889284, 1.7320495547857735]
[1.3803128201581474, -0.32882658426170697, -0.547782060158762, 1.7320477590901542]
[1.6621315350060963, 0.2671815380808393, -0.5537280614524226, 1.7320372611099235]
[1.4236611498835778, -0.25767479048036296, -0.5549719364617219, 1.7320321921161812]

[1.6737884969327477, 0.4497893263571507, -0.5083589592394909, 1.732019160246951]
[1.5558311007329244, -0.1059741730087767, -0.5453175145158811, 1.732028134622812]
[0.9591529627671813, -0.48354366453583564, -0.5358010089056319, 1.7320460645390605]
[1.1309763348967028, -0.4142037673685602, -0.5207776251692107, 1.7320425523954548]
[0.4982619913144023, -0.564722777460668, -0.5643317877326153, 1.7320498526115797]

[0.6919284089032752, -0.5125032267126454, -0.5600164957453192, 1.7320466396706244]
[1.6488162857530688, 0.30416580274035643, -0.5234076446995184, 1.7320314352337023]
[0.9102209735340797, -0.4862148568756715, -0.5592003621312085, 1.7320492428513525]
[1.083431269445882, -0.4294934811464121, -0.5665180199605149, 1.7320497908984893]
[1.4746157531852178, -0.23770926790530886, -0.5543248013160074, 1.7320474238658068]

[0.6923697913126852, -0.5125884833238845, -0.5616870261189465, 1.7320505064800968]
[1.426977755554605, -0.22012019747765996, -0.5758386858845415, 1.7320495068198665]
[1.4116927394090548, -0.2687134442337731, -0.5574018054536569, 1.7320498653862897]
[1.4004189534533826, -0.2231187505267937, -0.5650989477766363, 1.732049002620055]
[1.1934911841866855, -0.3837710992253692, -0.569716326244063, 1.7320498887835547]

[1.396903942956039, -0.27437763654167696, -0.5665676531133018, 1.7320493913520527]
[1.0552914457802294, -0.396290607203657, -0.5674578396427759, 1.7320505009617033]
[1.073727169797078, -0.4451668759503897, -0.5691717139024732, 1.7320498895299001]
[1.4386268240654496, -0.2912616628631799, -0.5599026808105001, 1.7320488947730834]
[1.4302892292749434, -0.20809063328950392, -0.5634737552596972, 1.7320484239918676]

##########################クラスタ数##########################
12
##########################クラスタ数12個の時の平均##########################
cl[1] = [1.6998010717346603, 0.6111034326452459, -0.5572959009681673, 1.7320388107311289]
cl[2] = [1.5146370769430835, -0.18081818551869297, -0.557199834124655, 1.7320427399164107]
cl[3] = [1.6862882916342186, 0.20772180126556497, -0.5479225853542936, 1.7320390246389141]
cl[4] = [1.719784693765344, 1.0426665357769207, -0.5402541604859468, 1.7319619859080455]
cl[5] = [1.6535143943467048, 0.05754524051035918, -0.5401872868820586, 1.7320417770205865]
cl[6] = [1.6676996936408972, 0.31442274648129565, -0.5438651439044816, 1.7320330086696052]
cl[7] = [1.607870752015396, -0.03143616897872209, -0.564260387141364, 1.7320485164458592]
cl[8] = [1.4088011876976907, -0.2587457341815701, -0.5604917873455142, 1.732046802021772]
cl[9] = [1.0787483907698474, -0.4224423556821924, -0.5616077874536015, 1.7320490298320004]
cl[10] = [1.213441344302656, -0.34353666388456205, -0.5592341856104585, 1.7320480181971019]
cl[11] = [0.5789842820931341, -0.515869991252196, -0.5665336849420881, 1.732049675442002]
cl[12] = [0.9309146940612539, -0.4702302522729173, -0.553188690542897, 1.7320486414050997]
##########################クラスタ数12個の時の標準偏##########################
cl[1] = [0.002258879653172377, 0.15131308527819526, 0.011163288247879797, 1.051462601341615e-05]
cl[2] = [0.030499145632222432, 0.05962267952589058, 0.009869045544728405, 8.080264362895262e-06]
cl[3] = [0.0032534193509455344, 0.04062162795368769, 0.011257096981230862, 8.941068356296993e-06]
cl[4] = [0.004722838324087131, 0.3268477690557467, 0.02398095016133247, 4.815242708049729e-05]
cl[5] = [0.009387693598064148, 0.15707219761654864, 0.016601329081428598, 5.169815107265959e-06]
cl[6] = [0.004773153638426436, 0.09716296244985982, 0.025920027266306826, 1.0032363225477251e-05]
cl[7] = [0.014596409245849323, 0.04353011048565896, 0.00823743186774851, 1.6086903119889409e-06]
cl[8] = [0.033066052714217815, 0.037393932681909124, 0.007450751638520408, 5.007604604842793e-06]
cl[9] = [0.033381696713834556, 0.03426126417959814, 0.015709019553177224, 2.5192791032606455e-06]
cl[10] = [0.019451708373277723, 0.034098789620884654, 0.020654051929969136, 3.1908061822779426e-06]
cl[11] = [0.1985217121306848, 0.02915388865159929, 0.005730268815863862, 1.5500509688462937e-06]
cl[12] = [0.020676476940285512, 0.02074550812947261, 0.012488464979578782, 1.9065028641811364e-06]
##########################クラスタリング結果##########################
km["cluster"] = 
[10.0, 8.0, 11.0, 10.0, 10.0, 5.0, 4.0, 9.0, 3.0, 5.0, 5.0, 1.0, 5.0, 1.0, 4.0, 12.0, 2.0, 6.0, 1.0, 4.0, 5.0, 7.0, 3.0, 1.0, 3.0, 7.0, 4.0, 8.0, 7.0, 7.0, 9.0, 11.0, 2.0, 5.0, 9.0, 9.0, 2.0, 8.0, 6.0, 8.0, 6.0, 2.0, 12.0, 9.0, 11.0, 11.0, 5.0, 12.0, 9.0, 2.0, 11.0, 8.0, 8.0, 8.0, 10.0, 8.0, 9.0, 9.0, 8.0, 8.0]
km["centers"] = 
[1.6998010717346603, -0.5005749129404959, -0.863291980394813, -0.33593417839935147]
[1.5146370769430835, -0.7413802603987787, -1.0388806818787852, 0.2656238653344804]
[1.6862882916342186, -0.5865868607194704, -0.8717657333264502, -0.227935697588298]
[1.719784693765344, -0.4656237434001011, -0.7526408053018694, -0.5015201450633735]
[1.6535143943467048, -0.6269437752438212, -0.9265812020112714, -0.09998941709161206]
[1.6676996936408972, -0.5548175635566984, -0.9373748327412708, -0.17550729734292805]
[1.607870752015396, -0.6642285852414781, -0.9845645027828209, 0.04092233600890279]
[1.4088011876976907, -0.7919677198866586, -1.0807445826467768, 0.4639111148357449]
[1.0787483907698474, -0.9041033591705873, -1.0873791228072343, 0.912734091207974]
[1.213441344302656, -0.8540745799892802, -1.110230397200776, 0.7508636328874004]
[0.5789842820931341, -0.9135765740582377, -0.997945468195895, 1.332537760160999]
[0.9309146940612539, -0.9335004487111321, -1.0618650732881687, 1.064450827938047]
km["size"] = 
[4, 5, 3, 4, 7, 3, 4, 10, 8, 4, 5, 3]
##########################異常データ(標準化)##########################
[0.646341871103445, -0.41551905083129725, -0.5719256732515322, 1.7320508074730308]
[0.547859439213649, -0.4589820004444586, -0.5723978663043507, 1.7320507161968641]
[1.3867007593287122, -0.1532241759918625, -0.5666225500282693, 1.7320501490978846]
[1.310340721530936, -0.19009324555819765, -0.5694405119974316, 1.7320503498408155]
[1.1993526179207339, -0.29458688587588183, -0.5732275739215147, 1.732050320178549]

[1.6914042923721284, 0.5864668037232681, -0.5588625939952108, 1.7320472801056919]
[1.6829946719932172, 0.42681434564674653, -0.556211848537172, 1.7320440571891003]
[1.69095513251991, 0.43344600542711603, -0.5509139355077511, 1.7320402468211331]
[1.6749837784660382, -0.047815510193772746, -0.5584056906426208, 1.7320480893021482]
[1.6448162153127137, 0.21156430658852746, -0.5579095920109081, 1.7320488085624832]

[1.623561564538612, 0.01838759200880545, -0.5728120594546161, 1.732048253146566]
[1.158092193783693, -0.38293297995938785, -0.5688039411366776, 1.7320506026064724]
[1.5973747528986297, 0.035271000113694134, -0.5644187444622908, 1.732049650434055]
[1.5753754060569556, -0.03525209363303282, -0.576468021622589, 1.732050180261083]
[1.379383943901385, 1.7186406681796387, -0.5655350819365336, 1.7320502055826756]

[1.3411285137116427, 1.6907710389987367, -0.5720977186975442, 1.7320505526103935]
[1.5103302058611299, -0.3865914325008787, -0.569373602115324, 1.7320501826718753]
[1.6663871181637222, -0.06678153775720319, -0.5699270658975347, 1.7320480908176883]
[1.7014225487764785, 0.3694227052182854, -0.5685692344703822, 1.7320468693393156]
[1.4132026151392978, -0.31663119396286143, -0.563491716122002, 1.7320501014221403]

[1.6545220065535926, -0.15836609449044864, -0.5666413436706572, 1.732047861058537]
[1.522860722521856, -0.47786512794169067, -0.5132746363632527, 1.7320455417145086]
[1.6731673089251378, 0.12793821545318576, -0.5347105665976447, 1.7320475612327053]
[1.7099722300675984, 0.7793772194317744, -0.5683601090872645, 1.7320462715866025]
[1.5945189602080325, 0.00245564917594663, -0.5606760507742967, 1.7320468572465202]

[1.6517173124607027, 0.21918370430437242, -0.5661201720060034, 1.7320477199950433]
[1.6386132652116072, 0.1084135852598381, -0.5601268545311276, 1.7320478770580585]
[1.253750934395372, -0.40079290794058486, -0.5680944088524891, 1.732049341506241]
[1.5087502255924012, -0.16066021731755822, -0.5685233955701966, 1.7320497568621522]
[1.4138135689853264, -0.30650825067597165, -0.5692012602635583, 1.7320499712116004]

##########################逸脱度##########################
3.6581466252706543
2.3087356482609374
3.0876532946040736
3.76586475373687
1.8880793136646719

3.8095701875198107
3.611895483395882
4.130331907237273
2.8940099489504383
2.193061242901455

1.88949293388219
2.752980840900731
1.8337706817767485
2.868770989272208
31.137253169259974

31.952231975713204
3.781686201820602
2.6846734959569893
2.161851612668655
1.7350009014391976

2.4135459627712255
6.695076850217344
2.4380585359210816
3.066441696741625
1.6419630256585438

2.203917119819463
2.33650573352146
2.7331086725229765
1.490695998877054
1.8496950223888469

##############################################################
タイムスロット0 = [466.416166567794, 28.796368484764848, 320.0250263006884, 227.34275048709577, 107.35997336627992, 214.12159058914153, 66.48439974926912, 23.50051268624477, 12.990794408305003, 29.250074354370046, 3.6581466252706543, 14.139322259309106]
タイムスロット1 = [510.01357439693106, 32.09217657012978, 350.31153248959987, 248.1930211419813, 117.85161996256507, 234.75644530411125, 73.3019673219766, 26.641414816644872, 15.968143038878, 34.40053031924925, 2.3087356482609374, 18.629600193773214]
タイムスロット2 = [138.70739288261677, 4.422953411524775, 92.53488425319294, 70.6533527486366, 28.54379529735925, 59.09835250497515, 15.444538153407565, 3.0876532946040736, 12.13047325957413, 10.538562243319916, 13.091096318299655, 26.855303539337086]
タイムスロット3 = [172.50126754368011, 6.878843561207511, 115.99150888262751, 86.80441012222067, 36.66959668071834, 75.07475718668826, 20.747945359245772, 3.76586475373687, 9.728624976433423, 6.7707876641179086, 11.784966217853333, 22.838259041040427]
タイムスロット4 = [221.6353351069961, 10.678117456973775, 150.2009771116098, 110.29452452110434, 48.49937202588592, 98.34275527261022, 28.67563147580447, 6.667590972203047, 5.271488344381887, 1.8880793136646719, 8.30142235339063, 15.607217539504079]
タイムスロット5 = [3.8095701875198107, 14.12610973341398, 9.549954602424505, 6.465151266894407, 5.479788947944418, 5.90433565565429, 15.338348069209228, 24.165973211578443, 34.70595866065727, 36.71084075127398, 38.2785707159427, 62.833199028096665]
タイムスロット6 = [7.55629309571458, 11.591824816896663, 5.565400809349194, 8.220659438978872, 4.063837738348589, 3.611895483395882, 12.080958863631587, 20.13723553101475, 30.758625461330464, 33.08567211227571, 33.058221229083124, 56.55635041738691]
タイムスロット7 = [4.130331907237273, 11.834856231312239, 5.746684620943076, 6.601185770298341, 4.7051815374594455, 5.082593490794969, 13.247785864440798, 20.46530487734845, 31.19327072586448, 33.584877009567435, 33.706143319766866, 57.167338095761586]
タイムスロット8 = [11.85141491833378, 5.75063810794413, 7.317160234389472, 10.241394258041474, 2.8940099489504383, 4.336156471824378, 4.675259313260321, 9.836949551563487, 20.946668079345827, 25.262882861618532, 17.067191387054166, 41.350573944510394]
タイムスロット9 = [24.50296233707127, 7.880249352947786, 12.82518049127229, 16.19352502884298, 2.193061242901455, 5.184491300098453, 6.1803459708884745, 14.471093024861622, 25.100891612709244, 27.511528278179636, 25.573060697195473, 47.669358873758426]
タイムスロット10 = [34.017851160871075, 5.185164762327273, 19.98514338992989, 20.735807001189173, 3.9589857168502633, 9.917112266701372, 1.88949293388219, 9.996373745091942, 20.797160458764363, 23.614197558750337, 19.119365806981406, 40.9811280657364]
タイムスロット11 = [239.90787582126174, 12.267211240969688, 163.01659232925863, 119.03126488702497, 52.90369118229085, 107.02502836389225, 31.885908622521775, 8.386759584866045, 2.752980840900731, 3.209708565257158, 5.460435027285503, 11.876384425888597]
タイムスロット12 = [45.51942167336927, 4.664877133912056, 27.72130338185496, 26.1841504296379, 6.342865584103479, 15.123120371481352, 1.8337706817767485, 9.744056521976976, 20.492534818272603, 22.656500246055398, 19.591678165669574, 40.4200445590047]
タイムスロット13 = [55.285556306598565, 3.819211138964178, 34.727108474219676, 30.845617504423025, 8.777738992009537, 19.788689951315416, 2.868770989272208, 8.133380833671799, 18.71230245820153, 20.71489089359061, 17.322699303202363, 37.61979500771728]
タイムスロット14 = [142.04258183388362, 32.1895137547689, 101.42072358966703, 72.13610262500409, 31.137253169259974, 62.13775192936847, 43.1568068800554, 52.89605426685936, 63.140644009098665, 61.07990478283281, 76.75230220567947, 107.72457931426845]
タイムスロット15 = [158.95307923346758, 31.952231975713204, 112.22545983866924, 80.2321482758283, 34.95700559900807, 69.89970788045467, 43.60896988367286, 52.20335005556859, 62.18469493453045, 60.02777150648342, 75.79505649360956, 106.05523208463629]
タイムスロット16 = [84.15091142127395, 3.781686201820602, 56.074264534252194, 44.61849326160009, 15.695962012454341, 33.8076093554474, 10.615114257471866, 4.7951548772515515, 12.988453494767219, 15.337880571910546, 6.482704193990193, 28.3526391432275]
タイムスロット17 = [15.52227339791339, 5.524121736752555, 9.377181423750915, 12.003403403093468, 2.6846734959569893, 4.32889497768566, 4.1562324473130525, 9.418499358599133, 20.446729849742752, 24.665039816227914, 16.3915857893798, 40.56286111076303]
タイムスロット18 = [2.161851612668655, 11.14739624740686, 6.4512495791390805, 4.884727128596803, 5.8205775735751715, 7.283775531586367, 11.278373440050379, 19.018052417865693, 29.716359901027463, 32.66271522088011, 30.94312289191275, 55.038158904606874]
タイムスロット19 = [127.03018130859066, 4.1816514866756265, 84.94507678115164, 65.08082535349806, 25.797795897896247, 53.74489743753523, 14.892004463396457, 1.7350009014391976, 10.493590910817646, 10.322598093992603, 8.044842860839871, 24.498203409428488]
タイムスロット20 = [20.71474496172007, 4.742877172761419, 13.427418408158342, 14.451494810853006, 2.4135459627712255, 5.853475433763564, 4.355108581179571, 7.946996757884943, 18.900441385137707, 23.31966522756219, 13.457150059029535, 38.106163235412346]
タイムスロット21 = [78.76231832657639, 6.695076850217344, 53.08634904067475, 42.005763953273856, 14.43868381543706, 31.467976838751692, 13.447194486447435, 9.298349433206655, 13.820223800399411, 16.556180099963672, 10.853642927329146, 28.855000707047374]
タイムスロット22 = [12.40977659753852, 7.706066596856054, 4.73408447810099, 10.415060160578227, 2.4380585359210816, 2.687884545027379, 6.829175834819592, 13.522209573616278, 24.050165163027724, 27.407758993238883, 23.46792445579887, 46.07151686503062]
タイムスロット23 = [4.7955469244772555, 17.373682458293832, 15.968334172157483, 3.066441696741625, 7.805334080167566, 10.196773531452529, 19.951715652445245, 29.237010022886498, 39.867486134085524, 41.67196171583036, 44.84665040236422, 71.07004915445128]
タイムスロット24 = [46.788601885595284, 4.085645240518889, 28.69184810907575, 26.785280409117167, 6.488814181623924, 15.738400453582013, 1.6419630256585438, 8.963179525490162, 19.831126228598922, 22.065803946576438, 18.617462909832998, 39.375840702833656]
タイムスロット25 = [21.474842069093757, 8.149054454299357, 10.795899466173186, 14.778299817745483, 2.203917119819463, 3.8807213243834466, 6.516688233288913, 14.762317234320486, 25.41020840493808, 27.930724190385074, 25.81637657907573, 48.17632524730876]
タイムスロット26 = [27.305439889592325, 6.367745183445599, 14.928721766457455, 17.533731593305042, 2.33650573352146, 6.649762261187166, 3.8945154727397213, 12.031577882640105, 22.838127279615986, 25.56248021405168, 22.12734425211555, 44.158393085880476]
タイムスロット27 = [197.58332008351064, 9.416318940513674, 133.80679904421208, 98.79888417066005, 42.741779403178214, 87.05644939561242, 25.711092831346736, 6.14133269654348, 5.297979951185595, 2.7331086725229765, 5.220547768121163, 16.017179927190384]
タイムスロット28 = [84.74371471173924, 1.490695998877054, 55.361358726538356, 44.8877528873611, 15.653168282913928, 33.7125763771573, 7.469222656532497, 4.186555654757288, 14.986256836465305, 16.116596613258228, 13.057827232890862, 31.71012497542291]
タイムスロット29 = [126.75999053802657, 4.20142426065706, 84.73151201554609, 64.95373092112017, 25.74682613426261, 53.60855026878616, 14.760152485238109, 1.8496950223888469, 10.610032824867721, 10.387372806087397, 8.337122490428468, 24.695515565724325]
