##########################通常データ(標準化)##########################
[0.9628694005436791, -0.5939775691489201, -0.5437755420017486, 1.732050806510776]
[-0.540942730078065, -0.8891221300443329, 0.24339103515094182, 1.7320505937445487]
[-0.4153108261057596, -0.8787659354250379, 0.20497326608269104, 1.732050632222853]
[-0.17857850642908193, -0.8500341541141045, 0.10568033458685297, 1.7320506880585147]
[0.9878056299575998, -0.5829867365026794, -0.5660512252662626, 1.7320508074399508]

[0.7402454469752935, -0.6787640093616115, -0.3599954884417102, 1.7320507808149699]
[0.9128479739348976, -0.613241518625131, -0.5039319737701041, 1.732050803005217]
[0.8728276547814567, -0.630646616931295, -0.46702218509172594, 1.7320507973033996]
[0.9476912069296093, -0.5999369473055682, -0.5315622270449374, 1.7320508055443344]
[0.7069562203852818, -0.6783863987989863, -0.3608587134268145, 1.7320507807300312]

[-0.6421300353026623, -0.8917799904606073, 0.2536758701792848, 1.7320505723680724]
[-0.8312463381038621, -0.9333440513977939, 0.42895719989192627, 1.7320502209030255]
[-0.9112316362051549, -0.9454604861670229, 0.48868836373069635, 1.732050107687336]
[-0.9156610088930258, -0.946681139611365, 0.49504175589922333, 1.732050083138515]
[-0.8421179173482563, -0.9343069891908122, 0.43352023966272485, 1.7320502159588698]

[-0.9130842452262713, -0.9436036333143045, 0.4794242218536003, 1.7320500501303333]
[-0.8309283583568009, -0.9283952220412106, 0.40599037293255835, 1.7320502800695394]
[-0.44268488057173755, -0.863714359155901, 0.1520473659796874, 1.7320506780937575]
[-0.6830861287978804, -0.9049841053298672, 0.30544284298663577, 1.7320504898769162]
[-0.8028587226118391, -0.9312820529564914, 0.41907013906282825, 1.7320503010325508]

[-0.8929282536709546, -0.9409024131374939, 0.4657338552116815, 1.7320501112749334]
[-0.8299053703366919, -0.9344937125026356, 0.434307951618448, 1.7320502374834208]
[-0.903371601968707, -0.9443164451601246, 0.48294643435867934, 1.7320500697937165]
[-0.9170278429019344, -0.9516406909270169, 0.5212461814387559, 1.7320500720682521]
[-0.8427924848997396, -0.9384186692699016, 0.4532310839029018, 1.7320501918412914]

[-0.9184610393972905, -0.9536471213576575, 0.5323986430731867, 1.732049989118444]
[-0.8480390262557274, -0.9435839064402438, 0.4789312011937468, 1.7320501285779004]
[-0.9086933297925728, -0.9463291716761814, 0.4934314126836186, 1.732049998568893]
[-0.9048005425964024, -0.9429244000275231, 0.4758960944240373, 1.7320500842725568]
[-0.8358743141939202, -0.9340288942397457, 0.4321350681233733, 1.7320502373062436]

##########################クラスタ数##########################
4
##########################クラスタ数4個の時の平均##########################
cl[1] = [-0.48378885121419773, -0.8797334457549751, 0.21086845249434893, 1.7320506090607772]
cl[2] = [-0.9094732778502572, -0.9461672779309657, 0.4927563291859422, 1.7320500628947757]
cl[3] = [-0.8329703165133546, -0.9347316872548543, 0.4357679070485634, 1.7320502266466051]
cl[4] = [0.8758919333582595, -0.6254199709534559, -0.476171050720472, 1.7320507973355255]
##########################クラスタ数4個の時の標準偏##########################
cl[1] = [0.1671277117402375, 0.01830508843952856, 0.06632460870472562, 6.748877784317048e-08]
cl[2] = [0.007642580156824389, 0.003871965328965481, 0.020259079517361125, 4.094613936725077e-08]
cl[3] = [0.012936848948347804, 0.004281688346957874, 0.020616486819442413, 4.949045411131423e-08]
cl[4] = [0.10251081761308643, 0.03638141195942305, 0.07870837895690208, 1.0918443186974906e-08]
##########################クラスタリング結果##########################
km["cluster"] = 
[4.0, 1.0, 1.0, 1.0, 4.0, 4.0, 4.0, 4.0, 4.0, 4.0, 1.0, 3.0, 2.0, 2.0, 3.0, 2.0, 3.0, 1.0, 1.0, 3.0, 2.0, 3.0, 2.0, 2.0, 3.0, 2.0, 3.0, 2.0, 2.0, 3.0]
km["centers"] = 
[[-0.48378885121666665, -1.1391646755166667, 0.06823995745, 1.5547135692666665], [-0.9094732778555557, -0.9799727497666666, 0.4827636481888889, 1.4066823794333334], [-0.8329703165125001, -1.0214293168875, 0.40636641907500004, 1.448033214325], [0.8758919333571428, -1.0636414186285712, -0.9208862826571427, 1.1086357679285714]]
km["size"] = 
[6, 9, 8, 7]
##########################異常データ(標準化)##########################
[0.9628694005436791, -0.5939775691489201, -0.5437755420017486, 1.732050806510776]
[-0.540942730078065, -0.8891221300443329, 0.24339103515094182, 1.7320505937445487]
[-0.4153108261057596, -0.8787659354250379, 0.20497326608269104, 1.732050632222853]
[-0.17857850642908193, -0.8500341541141045, 0.10568033458685297, 1.7320506880585147]
[0.9878056299575998, -0.5829867365026794, -0.5660512252662626, 1.7320508074399508]

[0.7402454469752935, -0.6787640093616115, -0.3599954884417102, 1.7320507808149699]
[0.9128479739348976, -0.613241518625131, -0.5039319737701041, 1.732050803005217]
[0.8728276547814567, -0.630646616931295, -0.46702218509172594, 1.7320507973033996]
[0.9476912069296093, -0.5999369473055682, -0.5315622270449374, 1.7320508055443344]
[0.7069562203852818, -0.6783863987989863, -0.3608587134268145, 1.7320507807300312]

[-0.6421300353026623, -0.8917799904606073, 0.2536758701792848, 1.7320505723680724]
[-0.8312463381038621, -0.9333440513977939, 0.42895719989192627, 1.7320502209030255]
[-0.9112316362051549, -0.9454604861670229, 0.48868836373069635, 1.732050107687336]
[-0.9156610088930258, -0.946681139611365, 0.49504175589922333, 1.732050083138515]
[-0.8421179173482563, -0.9343069891908122, 0.43352023966272485, 1.7320502159588698]

[-0.9130842452262713, -0.9436036333143045, 0.4794242218536003, 1.7320500501303333]
[-0.8309283583568009, -0.9283952220412106, 0.40599037293255835, 1.7320502800695394]
[-0.44268488057173755, -0.863714359155901, 0.1520473659796874, 1.7320506780937575]
[-0.6830861287978804, -0.9049841053298672, 0.30544284298663577, 1.7320504898769162]
[-0.8028587226118391, -0.9312820529564914, 0.41907013906282825, 1.7320503010325508]

[-0.8929282536709546, -0.9409024131374939, 0.4657338552116815, 1.7320501112749334]
[-0.8299053703366919, -0.9344937125026356, 0.434307951618448, 1.7320502374834208]
[-0.903371601968707, -0.9443164451601246, 0.48294643435867934, 1.7320500697937165]
[-0.9170278429019344, -0.9516406909270169, 0.5212461814387559, 1.7320500720682521]
[-0.8427924848997396, -0.9384186692699016, 0.4532310839029018, 1.7320501918412914]

[-0.9184610393972905, -0.9536471213576575, 0.5323986430731867, 1.732049989118444]
[-0.8480390262557274, -0.9435839064402438, 0.4789312011937468, 1.7320501285779004]
[-0.9086933297925728, -0.9463291716761814, 0.4934314126836186, 1.732049998568893]
[-0.9048005425964024, -0.9429244000275231, 0.4758960944240373, 1.7320500842725568]
[-0.8358743141939202, -0.9340288942397457, 0.4321350681233733, 1.7320502373062436]

##########################逸脱度##########################
1.7060915852218557
0.8197357997316698
0.5443913992108564
3.1389223959464836
2.1708747970363156

2.89290887418689
0.7975397471237675
0.1872225581468596
1.428881218191987
3.0487389022110993

1.4292917242700691
0.4953702542891848
1.1503374327116769
0.9645127573555278
0.7538877690755726

1.0917278861842943
2.338035278172373
1.6306854584250232
2.9114991873506293
2.996972469227758

3.116195769710956
0.3349327236319546
1.0624314983310397
2.2367769587076456
1.5906073171438593

3.4914497193700753
3.733768121447997
1.5752066147016726
1.428448180937346
0.3934115504959449

##############################################################
タイムスロット0 = [21.369154851034022, 266.90885751291086, 167.32660617453732, 1.7060915852218557]
タイムスロット1 = [0.8197357997316698, 53.49654677982931, 27.660737405748986, 25.97763364286675]
タイムスロット2 = [0.5443913992108564, 69.84940147437912, 37.49155792130629, 22.59918927900217]
タイムスロット3 = [3.1389223959464836, 101.78682997743458, 57.38700128145623, 17.28427058990795]
タイムスロット4 = [22.049696297293295, 271.0879403059347, 170.45966649744057, 2.1708747970363156]
タイムスロット5 = [15.960428229709715, 231.17894898240039, 141.3415940104429, 2.89290887418689]
タイムスロット6 = [20.154123878166864, 258.83473221530363, 161.43795131824865, 0.7975397471237675]
タイムスロット7 = [19.060400629938147, 252.17425414278932, 156.46169083783917, 0.1872225581468596]
タイムスロット8 = [20.994720125067428, 264.44542411710455, 165.52292937896476, 1.428881218191987]
タイムスロット9 = [15.891145649376238, 227.1546107794633, 139.18323594708633, 3.0487389022110993]
タイムスロット10 = [1.4292917242700691, 41.413030843231425, 21.09625850294451, 27.989548395093692]
タイムスロット11 = [7.535981109354124, 11.855194455382518, 0.4953702542891848, 57.17043013237665]
タイムスロット12 = [9.600510417536139, 1.1503374327116769, 7.4324762842590735, 67.24006668988146]
タイムスロット13 = [9.95680317289471, 0.9645127573555278, 8.082024244007888, 69.38586956981362]
タイムスロット14 = [7.660408116414893, 10.467952070012345, 0.7538877690755726, 57.63510610473637]
タイムスロット15 = [10.186097134043013, 1.0917278861842943, 7.736152348849184, 72.19292022441363]
タイムスロット16 = [6.618112180706982, 13.159176927387167, 2.338035278172373, 52.12129368600225]
タイムスロット17 = [1.6306854584250232, 68.50168420015177, 38.18168370404119, 19.78206017608749]
タイムスロット18 = [2.9114991873506293, 34.42106650092796, 15.835117349996548, 34.37884771956729]
タイムスロット19 = [6.50081845052219, 16.013658790009725, 2.996972469227758, 50.343167965545724]
タイムスロット20 = [9.291327743834826, 3.116195769710956, 5.577116233717128, 66.81600407600246]
タイムスロット21 = [7.409518937685848, 11.999385316520726, 0.3349327236319546, 55.786100426770446]
タイムスロット22 = [9.97128257159284, 1.0624314983310397, 7.064496767166149, 70.47482249885006]
タイムスロット23 = [10.36149712489086, 2.2367769587076456, 9.206489901231839, 70.4222227577145]
タイムスロット24 = [8.15250245748123, 9.687748610220453, 1.5906073171438593, 59.748827934247686]
タイムスロット25 = [11.44334793364293, 3.4914497193700753, 10.401432518173936, 77.6621132291682]
タイムスロット26 = [9.161813999963341, 8.252287806381853, 3.733768121447997, 65.25442146047365]
タイムスロット27 = [10.93968573081254, 1.5752066147016726, 8.405889837526829, 76.7114935240746]
タイムスロット28 = [9.731153119792953, 1.428448180937346, 6.823090530790741, 69.20529533743705]
タイムスロット29 = [7.396495365311951, 11.387034734212365, 0.3934115504959449, 55.810749625632305]
