##########################通常データ(標準化)##########################
[1.2422451567304589, -0.3229443005122076, -0.5235596203610945, 1.7320425368052303]
[1.329317852078503, -0.22343170712718313, -0.5605071502892086, 1.7320458043791052]
[0.22839934324319455, -0.4729682216645209, -0.574139045733151, 1.73205078887703]
[1.22011888116084, -0.29896545450236695, -0.5736304586811037, 1.7320503986076194]
[1.197910155132639, -0.3684658012983044, -0.5700303371555726, 1.732049248592003]

[1.652893457971079, 0.047190804569655256, -0.5349221970354432, 1.7320412712931827]
[1.7168065720086285, 0.8711400370968608, -0.4987593531523628, 1.7319568737874937]
[1.1308414460133926, -0.3660655609339244, -0.5707046659567273, 1.7320501706635867]
[1.6871853897366924, 0.16034660508405035, -0.5371518077225524, 1.7320267622877503]
[1.6552215721279, 0.09053724713906869, -0.5532718732968822, 1.7320422085045721]

[1.6435180931568554, 0.013474744202879953, -0.5418045597008693, 1.732045547604606]
[1.696856920766638, 0.528855302507538, -0.5570696458325611, 1.7320465730955972]
[1.6612943749106264, 0.10164758185463381, -0.5195645769465715, 1.7320434054472298]
[1.7030913981196114, 0.8158062797720951, -0.569613181011284, 1.7320406943271043]
[1.7165064445517624, 1.5087506189488498, -0.5533595237359057, 1.7318996799944737]

[0.9233701458825009, -0.44093223540724485, -0.5645647005918508, 1.7320506168248866]
[1.4924179137656566, -0.2606797693411234, -0.5676885269767605, 1.7320487614779247]
[1.6671790489838478, 0.22629737500589694, -0.5695084110215314, 1.7320426046519413]
[1.6989737830637963, 0.6829493804825478, -0.5395539574921507, 1.732046870004755]
[1.7279145585374274, 0.6333953210066178, -0.5530715602510222, 1.7320350260109674]

[1.6708175687258928, -0.2649009292656222, -0.5719154478010416, 1.732049297521173]
[1.5916093647661964, -0.10279512993027777, -0.5509494984502569, 1.7320494714103638]
[1.6897478773625876, 0.20326924874400362, -0.5634606147416088, 1.7320478279134803]
[1.7002821849885958, 0.416802767818803, -0.5629468195366736, 1.7320211054970585]
[1.6819316078033761, 0.25954954996864105, -0.5431553335987195, 1.732042483715511]

[1.6245388278986872, 0.005887017954465376, -0.5669502523656481, 1.732045784333991]
[1.7179111999635577, 1.1573801660553547, -0.5558262048044961, 1.7319563638392466]
[1.4498106101432036, -0.2918419350138606, -0.553373198247115, 1.732047179689066]
[1.6201149071409522, 0.001630760496052994, -0.573482607752615, 1.732048960036824]
[1.5952199082557492, -0.03046732443512897, -0.565659189996936, 1.7320498500022583]

[1.031362312205004, -0.48594639088187297, -0.5666893100976218, 1.7320505785989553]
[0.7839618756921134, -0.5165672470992609, -0.5724940693804084, 1.7320505895706786]
[1.54300922238159, -0.13194899286606437, -0.5488840069253421, 1.7320398248297362]
[1.6420394077815104, 0.11070143233154232, -0.5364247086940839, 1.7320392735396386]
[1.0558017223581522, -0.44190444702838283, -0.5608578765686634, 1.732048543512831]

[1.06855542566234, -0.4004677149443401, -0.5706852483308247, 1.7320502120950816]
[1.5073113946500285, -0.16777872447219147, -0.569784320889284, 1.7320495547857735]
[1.3803128201581474, -0.32882658426170697, -0.547782060158762, 1.7320477590901542]
[1.6621315350060963, 0.2671815380808393, -0.5537280614524226, 1.7320372611099235]
[1.4236611498835778, -0.25767479048036296, -0.5549719364617219, 1.7320321921161812]

[1.6737884969327477, 0.4497893263571507, -0.5083589592394909, 1.732019160246951]
[1.5558311007329244, -0.1059741730087767, -0.5453175145158811, 1.732028134622812]
[0.9591529627671813, -0.48354366453583564, -0.5358010089056319, 1.7320460645390605]
[1.1309763348967028, -0.4142037673685602, -0.5207776251692107, 1.7320425523954548]
[0.4982619913144023, -0.564722777460668, -0.5643317877326153, 1.7320498526115797]

[0.6919284089032752, -0.5125032267126454, -0.5600164957453192, 1.7320466396706244]
[1.6488162857530688, 0.30416580274035643, -0.5234076446995184, 1.7320314352337023]
[0.9102209735340797, -0.4862148568756715, -0.5592003621312085, 1.7320492428513525]
[1.083431269445882, -0.4294934811464121, -0.5665180199605149, 1.7320497908984893]
[1.4746157531852178, -0.23770926790530886, -0.5543248013160074, 1.7320474238658068]

[0.6923697913126852, -0.5125884833238845, -0.5616870261189465, 1.7320505064800968]
[1.426977755554605, -0.22012019747765996, -0.5758386858845415, 1.7320495068198665]
[1.4116927394090548, -0.2687134442337731, -0.5574018054536569, 1.7320498653862897]
[1.4004189534533826, -0.2231187505267937, -0.5650989477766363, 1.732049002620055]
[1.1934911841866855, -0.3837710992253692, -0.569716326244063, 1.7320498887835547]

[1.396903942956039, -0.27437763654167696, -0.5665676531133018, 1.7320493913520527]
[1.0552914457802294, -0.396290607203657, -0.5674578396427759, 1.7320505009617033]
[1.073727169797078, -0.4451668759503897, -0.5691717139024732, 1.7320498895299001]
[1.4386268240654496, -0.2912616628631799, -0.5599026808105001, 1.7320488947730834]
[1.4302892292749434, -0.20809063328950392, -0.5634737552596972, 1.7320484239918676]

##########################クラスタ数##########################
12
##########################クラスタ数12個の時の平均##########################
cl[1] = [1.213441344302656, -0.34353666388456205, -0.5592341856104585, 1.7320480181971019]
cl[2] = [0.5789842820931341, -0.515869991252196, -0.5665336849420881, 1.732049675442002]
cl[3] = [1.4088011876976907, -0.2587457341815701, -0.5604917873455142, 1.732046802021772]
cl[4] = [0.9309146940612539, -0.4702302522729173, -0.553188690542897, 1.7320486414050997]
cl[5] = [1.0787483907698474, -0.4224423556821924, -0.5616077874536015, 1.7320490298320004]
cl[6] = [1.607870752015396, -0.03143616897872209, -0.564260387141364, 1.7320485164458592]
cl[7] = [1.6535143943467048, 0.05754524051035918, -0.5401872868820586, 1.7320417770205865]
cl[8] = [1.5146370769430835, -0.18081818551869297, -0.557199834124655, 1.7320427399164107]
cl[9] = [1.6998010717346603, 0.6111034326452459, -0.5572959009681673, 1.7320388107311289]
cl[10] = [1.6676996936408972, 0.31442274648129565, -0.5438651439044816, 1.7320330086696052]
cl[11] = [1.6862882916342186, 0.20772180126556497, -0.5479225853542936, 1.7320390246389141]
cl[12] = [1.719784693765344, 1.0426665357769207, -0.5402541604859468, 1.7319619859080455]
##########################クラスタ数12個の時の標準偏##########################
cl[1] = [0.019451708373277723, 0.034098789620884654, 0.020654051929969136, 3.1908061822779426e-06]
cl[2] = [0.1985217121306848, 0.02915388865159929, 0.005730268815863862, 1.5500509688462937e-06]
cl[3] = [0.033066052714217815, 0.037393932681909124, 0.007450751638520408, 5.007604604842793e-06]
cl[4] = [0.020676476940285512, 0.02074550812947261, 0.012488464979578782, 1.9065028641811364e-06]
cl[5] = [0.033381696713834556, 0.03426126417959814, 0.015709019553177224, 2.5192791032606455e-06]
cl[6] = [0.014596409245849323, 0.04353011048565896, 0.00823743186774851, 1.6086903119889409e-06]
cl[7] = [0.009387693598064148, 0.15707219761654864, 0.016601329081428598, 5.169815107265959e-06]
cl[8] = [0.030499145632222432, 0.05962267952589058, 0.009869045544728405, 8.080264362895262e-06]
cl[9] = [0.002258879653172377, 0.15131308527819526, 0.011163288247879797, 1.051462601341615e-05]
cl[10] = [0.004773153638426436, 0.09716296244985982, 0.025920027266306826, 1.0032363225477251e-05]
cl[11] = [0.0032534193509455344, 0.04062162795368769, 0.011257096981230862, 8.941068356296993e-06]
cl[12] = [0.004722838324087131, 0.3268477690557467, 0.02398095016133247, 4.815242708049729e-05]
##########################クラスタリング結果##########################
km["cluster"] = 
[1.0, 3.0, 2.0, 1.0, 1.0, 7.0, 12.0, 5.0, 11.0, 7.0, 7.0, 9.0, 7.0, 9.0, 12.0, 4.0, 8.0, 10.0, 9.0, 12.0, 7.0, 6.0, 11.0, 9.0, 11.0, 6.0, 12.0, 3.0, 6.0, 6.0, 5.0, 2.0, 8.0, 7.0, 5.0, 5.0, 8.0, 3.0, 10.0, 3.0, 10.0, 8.0, 4.0, 5.0, 2.0, 2.0, 7.0, 4.0, 5.0, 8.0, 2.0, 3.0, 3.0, 3.0, 1.0, 3.0, 5.0, 5.0, 3.0, 3.0]
km["centers"] = 
[1.213441344302656, -0.8540745799892802, -1.110230397200776, 0.7508636328874004]
[0.5789842820931341, -0.9135765740582377, -0.997945468195895, 1.332537760160999]
[1.4088011876976907, -0.7919677198866586, -1.0807445826467768, 0.4639111148357449]
[0.9309146940612539, -0.9335004487111321, -1.0618650732881687, 1.064450827938047]
[1.0787483907698474, -0.9041033591705873, -1.0873791228072343, 0.912734091207974]
[1.607870752015396, -0.6642285852414781, -0.9845645027828209, 0.04092233600890279]
[1.6535143943467048, -0.6269437752438212, -0.9265812020112714, -0.09998941709161206]
[1.5146370769430835, -0.7413802603987787, -1.0388806818787852, 0.2656238653344804]
[1.6998010717346603, -0.5005749129404959, -0.863291980394813, -0.33593417839935147]
[1.6676996936408972, -0.5548175635566984, -0.9373748327412708, -0.17550729734292805]
[1.6862882916342186, -0.5865868607194704, -0.8717657333264502, -0.227935697588298]
[1.719784693765344, -0.4656237434001011, -0.7526408053018694, -0.5015201450633735]
km["size"] = 
[4, 5, 10, 3, 8, 4, 7, 5, 4, 3, 3, 4]
##########################異常データ(標準化)##########################
[-0.0013725934855322922, -0.5195291974786523, -0.5731144029458809, 1.7320508009949525]
[0.13476257579818496, -0.45921021558462544, -0.5738368043810478, 1.7320507907592768]
[-0.1643704856412497, -0.5073025147436548, -0.5742793609622902, 1.7320508011883853]
[0.08349777062985742, -0.4666884874119266, -0.5751548803009563, 1.7320507923151323]
[0.5979738669385243, -0.3979038874279534, -0.571692017418496, 1.7320507201574844]

[0.5106189211113265, -0.4109759505455157, -0.5754323277347353, 1.7320507289793878]
[0.7011373857321986, -0.33852627362703824, -0.575341552800241, 1.7320506834607543]
[1.0048980144456228, -0.3341065582278499, -0.5681398853833123, 1.732050372732781]
[0.8080902098346474, -0.3770403757437533, -0.5732554108792117, 1.7320505356700728]
[0.8954423630079897, -0.3304277605811231, -0.5731097289626712, 1.7320504764514804]

[0.47753366927195706, -0.4498702955562684, -0.5680816887108948, 1.7320506177243074]
[0.743590459358751, -0.36720987896905266, -0.5696115110088625, 1.732050599599264]
[1.4837859934436466, -0.09893834245798629, -0.5723557575393989, 1.7320502817910721]
[0.5079861275826585, -0.4746049935376032, -0.5690083416519219, 1.7320507334048603]
[0.17971487988907608, -0.49365807916739873, -0.5703931530483808, 1.7320507833159429]

[0.8755948617968324, -0.39164927843015857, -0.5707839228304277, 1.7320506195129624]
[0.8188095082783938, -0.36581451124474984, -0.5738656094899675, 1.7320506077665927]
[-0.004608144606878922, -0.4923392337698674, -0.5741339084640843, 1.7320508047050132]
[1.1592114126284068, -0.3177617302820336, -0.5727438284985985, 1.7320502288399093]
[0.8183707582531662, -0.3856738017488196, -0.5692125517336349, 1.7320507144191508]

[1.0492031932807067, -0.3214237014408759, -0.5713097927534975, 1.7320506085435137]
[0.6554864411342904, -0.4107713497925918, -0.5717082583024224, 1.732050736210222]
[0.8268542455379265, -0.38210623941198124, -0.5707599700985627, 1.7320507102433875]
[0.7516014644534744, -0.4536060731751419, -0.5688608387604696, 1.7320506129036317]
[0.5918794911444115, -0.4351537772128965, -0.5696125677209646, 1.7320507151601718]

[1.0705360698945978, -0.33212899410119684, -0.5685109470771823, 1.732050530077213]
[0.984791637046583, -0.4766574856083794, -0.5719873006110806, 1.7320505837652331]
[0.7722633494649112, -0.42249235656272993, -0.5752256558351434, 1.7320506441908523]
[0.8167889440485241, -0.35317964489833503, -0.5744517299315544, 1.7320506703583498]
[1.0013518568597604, -0.40210806412595146, -0.5647064778722534, 1.7320506036837386]

[1.1137808019402717, -0.36384141831718975, -0.5719958808033989, 1.7320507112693253]
[0.547859439213649, -0.4589820004444586, -0.5723978663043507, 1.7320507161968641]
[1.3867007593287122, -0.1532241759918625, -0.5666225500282693, 1.7320501490978846]
[1.310340721530936, -0.19009324555819765, -0.5694405119974316, 1.7320503498408155]
[1.1993526179207339, -0.29458688587588183, -0.5732275739215147, 1.732050320178549]

[1.6914042923721284, 0.5864668037232681, -0.5588625939952108, 1.7320472801056919]
[1.6829946719932172, 0.42681434564674653, -0.556211848537172, 1.7320440571891003]
[1.69095513251991, 0.43344600542711603, -0.5509139355077511, 1.7320402468211331]
[1.6749837784660382, -0.047815510193772746, -0.5584056906426208, 1.7320480893021482]
[1.6448162153127137, 0.21156430658852746, -0.5579095920109081, 1.7320488085624832]

[1.623561564538612, 0.01838759200880545, -0.5728120594546161, 1.732048253146566]
[1.158092193783693, -0.38293297995938785, -0.5688039411366776, 1.7320506026064724]
[1.5973747528986297, 0.035271000113694134, -0.5644187444622908, 1.732049650434055]
[1.5753754060569556, -0.03525209363303282, -0.576468021622589, 1.732050180261083]
[1.379383943901385, 1.7186406681796387, -0.5655350819365336, 1.7320502055826756]

[1.3411285137116427, 1.6907710389987367, -0.5720977186975442, 1.7320505526103935]
[1.5103302058611299, -0.3865914325008787, -0.569373602115324, 1.7320501826718753]
[1.6663871181637222, -0.06678153775720319, -0.5699270658975347, 1.7320480908176883]
[1.7014225487764785, 0.3694227052182854, -0.5685692344703822, 1.7320468693393156]
[1.4132026151392978, -0.31663119396286143, -0.563491716122002, 1.7320501014221403]

[1.6545220065535926, -0.15836609449044864, -0.5666413436706572, 1.732047861058537]
[1.522860722521856, -0.47786512794169067, -0.5132746363632527, 1.7320455417145086]
[1.6731673089251378, 0.12793821545318576, -0.5347105665976447, 1.7320475612327053]
[1.7099722300675984, 0.7793772194317744, -0.5683601090872645, 1.7320462715866025]
[1.5945189602080325, 0.00245564917594663, -0.5606760507742967, 1.7320468572465202]

[1.6517173124607027, 0.21918370430437242, -0.5661201720060034, 1.7320477199950433]
[1.6386132652116072, 0.1084135852598381, -0.5601268545311276, 1.7320478770580585]
[1.253750934395372, -0.40079290794058486, -0.5680944088524891, 1.732049341506241]
[1.5087502255924012, -0.16066021731755822, -0.5685233955701966, 1.7320497568621522]
[1.4138135689853264, -0.30650825067597165, -0.5692012602635583, 1.7320499712116004]

##########################逸脱度##########################
3.226160091322582
3.3054783483422145
4.057321466811942
3.4435391933779593
4.200773353346821

3.9921560250955803
6.3377654200814755
3.463950402844828
5.0687348222092234
6.1832110891458125

2.414258162475409
5.22807995067155
2.477645742778084
1.6684332529495236
2.364301894369083

4.616098972113107
5.472665911086362
3.4034008636683075
3.0416662900690183
4.697392595210716

3.2017211516366593
3.798424421221656
4.857996465674733
2.4182570237443666
2.8996769496987507

2.7489734758827997
2.6901244419181505
3.7280061206063815
5.907377209697773
2.4813362896210482

2.215764865793239
2.3087356482609374
3.0876532946040736
3.76586475373687
1.8880793136646719

3.8095701875198107
3.611895483395882
4.130331907237273
2.8940099489504383
2.193061242901455

1.88949293388219
2.752980840900731
1.8337706817767485
2.868770989272208
31.137253169259974

31.952231975713204
3.781686201820602
2.6846734959569893
2.161851612668655
1.7350009014391976

2.4135459627712255
6.695076850217344
2.4380585359210816
3.066441696741625
1.6419630256585438

2.203917119819463
2.33650573352146
2.7331086725229765
1.490695998877054
1.8496950223888469

##############################################################
タイムスロット0 = [62.675392676539445, 3.226160091322582, 43.25419617046981, 45.1942295299549, 32.4963955053639, 110.83229667262906, 176.3406698255882, 50.06612821322837, 753.1443099205424, 349.79078312814494, 519.0498544129996, 364.471403675872]
タイムスロット1 = [55.56914638726525, 3.3054783483422145, 38.95062067114632, 38.56083667020133, 28.318234006501704, 101.41647491502081, 161.83667923629693, 45.52548994114711, 692.8769980671167, 321.2637903447385, 477.1806888939347, 335.64739982740457]
タイムスロット2 = [71.00415983256819, 4.057321466811942, 48.08098502963755, 53.04165492033348, 37.33715113978696, 121.92172813916685, 193.6976676091796, 55.35868958394346, 825.2990674073737, 383.9270845205069, 569.1136088212843, 398.9804873976453]
タイムスロット3 = [58.21344440916931, 3.4435391933779593, 40.5200753281179, 41.03818172471013, 29.862871476042304, 104.93023519527792, 167.2976454354596, 47.21382823361055, 715.5713102309429, 332.00264678950424, 492.9353570263498, 346.5013552373164]
タイムスロット4 = [31.69799321060032, 4.200773353346821, 24.860047724368524, 16.57787653739018, 14.450003855290774, 69.71764195166757, 112.50543966224936, 30.326787315025058, 487.82456446596916, 224.24240825464383, 334.8553176544386, 237.58060134948863]
タイムスロット5 = [36.20421077143239, 3.9921560250955803, 27.550905067620725, 20.63313772690702, 17.058552932972542, 75.70132479832432, 121.81135897112587, 33.21127555990398, 526.4948268294997, 242.5387424018224, 361.69568177816905, 256.07469057041436]
タイムスロット6 = [26.3624117100023, 6.3377654200814755, 21.613653805340533, 12.96519781901022, 11.62556342853425, 62.548577009139045, 101.51756257894223, 26.884643426573625, 442.15469086556834, 202.62250180288723, 303.1158044857083, 215.73962577776646]
タイムスロット7 = [10.75864681707944, 6.614701947512366, 12.443105104642546, 7.623360301383646, 3.463950402844828, 41.909276964884675, 69.17765944910968, 16.97241619922979, 307.6986447802093, 139.03458003578442, 209.87402758176472, 151.44220610539367]
タイムスロット8 = [20.88794380254322, 5.0687348222092234, 18.53477662490819, 7.6834083743157295, 8.27057912820859, 55.39017483755443, 90.13707483561548, 23.475044866728297, 394.81619709748475, 180.24515241742716, 270.32680832668757, 193.1020514375001]
タイムスロット9 = [16.384562524454136, 6.6771960294932216, 15.75165211576801, 7.199122377400766, 6.1832110891458125, 49.3161543614193, 80.83130130382237, 20.54226531490514, 356.14636343114597, 161.9412007095317, 243.45584609341705, 174.6094341884672]
タイムスロット10 = [37.97200629287371, 2.414258162475409, 28.652129306672443, 22.006136095251183, 18.043815511612742, 78.04602258962558, 125.33291112912163, 34.33402125129872, 541.1419771389378, 249.47781313901416, 371.89268206027936, 263.07924005939964]
タイムスロット11 = [24.183469832700474, 5.22807995067155, 20.376600267417846, 10.465376353208192, 10.200574862674353, 59.72973112755471, 96.99624146530057, 25.52304888934927, 423.3641834924072, 193.74313263768713, 290.1107622785855, 206.75333707368992]
タイムスロット12 = [15.669183633293494, 15.049198318389456, 5.1405021217161595, 32.22416474958618, 15.397853175434516, 8.765986505074455, 18.28484833955052, 2.477645742778084, 95.76007981548618, 38.818792370444385, 62.74923530413209, 50.14301803756912]
タイムスロット13 = [36.48312513059863, 1.6684332529495236, 27.882269428707875, 20.524201244737586, 17.185484084564475, 76.05240284271693, 122.09612138589578, 33.40774761246876, 527.664347088946, 243.10992526944028, 362.56997508150494, 256.63409997636086]
タイムスロット14 = [53.33504813963565, 2.364301894369083, 37.729554155527765, 36.39212175036244, 27.02677689509994, 98.4303605649891, 157.0521346720828, 44.11404497239084, 672.97969684494, 311.8580294621761, 463.40179281590133, 326.13139745510006]
タイムスロット15 = [17.453712291073213, 4.616098972113107, 16.58772788999791, 4.9565817619395185, 6.211589175841107, 50.8690755910001, 82.95333305189011, 21.31593022042764, 364.937796381978, 166.1215491582333, 249.63006115032792, 178.81415701956516]
タイムスロット16 = [20.32685530271607, 5.472665911086362, 18.175919668215407, 7.650789401357232, 8.022987628529314, 54.62953863983117, 88.99516460800145, 23.107048138606437, 390.07048881683346, 177.99697038015296, 267.0226616788426, 190.83254304350967]
タイムスロット17 = [62.78124414022426, 3.4034008636683075, 43.245249690366286, 45.3035832464522, 32.535072931330916, 110.99277028398947, 176.68240775218234, 50.12530512251948, 754.5750247976772, 350.46182073330345, 520.0215451954492, 365.15550044185807]
タイムスロット18 = [3.0416662900690183, 7.4846461560615545, 7.914464354845892, 13.381773950947426, 3.984255021898182, 31.468433698610735, 52.77034366357926, 12.017577588410745, 239.40278159412176, 106.74900795679966, 162.54248225423578, 118.78897088827908]
タイムスロット19 = [20.37115392256619, 4.697392595210716, 18.23024831753759, 7.0049098965409815, 7.916652681097764, 54.71775638907121, 89.04022965710837, 23.13927405415325, 390.26555338465363, 178.09599420399854, 267.1804202145313, 190.92548881248726]
タイムスロット20 = [8.52713751157151, 7.152035716981776, 11.124932705548941, 9.346137929392535, 3.2017211516366593, 38.88092033191932, 64.46781081363197, 15.538284983998588, 288.0887945445143, 129.7594916784734, 196.26821394339888, 142.06611734906093]
タイムスロット21 = [28.770753576098066, 3.798424421221656, 23.20424248438277, 13.75012803881328, 12.7183717590966, 65.84787509408278, 106.38523310480107, 28.487634850461067, 462.3678194025421, 212.20521177190108, 317.2118237626156, 225.4066271631368]
タイムスロット22 = [19.932043821054382, 4.857996465674733, 17.975951377273116, 6.821328836253349, 7.688345108810593, 54.13339563915519, 88.13851299253837, 22.864842637940384, 386.510511998835, 176.3190859794272, 264.57307777435113, 189.12998606054677]
タイムスロット23 = [23.97964338201122, 2.4182570237443666, 20.591878883419117, 8.859776771421208, 9.873150273450454, 59.47618617311886, 96.15976711872061, 25.479240385914938, 419.8271883313166, 192.10038616556773, 287.76352140662743, 205.06312897024557]
タイムスロット24 = [32.081933297239345, 2.8996769496987507, 25.194021195855232, 16.57220216718456, 14.613839612354264, 70.23702543616804, 113.15852416550725, 30.59623405236995, 490.5252140242187, 225.53089534429333, 336.76737814001234, 238.87239672932023]
タイムスロット25 = [7.409921305220045, 6.8025615538613575, 10.498396793726416, 9.612483846436536, 2.7489734758827997, 37.4797482774961, 62.19626880308551, 14.856280528385513, 278.6477152405257, 125.30144105791588, 189.7422931345727, 137.5516820178006]
タイムスロット26 = [12.427494083820006, 2.6901244419181505, 14.189509281645293, 3.192107451320521, 3.3530752458965876, 43.92418416295895, 71.36117620343244, 18.15516844200407, 316.6191077617513, 143.3190041551915, 216.28990627002497, 155.7111855082557]
タイムスロット27 = [22.826554836497134, 3.7280061206063815, 19.855881390107722, 8.269700418146144, 9.244301025552792, 57.978428148602546, 93.9621109267702, 24.762830190626183, 410.6799728312575, 187.7638509656412, 281.3843544637525, 200.68922178726208]
タイムスロット28 = [20.42383473552358, 5.907377209697773, 18.194379134112047, 8.144444404680712, 8.170745041684512, 54.72906806905025, 89.20885453483368, 23.149775701911818, 390.96370479204853, 178.41508698572568, 267.6270825647016, 191.25955730332893]
タイムスロット29 = [11.070731053726226, 4.495925890932945, 12.939604814198258, 4.929283944212116, 2.4813362896210482, 42.43602309779046, 69.56818996970631, 17.278103341510594, 309.2768491430299, 139.81122243916238, 211.07199132985846, 152.1976249605468]
タイムスロット30 = [5.262966014423061, 5.983750950415034, 9.512999355972036, 10.390626966696566, 2.215764865793239, 34.74024351406451, 57.61410188659601, 13.615710336526872, 259.51542010097694, 116.27704952544472, 176.55043091906776, 128.40567784475462]
タイムスロット31 = [34.40053031924925, 2.3087356482609374, 26.641414816644872, 18.629600193773214, 15.968143038878, 73.3019673219766, 117.85161996256507, 32.09217657012978, 510.01357439693106, 234.75644530411125, 350.31153248959987, 248.1930211419813]
タイムスロット32 = [10.538562243319916, 13.091096318299655, 3.0876532946040736, 26.855303539337086, 12.13047325957413, 15.444538153407565, 28.54379529735925, 4.422953411524775, 138.70739288261677, 59.09835250497515, 92.53488425319294, 70.6533527486366]
タイムスロット33 = [6.7707876641179086, 11.784966217853333, 3.76586475373687, 22.838259041040427, 9.728624976433423, 20.747945359245772, 36.66959668071834, 6.878843561207511, 172.50126754368011, 75.07475718668826, 115.99150888262751, 86.80441012222067]
タイムスロット34 = [1.8880793136646719, 8.30142235339063, 6.667590972203047, 15.607217539504079, 5.271488344381887, 28.67563147580447, 48.49937202588592, 10.678117456973775, 221.6353351069961, 98.34275527261022, 150.2009771116098, 110.29452452110434]
タイムスロット35 = [36.71084075127398, 38.2785707159427, 24.165973211578443, 62.833199028096665, 34.70595866065727, 15.338348069209228, 5.479788947944418, 14.12610973341398, 3.8095701875198107, 5.90433565565429, 9.549954602424505, 6.465151266894407]
タイムスロット36 = [33.08567211227571, 33.058221229083124, 20.13723553101475, 56.55635041738691, 30.758625461330464, 12.080958863631587, 4.063837738348589, 11.591824816896663, 7.55629309571458, 3.611895483395882, 5.565400809349194, 8.220659438978872]
タイムスロット37 = [33.584877009567435, 33.706143319766866, 20.46530487734845, 57.167338095761586, 31.19327072586448, 13.247785864440798, 4.7051815374594455, 11.834856231312239, 4.130331907237273, 5.082593490794969, 5.746684620943076, 6.601185770298341]
タイムスロット38 = [25.262882861618532, 17.067191387054166, 9.836949551563487, 41.350573944510394, 20.946668079345827, 4.675259313260321, 2.8940099489504383, 5.75063810794413, 11.85141491833378, 4.336156471824378, 7.317160234389472, 10.241394258041474]
タイムスロット39 = [27.511528278179636, 25.573060697195473, 14.471093024861622, 47.669358873758426, 25.100891612709244, 6.1803459708884745, 2.193061242901455, 7.880249352947786, 24.50296233707127, 5.184491300098453, 12.82518049127229, 16.19352502884298]
タイムスロット40 = [23.614197558750337, 19.119365806981406, 9.996373745091942, 40.9811280657364, 20.797160458764363, 1.88949293388219, 3.9589857168502633, 5.185164762327273, 34.017851160871075, 9.917112266701372, 19.98514338992989, 20.735807001189173]
タイムスロット41 = [3.209708565257158, 5.460435027285503, 8.386759584866045, 11.876384425888597, 2.752980840900731, 31.885908622521775, 52.90369118229085, 12.267211240969688, 239.90787582126174, 107.02502836389225, 163.01659232925863, 119.03126488702497]
タイムスロット42 = [22.656500246055398, 19.591678165669574, 9.744056521976976, 40.4200445590047, 20.492534818272603, 1.8337706817767485, 6.342865584103479, 4.664877133912056, 45.51942167336927, 15.123120371481352, 27.72130338185496, 26.1841504296379]
タイムスロット43 = [20.71489089359061, 17.322699303202363, 8.133380833671799, 37.61979500771728, 18.71230245820153, 2.868770989272208, 8.777738992009537, 3.819211138964178, 55.285556306598565, 19.788689951315416, 34.727108474219676, 30.845617504423025]
タイムスロット44 = [61.07990478283281, 76.75230220567947, 52.89605426685936, 107.72457931426845, 63.140644009098665, 43.1568068800554, 31.137253169259974, 32.1895137547689, 142.04258183388362, 62.13775192936847, 101.42072358966703, 72.13610262500409]
タイムスロット45 = [60.02777150648342, 75.79505649360956, 52.20335005556859, 106.05523208463629, 62.18469493453045, 43.60896988367286, 34.95700559900807, 31.952231975713204, 158.95307923346758, 69.89970788045467, 112.22545983866924, 80.2321482758283]
タイムスロット46 = [15.337880571910546, 6.482704193990193, 4.7951548772515515, 28.3526391432275, 12.988453494767219, 10.615114257471866, 15.695962012454341, 3.781686201820602, 84.15091142127395, 33.8076093554474, 56.074264534252194, 44.61849326160009]
タイムスロット47 = [24.665039816227914, 16.3915857893798, 9.418499358599133, 40.56286111076303, 20.446729849742752, 4.1562324473130525, 2.6846734959569893, 5.524121736752555, 15.52227339791339, 4.32889497768566, 9.377181423750915, 12.003403403093468]
タイムスロット48 = [32.66271522088011, 30.94312289191275, 19.018052417865693, 55.038158904606874, 29.716359901027463, 11.278373440050379, 5.8205775735751715, 11.14739624740686, 2.161851612668655, 7.283775531586367, 6.4512495791390805, 4.884727128596803]
タイムスロット49 = [10.322598093992603, 8.044842860839871, 1.7350009014391976, 24.498203409428488, 10.493590910817646, 14.892004463396457, 25.797795897896247, 4.1816514866756265, 127.03018130859066, 53.74489743753523, 84.94507678115164, 65.08082535349806]
タイムスロット50 = [23.31966522756219, 13.457150059029535, 7.946996757884943, 38.106163235412346, 18.900441385137707, 4.355108581179571, 2.4135459627712255, 4.742877172761419, 20.71474496172007, 5.853475433763564, 13.427418408158342, 14.451494810853006]
タイムスロット51 = [16.556180099963672, 10.853642927329146, 9.298349433206655, 28.855000707047374, 13.820223800399411, 13.447194486447435, 14.43868381543706, 6.695076850217344, 78.76231832657639, 31.467976838751692, 53.08634904067475, 42.005763953273856]
タイムスロット52 = [27.407758993238883, 23.46792445579887, 13.522209573616278, 46.07151686503062, 24.050165163027724, 6.829175834819592, 2.4380585359210816, 7.706066596856054, 12.40977659753852, 2.687884545027379, 4.73408447810099, 10.415060160578227]
タイムスロット53 = [41.67196171583036, 44.84665040236422, 29.237010022886498, 71.07004915445128, 39.867486134085524, 19.951715652445245, 7.805334080167566, 17.373682458293832, 4.7955469244772555, 10.196773531452529, 15.968334172157483, 3.066441696741625]
タイムスロット54 = [22.065803946576438, 18.617462909832998, 8.963179525490162, 39.375840702833656, 19.831126228598922, 1.6419630256585438, 6.488814181623924, 4.085645240518889, 46.788601885595284, 15.738400453582013, 28.69184810907575, 26.785280409117167]
タイムスロット55 = [27.930724190385074, 25.81637657907573, 14.762317234320486, 48.17632524730876, 25.41020840493808, 6.516688233288913, 2.203917119819463, 8.149054454299357, 21.474842069093757, 3.8807213243834466, 10.795899466173186, 14.778299817745483]
タイムスロット56 = [25.56248021405168, 22.12734425211555, 12.031577882640105, 44.158393085880476, 22.838127279615986, 3.8945154727397213, 2.33650573352146, 6.367745183445599, 27.305439889592325, 6.649762261187166, 14.928721766457455, 17.533731593305042]
タイムスロット57 = [2.7331086725229765, 5.220547768121163, 6.14133269654348, 16.017179927190384, 5.297979951185595, 25.711092831346736, 42.741779403178214, 9.416318940513674, 197.58332008351064, 87.05644939561242, 133.80679904421208, 98.79888417066005]
タイムスロット58 = [16.116596613258228, 13.057827232890862, 4.186555654757288, 31.71012497542291, 14.986256836465305, 7.469222656532497, 15.653168282913928, 1.490695998877054, 84.74371471173924, 33.7125763771573, 55.361358726538356, 44.8877528873611]
タイムスロット59 = [10.387372806087397, 8.337122490428468, 1.8496950223888469, 24.695515565724325, 10.610032824867721, 14.760152485238109, 25.74682613426261, 4.20142426065706, 126.75999053802657, 53.60855026878616, 84.73151201554609, 64.95373092112017]
