##########################通常データ(標準化)##########################
[-0.3972175136252055, -0.5989291071559584, -0.5225286074938014, 1.7320493571902058]
[1.4409108071591255, -0.2213127085738227, -0.5223601699852293, 1.7320330926322098]
[1.6936424486896184, 0.7987541097383267, -0.5702843929213945, 1.7319410158466237]
[0.11392992274906823, -0.553395601952988, -0.5587612090090807, 1.7320495212707736]
[1.6321589458554633, 0.051310034334562556, -0.5561472951354229, 1.7320301410964425]

[-0.1157304359641453, -0.5131373769099927, -0.5758666247531097, 1.7320508004023902]
[1.7149422352479897, 1.0828317349655687, -0.5604739400531439, 1.7319951519524914]
[0.30942120047980737, -0.479468410334978, -0.5757881796638032, 1.7320506787377619]
[0.882936104320667, -0.4213609790056648, -0.5743026277284496, 1.7320489586653542]
[1.5736886611693004, -0.19665254464489407, -0.5591781881553751, 1.7320131798434661]

[1.683528287471104, 0.22623811842473177, -0.5550739879073984, 1.731984820931883]
[1.6170871697346285, -0.06642764703212989, -0.5261849969458705, 1.7320259113579413]
[1.7199841465888963, 1.4789167656588718, -0.5653018595048306, 1.7307121574287254]
[1.695553075107776, 0.21911728189350146, -0.48521588061512466, 1.731857146262157]
[0.8660521230372529, -0.4191017483214469, -0.5730106881228427, 1.7320500069833633]

[1.5157026381317713, -0.19340582615918325, -0.5652142899361905, 1.7320351164732044]
[1.660098522306668, -0.013423781430592486, -0.5465273294772988, 1.732006084156685]
[1.713584532420893, 0.6182362767041029, -0.5279974692044137, 1.7316958592715166]
[1.7147704831413877, 0.6517064856103201, -0.5641474029421035, 1.7317277511521556]
[1.602586911708352, -0.030916691015757624, -0.5545721007126723, 1.7320387129990356]

[1.7164438676478901, 0.7692599045342144, -0.46051209541329896, 1.7319240508554068]
[1.5320263134434122, -0.18515244165373765, -0.5636963696356853, 1.7320429047221784]
[1.704348325133268, 0.7649359051155394, -0.5747561653428447, 1.7320361966001658]
[1.6754617798669298, 0.18909838308141294, -0.5397821515890914, 1.732030048164249]
[1.4999639754954983, -0.2979711387684878, -0.5182155700220666, 1.732037533046207]

[1.7132633485713695, 1.0059999715639814, -0.5330775068616053, 1.731937922920375]
[1.6978863117641159, 0.7089444731734924, -0.5735678982566361, 1.7320225169382015]
[1.7079621603777084, 0.9530049225522651, -0.5726697692743661, 1.731987161226456]
[1.7163187477678858, 1.4677870032647264, -0.5717517459243749, 1.731766470387572]
[1.7165800625589522, 1.594792406975864, -0.5638162334147697, 1.7296901386141865]

[1.4610861131905724, -0.314605824560817, -0.540337360171588, 1.7320456539495526]
[0.5373937493569277, -0.48255390755083744, -0.5730432403114517, 1.7320506154841613]
[1.6707169365474406, 0.08930790315037276, -0.5294028280267149, 1.731995853635998]
[1.354933584981884, -0.3427526519083392, -0.5781726540210322, 1.732047942098191]
[1.6295578702259843, 0.027058377488965786, -0.5718051013990777, 1.732022767975671]

[1.6890685576157967, 0.44888002580265224, -0.5721047399168445, 1.7320115036919257]
[1.7135397785546727, 0.9573242903872762, -0.49394537266941907, 1.7320132762209024]
[1.681841930117663, 0.5276410461022498, -0.5642527772342487, 1.7320421005482498]
[1.7304747779115048, 0.3407035507967822, -0.5700445069197322, 1.731976691921215]
[1.7121877065643414, 0.8496281387903021, -0.5455379417509433, 1.7319947948011662]

[1.7018626362298943, -0.2747620958559718, -0.5750873934401736, 1.7320462097314469]
[1.3975858135504116, -0.2526876390505145, -0.5689019040179368, 1.7320442531668716]
[1.7163961046489242, 0.8862372145574927, -0.49913559161226306, 1.731988968750762]
[1.402601077775593, -0.28884450376656945, -0.5609470020074678, 1.7320491840577066]
[1.7186977884416228, 0.5940500821541405, -0.5616797684201783, 1.732012896415804]

[1.6416271611084405, 0.038398522742582306, -0.5663704209524808, 1.7320451131898762]
[1.6752484522622915, 0.12513848799232005, -0.5511973021803903, 1.731962502181511]
[1.7125264847467956, 0.7605042821945274, -0.5918294124503019, 1.7318714142905256]
[1.714441261502666, 0.8651737854340571, -0.49115175436523745, 1.731939597279945]
[1.6295044804463943, -0.005166549329254314, -0.5659496716578828, 1.732034755213685]

[1.3613445758394414, -0.32526885751691587, -0.5675075842231091, 1.7320422819383492]
[1.7072927023502449, 0.7516491089371575, -0.571988187096469, 1.7319896270811732]
[1.7118645151672476, 0.8100563398197705, -0.5682648590120036, 1.731860076481325]
[1.7198620163843656, 1.49503723673507, -0.5667809797116095, 1.7309657839898889]
[1.6375113138877928, -0.06901657693705336, -0.5150506519686742, 1.7319957356059372]

[1.2627919659907374, -0.3704792511445331, -0.5687159764129807, 1.7320450379863745]
[1.5949364167641318, -0.07267282099409346, -0.5703517847818443, 1.7320449922668233]
[1.6433500928190232, 0.0949385402858876, -0.5797530428543536, 1.7320411236486244]
[1.6028902078876355, -0.020470868906958536, -0.5628179747822537, 1.7320477579209197]
[1.5843157920944915, -0.044525748823731025, -0.5708454411999017, 1.7320458474075358]

[1.449903205977041, -0.3381758381166141, -0.5593043498726838, 1.732046543593331]
[0.7063034857279419, -0.5417726292397975, -0.5698724858235732, 1.732050514849236]
[1.3816639096037417, -0.3686033990477072, -0.5641737419709439, 1.7319650800241335]
[0.7096752535865277, -0.5276616383513677, -0.5734254344204566, 1.7320505804254671]
[1.523359942985344, -0.2141818061791863, -0.5390132590381097, 1.7319909151599109]

[1.5570959234436328, -0.07173204242265038, -0.5598489316457422, 1.7320167589549296]
[1.7116441378758713, 1.1328164473735165, -0.5446317547506768, 1.73184201174649]
[1.351504559198375, -0.3362854089196896, -0.5379395783509001, 1.7320332073221425]
[1.2416968878801433, -0.41987754734304655, -0.5666354437142329, 1.7320421228056317]
[0.6855972453521907, -0.47216150042077387, -0.553963157874939, 1.7320435519277364]

[1.3560486590279324, -0.2647352421861064, -0.5785214069503132, 1.7320459626931954]
[0.7445245952014472, -0.4892698397740863, -0.5658393501337977, 1.7320496898065516]
[0.8174956076277695, -0.5104799170197065, -0.5752503659606893, 1.7320500304492628]
[1.7113308533154679, 1.5491344008598518, -0.5279726269465681, 1.7318647091114243]
[1.656472932894571, -0.040454750453237875, -0.5088736948649191, 1.731941554519581]

[1.175787390032889, -0.3896984754247744, -0.5575719000850092, 1.7320470845137954]
[1.6738590189464317, 0.4311743807112184, -0.5593729852371552, 1.7320061589488671]
[1.6402492495014163, 0.05503365953826721, -0.5536178570662574, 1.7319814221390888]
[1.318946487225563, -0.36058414706531783, -0.5558130375550514, 1.7320127435809736]
[1.5554198308394505, -0.0387976597158069, -0.5613365934875477, 1.7318580404631938]

[1.705103269505719, 1.2862226624628548, -0.5082380979871798, 1.7317509633803347]
[1.411845530646358, -0.30847227968808977, -0.5159677753209658, 1.7319797760739482]
[1.6304828167504923, 0.14067522430289947, -0.5427477623749755, 1.7319971741648355]
[1.0246669447863506, -0.5452255918151371, -0.5549015102356816, 1.7319226170391218]
[1.4205922039006136, -0.25895897727399025, -0.5174842696459901, 1.7319834119803357]

[0.5347409492533993, -0.5861650297290157, -0.5458346224795247, 1.732044859772621]
[0.7570532274577575, -0.47647847311891545, -0.5116670509750418, 1.7320291742984486]
[1.3427355622862127, -0.35688748890474115, -0.5307112971971674, 1.7320117971105764]
[0.5452998910676358, -0.5624366374503624, -0.5618029244169359, 1.7320481692999201]
[0.4196780879969012, -0.5695364995492763, -0.5683257064010352, 1.732044845686546]

[0.9784955535629128, -0.41949252348163807, -0.5616514266760323, 1.7319929211190752]
[0.5336716849813357, -0.5566534653080922, -0.5599523941924416, 1.7320436131719756]
[1.7027241077242308, 0.9633482447819857, -0.45451441890014066, 1.731311793016124]
[1.6136623066000604, 0.14972829707923319, -0.5421791140000436, 1.7320227152872107]
[1.614965771264081, 0.1172084659667807, -0.5032269210879937, 1.7318228310984076]

[0.6608731315509228, -0.5518076308040566, -0.5670878872434971, 1.7320493767571123]
[1.2554973506970621, -0.37420884715783637, -0.5630071689157008, 1.7320443918876396]
[0.9079638476098927, -0.47187342152083706, -0.5698548803234732, 1.7320482089570546]
[0.8808355120084055, -0.46651668770927657, -0.5582889200494973, 1.7320440512984001]
[1.6340237642024162, 0.027886008106539784, -0.5514162850855427, 1.7320347692213156]

[0.42865846969109456, -0.5608616309363151, -0.5550487677990091, 1.732050207226528]
[0.9744739800605561, -0.4479100560114947, -0.5705564687608496, 1.7320484445714577]
[1.3151001278008603, -0.2836029250287433, -0.5742974112996342, 1.732046556437397]
[1.5092804499390229, -0.14997867807130633, -0.5789023894388178, 1.7320446196761654]
[1.3946547975443802, -0.27709874582525973, -0.5484807164269958, 1.732045926236483]

[1.4245899614359299, -0.2630126300433585, -0.5651425752229777, 1.7320478013653766]
[1.584431196367024, 0.06248267145239899, -0.5586226299008925, 1.7320355257621867]
[1.1570307672681037, -0.378253768785794, -0.5699946290959395, 1.7320472052170701]
[0.9402147340840293, -0.4616503661059044, -0.577822630542631, 1.73204809113272]
[1.3650118212603508, -0.3012741784633124, -0.5620548398644287, 1.7320463890862832]

[1.6196213031863909, 0.03392297889735827, -0.5558050447649168, 1.7320398556959562]
[0.9302739082157153, -0.45371965014892995, -0.5740970666432329, 1.7320484929918254]
[0.9992890293020332, -0.42553961559597503, -0.562203770174247, 1.7320499276612473]
[1.1223867902583506, -0.3574811381574562, -0.5749663157298325, 1.7320490067759455]
[1.3511334566284987, -0.3310496858587906, -0.5649876717000608, 1.7320454586926632]

[0.6471236025828122, -0.5432758175040058, -0.5734136451993603, 1.7320488859586458]
[1.5536718505717597, -0.1753712691998724, -0.5523195733694964, 1.7320465359467159]
[0.6110251209518641, -0.5358861604834797, -0.5775068476331717, 1.7320429283483094]
[0.8682977575523667, -0.4972756590878299, -0.567274438067498, 1.7320463878787966]
[1.6220021266123876, 0.18297224184838182, -0.5601968674416619, 1.7320374083425885]

##########################クラスタ数##########################
19
##########################クラスタ数19個の時の平均##########################
cl[1] = [0.8087398463417906, -0.4823066967884111, -0.5693262098968676, 1.7320489337635756]
cl[2] = [0.6110973371920576, -0.5245800807408925, -0.5639082273484745, 1.7320474031413073]
cl[3] = [1.663367915163028, 0.399434611587769, -0.5365532339083783, 1.73199261998764]
cl[4] = [1.3140441041391784, -0.3098000825779119, -0.5656013099300397, 1.73204610450547]
cl[5] = [1.3790601012309018, -0.3122667841493913, -0.5565321179020095, 1.7320408722663547]
cl[6] = [1.5007976255243358, -0.2165789814286203, -0.5609787064153636, 1.7320443927826321]
cl[7] = [1.7047865019057356, 0.8294784634795499, -0.5534904693577348, 1.7319685124785116]
cl[8] = [1.6215477172311883, 0.041739597701453586, -0.5575879939325354, 1.7320371002945163]
cl[9] = [1.7146788020410362, 1.3330050823304862, -0.5544804059260786, 1.7309958239788923]
cl[10] = [0.5907495530454538, -0.5100314238929122, -0.5376871488451392, 1.7319985174117127]
cl[11] = [0.5569426177071383, -0.5440805310981276, -0.5611165457162225, 1.7320439597814379]
cl[12] = [1.404700548050238, -0.3120115520032624, -0.5325419289793, 1.7319760893594724]
cl[13] = [1.6243699032759207, 0.3472530170109865, -0.5063593111585606, 1.7316642215259084]
cl[14] = [1.3950139974990396, -0.31055114738308176, -0.5418458645967762, 1.7320051519504869]
cl[15] = [1.5791361303705536, 0.034967372057462795, -0.538062333312949, 1.7319459620657816]
cl[16] = [1.7059376904374286, 0.8973582797687901, -0.5689151867074577, 1.731884813961213]
cl[17] = [1.6570015132313183, 0.11296263430593631, -0.5432958148528639, 1.7320023685029442]
cl[18] = [0.6037375016442643, -0.4874644054155128, -0.5723075986537717, 1.7320503943741112]
cl[19] = [1.5816970771908614, 0.19852044777036396, -0.561537036095823, 1.7320262674090916]
##########################クラスタ数19個の時の標準偏##########################
cl[1] = [0.17511584780024506, 0.0465026998499817, 0.006543332806916562, 7.123142003859812e-07]
cl[2] = [0.27989761445400096, 0.03668752587430721, 0.005730358729865838, 1.9767563104995275e-06]
cl[3] = [0.0461588030248265, 0.38231408818007573, 0.036303443930831264, 4.2571190005870124e-05]
cl[4] = [0.08873009222318086, 0.04827296933818166, 0.008967206970606661, 8.911811257150166e-07]
cl[5] = [0.11170389620286607, 0.06591943143939227, 0.01925809703723568, 3.898914679462339e-06]
cl[6] = [0.029575854290463173, 0.07078721585138761, 0.015860950804410388, 1.1337763728207242e-06]
cl[7] = [0.013344186507992925, 0.3498972587797523, 0.02577984230799549, 8.402971464292487e-05]
cl[8] = [0.01079251160688443, 0.07440269372321252, 0.0050415946903567795, 2.060157904070941e-06]
cl[9] = [0.005625623826746444, 0.27990756468516836, 0.02316863327131312, 0.0007878262864111358]
cl[10] = [0.5793028354672038, 0.06794210870034781, 0.021079893969788453, 4.826156035680547e-05]
cl[11] = [0.08871632530750356, 0.039539055913836774, 0.011015238344209038, 7.674827750510853e-07]
cl[12] = [0.01667615276255511, 0.04483205432808015, 0.022375636059684945, 7.92502585772686e-06]
cl[13] = [0.060503254850787926, 0.4402760308974908, 0.04366618177767366, 0.0002496187970003705]
cl[14] = [0.09127245409629461, 0.06816012403863742, 0.010441650027235388, 1.0074343849048781e-05]
cl[15] = [0.14151013355941272, 0.31207916791035356, 0.023819803989125025, 0.0001104838825628339]
cl[16] = [0.00870150796233906, 0.16722474666470896, 0.01929267161946829, 4.151398432431245e-05]
cl[17] = [0.026361244683003184, 0.08763007710009725, 0.009265934262349607, 1.3947745823086418e-05]
cl[18] = [0.33566403957778607, 0.04235297710339974, 0.004238855609958128, 3.248219609157524e-07]
cl[19] = [0.15855970889833815, 0.5481635856851014, 0.019488212839672427, 4.303665162712935e-05]
##########################異常データ(標準化)##########################
[-0.35231124880022163, -0.5427270158993127, -0.5739626150094861, 1.7320508037060303]
[0.34919660011949494, -0.49638593876603654, -0.5721441315385501, 1.7320507397306337]
[0.2612092031936696, -0.43101583473549815, -0.5750575059266183, 1.7320507463197117]
[-0.06746692304146133, -0.5035992752370562, -0.5716882666373465, 1.7320507486197299]
[-0.2103606067449827, -0.5149408535791541, -0.5745715214208423, 1.7320507925129334]

[-0.10006988613851052, -0.49666081957575003, -0.5735926290614612, 1.7320507596131152]
[-0.03083666836662973, -0.48104014321150596, -0.5743570901968914, 1.7320507669468794]
[0.19991109969465773, -0.45195927887362985, -0.5758292799920137, 1.7320507210645069]
[-0.059978770388445186, -0.49673054909242453, -0.5744499788812774, 1.7320507732010957]
[1.4063122979651808, -0.1506661012578958, -0.5655965851675127, 1.7320481535472092]

[0.7540590443475905, -0.3948425979350705, -0.5757206362931411, 1.7320504020189011]
[0.17777480650957403, -0.4300631806902914, -0.5750928097196938, 1.73205063262415]
[0.973512265042658, -0.2708841980906619, -0.5753836606867503, 1.7320498758881127]
[0.43723534004522596, -0.39098971462104143, -0.575488678114428, 1.7320505565917608]
[1.5688561959548848, 0.07121332122276414, -0.5738523264545937, 1.7320405128588565]

[0.3966234564846402, -0.47191458061980573, -0.5665360614870858, 1.7320504911513084]
[0.23120913226911596, -0.47411811148633365, -0.5772297500065432, 1.7320506220010825]
[1.4648386868976302, -0.12041693582430661, -0.5641548075672865, 1.7320440753025705]
[0.17231341271331618, -0.44899708029758323, -0.571029853509006, 1.7320504480076078]
[1.2840948563641332, -0.2138634725692968, -0.5752356451400648, 1.7320488391150772]

[0.14225214852147625, -0.5083792056916712, -0.5701445523490282, 1.7320506024459916]
[1.000213229752341, -0.33041111281168617, -0.5643288174229081, 1.7320471759350815]
[1.2428319150841536, -0.207868253166522, -0.5781922397835249, 1.7320484164143124]
[0.20822413414512345, -0.4697944893291138, -0.5640394361401727, 1.7320506011740353]
[1.582037893709471, 0.05810031624608762, -0.5758164069881142, 1.732048786747992]

[1.2424250463923014, -0.270688905852278, -0.5693916988514728, 1.732048903801538]
[0.8387955700745575, -0.3814454519694234, -0.570968589829378, 1.732049182324872]
[0.3658163905627505, -0.5089237895347453, -0.5683573410177293, 1.7320506993559952]
[0.14832998975002265, -0.5197007170650398, -0.5748535324598562, 1.732050751490676]
[0.2374621005317093, -0.4459734269751741, -0.5622296507562764, 1.7320506005928384]

[1.1139134802070105, -0.3545540335532088, -0.5689637228728313, 1.7320489984316363]
[0.693208932507479, -0.41387369705275795, -0.5721164967583672, 1.7320504395913665]
[0.45761881502391843, -0.4038211485278019, -0.5773776691378475, 1.7320504956305698]
[1.1770615117156786, -0.31018420072562974, -0.5691234444065764, 1.7320489292444348]
[-0.20057959104196052, -0.5160442870754055, -0.5755867853239336, 1.7320508058094293]

[0.8923429007240719, -0.36777081621591357, -0.5669164184620806, 1.7320501121474068]
[0.7895329259443843, -0.40004596413961424, -0.5753816035197649, 1.7320501697458377]
[1.5749441165074507, -0.050860354881676305, -0.566334067071236, 1.7320368552979153]
[1.0326638572855442, -0.34840423173112606, -0.5696132252583003, 1.7320503386653876]
[0.5299712709180517, -0.4247049404652409, -0.5689400145564071, 1.7320505605958774]

[1.5507604388620349, -0.007244841564000129, -0.5743880319113001, 1.7320439735376831]
[0.6965506281798093, -0.4037252929684101, -0.5708278968456875, 1.7320506060677638]
[0.32845580511142924, -0.4802164032624066, -0.5757163084317619, 1.7320506588055107]
[0.9411742512764368, -0.3344497211250334, -0.5675144062584822, 1.7320503561536835]
[0.8430321692621926, -0.39610195258816694, -0.5683165589291621, 1.7320505607165926]

[0.798250922080077, -0.35763954623711636, -0.5753005805635995, 1.7320501045485428]
[1.0845520238603445, -0.3244978357324678, -0.5698249003272327, 1.732049422733746]
[0.3809772181542465, -0.5570639034373057, -0.5682012100812343, 1.7320504397914698]
[0.6358946243202267, -0.39249921063324816, -0.573007414198394, 1.732050289691496]
[0.558242409058885, -0.46749059913875374, -0.5670794514141296, 1.732050530397312]

[1.1424370138637103, -0.2738520446406735, -0.5616002134786072, 1.7320495474935367]
[0.9969252268698449, -0.38576686031555996, -0.5753720207936212, 1.7320498311845889]
[1.2759180292426238, -0.49397164324329734, -0.5734583760921019, 1.7320495728821266]
[0.4530424979072233, -0.4588688274669353, -0.5706042026382394, 1.732050421390431]
[0.8674969924601146, -0.4065930436351822, -0.5775565786559228, 1.7320503203422575]

[0.5989916628557943, -0.4485703448955747, -0.5716059884536461, 1.73204994757254]
[0.7914426543842347, -0.38831860813378727, -0.5756227486640225, 1.7320503145458104]
[0.8448190919354608, -0.314327430074199, -0.5734114263215978, 1.7320501913425492]
[1.399181454290961, -0.24774598709285345, -0.5553171024739244, 1.7320486440243985]
[0.5520362331884898, -0.490086504780343, -0.5705604387769765, 1.7320505315111643]

[0.8814607011565299, -0.4233238557112535, -0.5744541305127441, 1.7320506506508666]
[1.4086717486919542, -0.23169689482487307, -0.5671725836205729, 1.7320495429624565]
[0.7617133576100931, -0.44638373954217475, -0.5728231812397326, 1.7320504910847736]
[0.09734867109233139, -0.48149840772290564, -0.5715204810000256, 1.7320505603014407]
[1.3788779606638357, -0.14222660172599777, -0.5691842827763368, 1.7320484700177845]

[1.3958777153721478, -0.16608144034502056, -0.5647821792102728, 1.7320478048812615]
[1.3898521762967924, -0.11929805232888151, -0.5677756219401602, 1.7320475668419772]
[1.2477666934219194, -0.2350707653876482, -0.5711480385022312, 1.7320496497079947]
[1.13098793702321, -0.30006771714938174, -0.5753996089056218, 1.7320495709396415]
[1.2873763018787272, -0.2869254717971652, -0.5707765768723345, 1.7320473818321227]

[1.6894299047085355, 0.6072020881414762, -0.5678550073872178, 1.7320371610169814]
[1.6934934874882974, 0.5657878055813209, -0.5533355447401415, 1.7320360516379554]
[1.5670171326639908, -0.05613312673927081, -0.5520544734608263, 1.7320420038825297]
[1.7152597549537352, 1.560821699183648, -0.6059444279082213, 1.7315499436042479]
[1.6888155351068261, 0.3462878689602441, -0.5725372135978913, 1.7320208032140374]

[1.6938690839841473, 0.5624024112601986, -0.5256205258395472, 1.7319853311876832]
[1.7026824277699792, 0.06407381250736427, -0.5551970268266826, 1.7320430997504477]
[1.4705799738605836, -0.20965562943904528, -0.5654679846193896, 1.732036622142428]
[1.6599986653378815, 0.3596277752296423, -0.5543020269021173, 1.7320430083395613]
[1.6228332040167655, 0.056294729313469655, -0.5639192865594723, 1.7320425120652028]

[1.4237049285635186, -0.22411300634336873, -0.578783594796707, 1.7320444453205373]
[1.6916161553520341, 0.3718533418675903, -0.5668064006656355, 1.732035133989589]
[1.193382419689198, -0.36761104505852454, -0.5676924558555728, 1.7320504620903276]
[1.0070564213250008, -0.43860879852280815, -0.5735090937176346, 1.7320470728191584]
[1.6500643401764938, 0.3584072048040514, -0.5673153571006484, 1.7320459702671893]

[1.4754685906961802, -0.2783506826075682, -0.5631537893444937, 1.7320464832167748]
[1.5239882549616783, -0.15725049886041748, -0.5756227247130624, 1.732048740843661]
[1.616246066928107, 0.11224102997962694, -0.5787193348589276, 1.7320477263298601]
[1.1108864774481053, -0.4188341967691183, -0.5610812454855271, 1.7320491939129679]
[1.349343312013158, 1.7282063942812802, -0.5696996171781802, 1.7320487467452663]

[1.2405425772039598, 1.7212356087097864, -0.5720151232065334, 1.7320498571835246]
[1.4751234458477405, -0.28545371598849517, -0.5726662593022958, 1.7320499113719068]
[1.5630988272777953, -0.3814066722237718, -0.5654264637825666, 1.732047327863343]
[1.4537699947028058, -0.3912969692141884, -0.5730765520812692, 1.732048954312414]
[1.6788785912655613, 0.0507784149794893, -0.5739252588761374, 1.7320388730653278]

[1.65119609919411, -0.17289089074890407, -0.5684883462277687, 1.7320407979010408]
[1.7101751565582073, 0.6184678738434053, -0.5626693245722639, 1.7320175221624121]
[1.693643938494485, 0.22882132315780546, -0.5745507087029942, 1.7320414898744552]
[1.426950324582343, -0.32867273948731307, -0.5555789424473205, 1.7320467223345515]
[1.4033563792452843, -0.30863605413397593, -0.5699058312837839, 1.7320487328406429]

[1.616944379006641, -0.33484999280014704, -0.5749041488945529, 1.7320462607329168]
[1.707088093316904, 0.6320551486427364, -0.537247463996837, 1.7319688327306948]
[1.526358803533606, -0.471971749188413, -0.5729592494770633, 1.7320387354570974]
[1.5132888482636524, -0.49382417227916414, -0.38848219865439665, 1.7320050562293994]
[1.714569797030461, 0.7696038237290299, -0.5259044091152298, 1.7320177623689577]

[1.555360013548173, -0.19942741768472186, -0.5409915447231649, 1.732044033460632]
[1.7175127333413878, 0.4455028994004386, -0.5730289715034601, 1.7320226183549186]
[1.7002521584291932, 0.957568569913191, -0.5688940341071044, 1.7320378442512274]
[1.6999499368520674, 0.7391452683072343, -0.5737007455700984, 1.7320232455825926]
[0.707298112876832, -0.49311885549647216, -0.5539352939946904, 1.732046538115102]

[1.673879948893984, 0.44300427015107585, -0.5545354493157805, 1.732025392578993]
[1.633616213618518, 0.09595292969307075, -0.5745905160712796, 1.7320434579792527]
[1.6970166336266999, 0.6297853011261094, -0.554677020956216, 1.732024132176912]
[1.521304824911477, -0.1744853304225533, -0.565029646696766, 1.7320444550155807]
[1.2074816155136774, -0.3892360374202837, -0.5733191288636312, 1.7320448338293828]

[1.2933822576350984, -0.4126912004974395, -0.5641965234736485, 1.7320450605880637]
[1.6007118429495086, 0.01943573933673255, -0.5635233275751574, 1.7320463346142296]
[1.3166989865122487, -0.331264645651607, -0.5745358041374033, 1.7320472231148492]
[1.4276833545640877, -0.32876348060289734, -0.5683816703549305, 1.7320476953236812]
[1.398031496955254, -0.28264859924892116, -0.5710977734063298, 1.732047191246637]

##########################逸脱度##########################
2.6489250959991435
1.3233826285041979
2.1006062555553093
2.2523071671956423
2.48041002441461

2.352402645310787
2.2685698691121203
1.962631957611768
2.348178922585305
1.389704637875057

2.373175494513394
2.101661266874788
4.031315830768302
2.499469743224975
0.7545882597780079

1.5678605158327519
1.780583852371834
1.0348689154869914
1.6109047150934033
2.2040676986690277

1.674748139421146
3.17847438709152
2.472300985499509
1.8746216923683492
0.9361098558934628

2.3979457930279477
2.2177681190802088
1.5840361199312343
1.997380907875985
1.9444778476901752

3.0574114332140834
1.7639626216641044
2.3701428033640246
2.7932868230990717
2.50601141343418

2.77863149710294
2.3602548030913413
0.5743683635086474
3.112525838877048
1.771190014614175

0.8849172180553699
2.1289111872297286
1.4181912243889918
3.1937894128106454
2.505120739759576

3.079868055404061
3.3483303720453796
1.9654945936637787
2.2733016850939443
1.3918995239375809

2.9512450946235806
2.8116916480579155
2.335270230001069
0.9087431567082626
2.4184361927241502

1.6622288470899715
2.5425911222659217
3.5366373090101435
1.5362226579823284
0.612937923202639

1.9639186783765625
1.477454461761273
1.1250601601774568
1.6097188741799153
1.5629213911203097

1.4470567669283039
1.4654290995898474
2.3663050524412927
3.115511926704865
1.6438653980557858

1.0893398818696165
1.0838913205483436
0.7712631871576195
2.4701996949619316
0.9294038711495529

0.8592719049216294
0.9493023861926708
1.0696489881776627
0.7870132202311323
0.5404122563087304

1.5965206958225624
0.834335615654602
2.7349790395226212
2.3497854644995173
0.7539883746396766

1.197154559278379
1.1613749436919467
1.047962807275079
2.2230777746591595
3.2222533730474807

3.5965654365505646
1.3635385802737652
1.188407390615977
1.5611513438289895
0.9685917970779797

0.9446828365594694
0.9968446227195763
1.0356416360011924
1.4821627574440839
1.6056002554973035

1.2970969588618912
0.8631945680901398
1.430168339984092
4.021420871429331
1.4336461197972983

1.1812680343303943
1.1364942223835772
1.134573170728431
1.1121466929352148
1.2986914885039367

0.816339021293027
0.8662750176460573
1.0511856918901954
0.9048850898395334
2.348385272824563

2.0546369015186947
0.5906950449458641
1.6633849861226393
1.49666629718169
1.6091318800629917

##############################################################
タイムスロット0 = [7.282932675634485, 4.257928947384501, 43.771320214949256, 20.115833783065426, 16.11736339279681, 63.08457638264761, 154.21188000677026, 183.20975170343374, 367.4886567809262, 2.6489250959991435, 13.635346896253614, 105.92297383801557, 32.80630015010329, 20.201316455296013, 13.888452739367636, 236.7299630657797, 76.73869900098387, 3.3993278993127114, 12.301848364882549]
タイムスロット1 = [3.6866909267530033, 2.526029723668272, 28.616315524253153, 12.679431732017315, 9.993216040282602, 39.54192845928571, 101.66448501864616, 118.33431334944738, 242.81833662881743, 2.0141893861043068, 9.27256855760331, 64.14772994057769, 21.273020961283297, 12.94682431136972, 9.021542396091249, 156.19406115170105, 50.31216884765596, 1.3233826285041979, 7.9150324382481445]
タイムスロット2 = [4.27022684140677, 3.8356938273336763, 30.503444374134776, 13.241572264233616, 10.522810604829989, 42.402813181442035, 108.24786232312601, 126.42591616004765, 258.447787572527, 2.4474689895249497, 9.954014268999197, 69.29146728474485, 22.70716048213853, 13.712558842755545, 9.606187684833522, 166.27024176214155, 53.533867121554124, 2.1006062555553093, 8.45456314979792]
タイムスロット3 = [5.6451089001265045, 3.303329256563312, 37.60897274740899, 16.916081533433598, 13.533447335107661, 53.478880472582986, 132.87101542113055, 156.83524563112638, 316.8624178583522, 2.2523071671956423, 11.390831804925408, 88.90104733014026, 28.112019857206356, 17.12948525115418, 11.88551944500523, 204.01561176349188, 65.95668385654906, 2.3139532274949586, 10.50781961763248]
タイムスロット4 = [6.466205885892809, 3.8839433858959063, 40.699916664420094, 18.490344422101206, 14.807601957567323, 58.29019830314399, 143.5763025321774, 170.0669620486063, 342.2586775239173, 2.48041002441461, 12.49396115435834, 97.42952166517169, 30.46716851981427, 18.673663887279822, 12.894515834212164, 220.4243386908003, 71.36334445133889, 2.8444253008879112, 11.41067853450634]
タイムスロット5 = [5.833041992967437, 3.5740880644253448, 38.31349311835454, 17.235413410379888, 13.797767319367445, 54.567486548924286, 135.3130130351192, 159.85280174088467, 322.6562672105576, 2.352402645310787, 11.664675751411952, 90.837417230063, 28.649329401412913, 17.478941435231295, 12.117606849899607, 207.75704608242515, 67.18500553762338, 2.4082771436390358, 10.71509143547455]
タイムスロット6 = [5.495582170063967, 3.590122781421075, 36.81609100401498, 16.451213497421872, 13.159043422808478, 52.23153716499282, 130.1259815623712, 153.4454073758235, 310.35120150417055, 2.351931305851362, 11.249446917995698, 86.69961974284143, 27.509723313274712, 16.748034786085523, 11.635872436006334, 199.8049650797076, 64.56559502640198, 2.2685698691121203, 10.282033468495904]
タイムスロット7 = [4.449383127452704, 3.636119356220173, 31.83062096888494, 13.945339514133488, 11.104292552007921, 44.4718544401323, 112.84087821536691, 132.10654202360024, 269.3425815779415, 2.372706559892668, 10.050814810877503, 72.94992227720147, 23.717511417898127, 14.380687727758371, 10.041970018966765, 173.31094443212785, 55.86694872612283, 1.962631957611768, 8.843826574614871]
タイムスロット8 = [5.655759557356801, 3.5518089433800886, 37.448165719531886, 16.828902320852155, 13.457591020812053, 53.225332169277, 132.31016895879193, 156.14988525324895, 315.53143446518254, 2.348178922585305, 11.404722095517675, 88.45075582324748, 27.991300169815986, 17.08332655852506, 11.844941821152963, 203.15442256850625, 65.68128432762086, 2.3607796371450998, 10.46759469808566]
タイムスロット9 = [8.001855536525477, 10.591347887486128, 5.951903755643191, 4.151513156382446, 3.127054107216148, 4.707484700209311, 22.566888149449024, 20.873935934159707, 55.088605569312364, 5.724444541545544, 14.855585730118724, 9.890940000591423, 4.298172317066764, 5.376903503483397, 2.0092461147475986, 35.22030112243637, 10.772846815386824, 10.911080685176204, 1.389704637875057]
タイムスロット10 = [2.9730121453090073, 4.395104179135589, 19.884562094770256, 8.213487935948477, 6.312047074414304, 25.937847838952504, 71.34430592149164, 80.93083475091684, 170.87715036679538, 2.7138445982100907, 9.560327601853844, 40.21610582038932, 14.651699479267993, 9.030136706434936, 6.2677557449540515, 109.73804418968041, 35.08461119329345, 2.373175494513394, 5.409382951609864]
タイムスロット11 = [4.550772303525401, 3.9385978226805056, 32.30366407066611, 14.040481501905365, 11.226825585303887, 45.18004651963782, 114.4965727516282, 134.13157341378198, 273.27440828915445, 2.4916591490730275, 10.18751344392723, 74.24357715898411, 24.075908075480612, 14.54135683826337, 10.178520022288009, 175.84543205655848, 56.66477220131123, 2.101661266874788, 8.973098123079692]
タイムスロット12 = [4.915481777209953, 7.420878720124928, 15.145563083794908, 5.871787794861763, 4.457129017655079, 18.51074589982653, 54.90622810051794, 60.613215564593226, 131.8827503253988, 4.142027622461148, 11.440604618926418, 27.56368966132018, 11.07151393730807, 7.189562736078107, 4.755630819238318, 84.55585525057876, 26.74008339554496, 5.517061428592287, 4.031315830768302]
タイムスロット13 = [3.7992295327974257, 4.502644799279905, 26.699973128908212, 11.25391850404378, 8.924899023466658, 36.46396097128341, 95.06188248304721, 110.13985309301599, 227.1651459260207, 2.74199156746461, 9.612243597849885, 58.82863769678086, 19.81658452217048, 11.924876526641635, 8.387075528289612, 146.0609650960202, 46.88393395577918, 2.499469743224975, 7.354256398297689]
タイムスロット14 = [17.342361854070482, 17.04690460956982, 2.692709085411608, 10.524249425758894, 6.127521849721059, 5.84757258649284, 10.479445658902174, 6.094604992029288, 26.356863452989398, 8.92968870507383, 19.843742406638448, 15.474455773975956, 2.428263857613065, 7.530921510182032, 1.7345717406342913, 16.93280093581009, 5.455435232526294, 33.28452011486321, 0.7545882597780079]
タイムスロット15 = [3.2481488874557627, 2.301846369823842, 27.5835609464294, 11.93407416376209, 9.464346144320457, 37.89281986483361, 98.10911801088197, 113.9068363156685, 234.38808495392166, 1.8600325830497875, 8.902869591548251, 61.29761017120185, 20.482441729169366, 12.29237600807958, 8.648191383798205, 150.74532300635605, 48.46347668501502, 1.5678605158327519, 7.598618504600323]
タイムスロット16 = [4.240752096213397, 3.433637603044605, 31.160765589109886, 13.707459397518925, 10.910063740728743, 43.441443014674924, 110.49940358458605, 129.2364037768383, 263.78294295203625, 2.312789158549362, 9.700754967964109, 71.11518108622468, 23.210281504629474, 14.14915635459173, 9.848532841738637, 169.72552546958073, 54.732386217461894, 1.780583852371834, 8.66125946042312]
タイムスロット17 = [11.033814410422261, 11.554216537662464, 4.7314425154135344, 4.846664554843153, 3.145075305428315, 1.85530609933979, 18.212147836397754, 15.124299468202162, 44.73535803002992, 6.134234751607266, 14.82025462133825, 10.337204639158209, 3.4854308896857864, 5.278158427290779, 1.6996490445927361, 28.627593765015774, 8.616270021237067, 21.537015534276787, 1.0348689154869914]
タイムスロット18 = [4.278806860563473, 3.2586900751312573, 32.421244984633816, 14.0715089550044, 11.296354997476998, 45.35769065960412, 114.90626482270409, 134.62578307765656, 274.24598931388795, 2.2334779769315887, 9.84164671079911, 74.57689680873837, 24.16280320335238, 14.546831413269183, 10.200402872326372, 176.4770417417491, 56.86832168063213, 1.6109047150934033, 8.997589701295164]
タイムスロット19 = [6.444007613448298, 9.052352648437004, 8.542063784628944, 3.8254093693505804, 2.8407166423113464, 8.359087929133045, 31.692566015957823, 32.15847126601679, 76.75588452307304, 4.9693521161674905, 13.37881535376899, 12.041855832101835, 6.173867542520642, 5.702606958404297, 2.878415563644207, 49.09293199806427, 15.394883010300159, 8.321212234493217, 2.2040676986690277]
タイムスロット20 = [4.505924865203068, 2.6085692536701, 33.080412356577284, 14.732887627914277, 11.754665026784512, 46.446546119541054, 117.16302689633015, 137.4450684507665, 279.5929458196469, 2.0335883364774174, 9.912003379665746, 76.42957055460074, 24.66545875792633, 14.983743847680612, 10.432863534206598, 179.94366481916745, 58.072562370104286, 1.674748139421146, 9.197416771633304]
タイムスロット21 = [4.3055763143655765, 5.47374651641323, 14.56973646376641, 3.7626636015069503, 3.7889433539073414, 17.179260733800724, 52.913927598823356, 58.00976175669879, 127.14869230211966, 3.17847438709152, 8.474301675923066, 25.903116859708234, 10.625757590801918, 6.389972614874475, 4.490270185045297, 81.52955043399295, 25.725973097526513, 10.810351127472531, 3.825781512030236]
タイムスロット22 = [6.583063472551913, 9.278665734702761, 9.410650955178868, 3.7154121835391716, 3.000746915436515, 9.479651246826956, 34.77134649568736, 35.90932066069, 84.07189513357932, 5.080085107913823, 12.969220967471784, 13.677275213447817, 6.81405863284988, 5.967338583212294, 3.1546231199779755, 53.776883080470846, 16.891792226070315, 9.285121516364844, 2.472300985499509]
タイムスロット23 = [4.238449639035381, 2.630507419792327, 31.645000515885698, 13.848997494699365, 11.0432378320857, 44.19082718450421, 112.21734295960663, 131.3043291368994, 267.865572824297, 1.8746216923683492, 9.691926393545563, 72.460379485822, 23.567574725991005, 14.120880307495012, 9.927461112672455, 172.3616600015119, 55.512558694508826, 2.4026004480170458, 8.766755012047524]
タイムスロット24 = [12.472930919071754, 16.40388756869661, 2.6099873424464057, 8.80693942238029, 6.3239624054115025, 6.204596769066753, 9.546628336606814, 7.6616716370290066, 24.06868659690741, 8.786797087057057, 20.16935347934885, 16.405073607841352, 2.4133928344248745, 7.924401726747445, 1.839634632460202, 15.60970041467777, 5.645549269283513, 14.128151452488328, 0.9361098558934628]
タイムスロット25 = [5.181090374114078, 7.380452095434946, 9.423528648233603, 3.3694463697615284, 2.5657884406155267, 9.644304955440715, 34.80989418972419, 35.91571635688614, 84.15527846011605, 4.126408197295542, 12.230021768300395, 13.515608724519424, 6.802937835187023, 5.381182614648276, 3.03626792560562, 53.869298645222344, 16.898557413883687, 7.165798651536888, 2.3979457930279477]
タイムスロット26 = [2.2177681190802088, 4.267467532833102, 18.054134097774245, 6.570891755121567, 5.440452810006111, 22.90576687269733, 64.99933430665666, 73.03426037637311, 155.82310258945668, 2.712925461660418, 8.60914062341034, 35.2419613146303, 13.262400227966634, 8.068452146125917, 5.650886706232409, 100.02566801615879, 31.865141107448935, 4.558491433301295, 4.856877416819089]
タイムスロット27 = [3.590375042521619, 2.0816777156907804, 28.257380969529525, 12.565733822153506, 9.89491063499198, 38.99838903382279, 100.42038397563667, 116.79350271260061, 239.8659391877431, 1.8539070438334844, 9.109169282842728, 63.17812935414588, 20.997467558483425, 12.747865249807449, 8.892048089400268, 154.29141651170508, 49.68670488567339, 1.5840361199312343, 7.804671632824178]
タイムスロット28 = [4.700498351282789, 3.0444564378965513, 32.95543490299366, 14.82437544326149, 11.773672298487027, 46.27826279438272, 116.71005937726386, 136.91543533352362, 278.5144031661043, 2.209864170382148, 10.072725214334602, 76.09080903536358, 24.574427943091827, 15.048667321544865, 10.424781793219559, 179.24964278986636, 57.88873301900839, 1.997380907875985, 9.177550580262785]
タイムスロット29 = [4.231417210716224, 3.0124539303906963, 31.008352600594357, 13.444957562693563, 10.717876765629425, 43.18641919874864, 110.02508701926658, 128.58280524951076, 262.6677093052192, 1.9444778476901752, 9.695601560043785, 70.69874500762504, 23.08108775855178, 13.746025420913055, 9.705302067886302, 168.99967339712242, 54.37447839686012, 2.8646217485037093, 8.577652219169766]
タイムスロット30 = [3.255066795655251, 5.112219298131423, 12.171083376540857, 4.078272289308308, 3.287310128436015, 13.844455761726545, 44.422933299891525, 47.74076525991572, 106.97111147272614, 3.0574114332140834, 10.29564120923829, 19.805219490736235, 8.840407129855, 5.96566940846726, 3.8624628064856275, 68.56177176860842, 21.719726966573674, 5.59012359413758, 3.1852636400877703]
タイムスロット31 = [2.6928894687701153, 3.6882264424143307, 21.191508405762537, 8.820156474362097, 6.837432474827116, 27.969728580568038, 75.89955352159704, 86.52537516607359, 181.6882543277149, 2.420615147042107, 9.245772108683916, 43.779301421074216, 15.636829297679675, 9.488570613301844, 6.6483663250201515, 116.71759409626387, 37.34169231506009, 1.7639626216641044, 5.766920844902206]
タイムスロット32 = [3.631908094508909, 4.371208782024714, 26.26544188336048, 11.088652230169641, 8.788522613299413, 35.792519381939364, 93.53761951735675, 108.27881060271959, 223.54487868051976, 2.6835933349452725, 9.409462861513537, 57.63466829367334, 19.489140828890434, 11.797852844313228, 8.270882300954733, 143.72701267404346, 46.15493035054286, 2.3701428033640246, 7.241776234258823]
タイムスロット33 = [4.257326860550977, 6.297886318298837, 10.81649379143649, 3.5474531336508, 2.8229162892870088, 11.740353492240004, 39.697257081084665, 41.91365262654639, 95.75736262389049, 3.6043622208276447, 11.23864126140516, 16.537514069987964, 7.831307271956615, 5.604417960251557, 3.4445937068297043, 61.33481918771537, 19.331289128462107, 6.430206638991366, 2.7932868230990717]
タイムスロット34 = [6.447426500803625, 3.9471640583440064, 40.489490618001795, 18.404038797166905, 14.731023299616432, 57.9652234371018, 142.84393277743, 169.16748229915652, 340.5205581730513, 2.50601141343418, 12.438094820470242, 96.84872058247392, 30.30764071682594, 18.592356422429074, 12.832395631379347, 219.30163217864848, 71.00166766685496, 2.8982711839149333, 11.35301770800006]
タイムスロット35 = [3.027642268368875, 4.62946740239661, 16.898685204230674, 6.65388236259582, 5.059764818528516, 21.292831194009928, 60.9897425055503, 68.10835151255196, 146.3101743625113, 2.77863149710294, 9.935535998626424, 32.17315896688377, 12.382878361856315, 7.531114069029937, 5.251290451769503, 93.89053474894818, 29.82805237298242, 3.3314574467086806, 4.511322525678622]
タイムスロット36 = [2.6473407294947213, 4.230408834735651, 19.124051720910128, 7.774101266873147, 6.022509427941227, 24.73561568838227, 68.69026762420964, 77.66024353630738, 164.57656575128408, 2.6610722030919645, 9.342947423554113, 38.1536752785383, 14.076962262868026, 8.718611990393523, 6.035050757787907, 105.67664087436597, 33.77686977756563, 2.3602548030913413, 5.192831574140965]
タイムスロット37 = [19.82323088844997, 14.395716020250859, 2.609518455445083, 12.047447984093395, 4.485664910487931, 7.488472688062692, 10.095436640929847, 4.818603704974101, 25.36583061441398, 7.144116213306972, 19.31817145781987, 14.114685082923177, 2.3664165948152935, 5.814275329050555, 1.4703921619651334, 16.498799271649403, 5.04777266841052, 43.057830919472806, 0.5743683635086474]
タイムスロット38 = [3.71729801900818, 5.3408564848224405, 13.899384112828637, 5.785313201557334, 4.034009055028025, 16.7869151670716, 50.493834190193425, 55.24237840736354, 121.39152303567874, 3.112525838877048, 11.086970702149314, 24.26716572006143, 10.130691167398147, 6.577169034455291, 4.366796981005885, 77.83438604354988, 24.668669669730004, 3.5842437387522876, 3.670129749270434]
タイムスロット39 = [3.047627568767319, 3.288983532361196, 24.70239473551116, 10.435142341490037, 8.202320634496191, 33.40612283545355, 88.11986498135748, 101.57150014071006, 210.69009989269017, 2.2246680893291195, 9.147824504934244, 53.37302259944495, 18.2950479863175, 10.939785563747478, 7.727518948500166, 135.43503908067032, 43.41760959966356, 1.771190014614175, 6.764035688177535]
タイムスロット40 = [13.092229520616039, 14.71281336300682, 3.1023069571022264, 7.285454385379404, 5.0265269782600095, 3.5285228099070163, 11.849587925911088, 8.104800034406487, 29.571052104851347, 7.83759205735371, 17.6432895058183, 14.13492004366524, 2.621076162740798, 6.875756160613085, 1.7807747747319296, 19.028165801676987, 6.187221385780394, 22.967514642872676, 0.8849172180553699]
タイムスロット41 = [2.971588943968699, 3.8766294389957165, 21.11568584390064, 8.83580149565525, 6.785328154049825, 27.872024912346696, 75.64764567538306, 86.2059319626903, 181.09314455578908, 2.4734691646694182, 9.531402516688093, 43.57505045179086, 15.577172807281046, 9.406943391199022, 6.607894414010829, 116.33064107588869, 37.18879218865443, 2.1289111872297286, 5.737381676838804]
タイムスロット42 = [3.787186370594126, 3.072557282927869, 29.063416703190423, 12.776254833958836, 10.111528291466447, 40.20556364389215, 103.21697499157533, 120.25308998108301, 246.5027909399587, 2.195316720612449, 9.33737612362472, 65.35658399235824, 21.615311544551584, 13.178463587005696, 9.177908475919903, 158.56873300113057, 51.087934032243055, 1.4181912243889918, 8.053290450613444]
タイムスロット43 = [3.8399864068070744, 5.556608635312597, 15.84437094352117, 6.381698242676111, 4.66069622599673, 19.713839336960383, 57.33179776586667, 63.600645155884315, 137.63331933131, 3.1937894128106454, 10.801115187802452, 29.378842742816794, 11.586990144731697, 7.1431233929078015, 4.913967106808196, 88.2868893107341, 27.966149582851, 3.918638423264979, 4.203727814724266]
タイムスロット44 = [2.952186802980395, 4.0116946971896414, 17.966440444217046, 7.514656888601599, 5.585131857766701, 23.040323521146323, 64.68385639919694, 72.6999008398795, 155.0722426253967, 2.505120739759576, 9.940143177529324, 35.05400063661011, 13.192048387388372, 8.055576476378365, 5.6103421542644405, 99.54864958186387, 31.723766084558466, 2.5120385902137334, 4.828956521915919]
タイムスロット45 = [3.2750239561655814, 5.193517163440199, 18.924944200556716, 7.489332516131858, 5.8365921799422145, 24.380761603296992, 68.03172788328799, 76.81316100110482, 163.0223509425883, 3.079868055404061, 9.766956404814627, 37.60875785529673, 13.924110746131289, 8.567482455143605, 5.94693230675098, 104.65963850119357, 33.37209083375077, 3.320631153543929, 5.123339228546323]
タイムスロット46 = [3.8044530097770624, 5.891846198621212, 12.784718751435157, 4.568127723487985, 3.5030624411793228, 14.84554585594506, 46.61086806114112, 50.414171419566166, 112.17646232138466, 3.408888454375611, 10.839824745480922, 21.37853546480717, 9.296563456208677, 6.172750415431931, 4.0245577927103655, 71.89353491283076, 22.717081987184855, 5.113558963346938, 3.3483303720453796]
タイムスロット47 = [3.6126224855036817, 2.0930843378877197, 27.94121922303484, 12.671528926505532, 10.000751369205506, 38.54050242525471, 99.29048463106164, 115.4297213534752, 237.17687205280563, 1.9654945936637787, 8.703058422852813, 62.36166120427764, 20.75946773161448, 12.770729710348947, 8.819478572570961, 152.5682843329267, 49.19999901296536, 2.024585219921074, 7.7251315620515575]
タイムスロット48 = [2.940052959387649, 4.197939903823186, 22.419209018620258, 9.169758988827962, 7.232549103802893, 29.815906715483624, 80.1872659318079, 91.7884315197705, 191.86798144288448, 2.6375759538372, 9.202062357209757, 47.1122122989218, 16.566848828358193, 9.97998296513601, 7.024922596501871, 123.27844969073591, 39.44324964550733, 2.2733016850939443, 6.1156541936164315]
タイムスロット49 = [2.699972621582533, 2.2948064032759086, 24.102072436728754, 10.388385731835918, 8.122585612314843, 32.52161430230533, 86.00794089584666, 98.9927746918727, 205.67158649738738, 1.8710555706892977, 8.794349717191439, 51.75979622491726, 17.839635041631926, 10.746173477454517, 7.5510145249196245, 132.20873227877252, 42.42264920444855, 1.3918995239375809, 6.598334018123396]
タイムスロット50 = [5.085446237702532, 7.186672129932478, 11.520890535855699, 4.406810672525912, 3.137971837207018, 12.966891556586273, 42.27189022102758, 45.00952447985589, 101.89169532045604, 3.923733703679198, 11.969696924571407, 18.321081000898353, 8.33193125470713, 5.562985102336299, 3.5154024394328434, 65.25846490535973, 20.39237772310132, 6.418101681598573, 2.9512450946235806]
タイムスロット51 = [2.8116916480579155, 4.661235596884516, 14.684161512786313, 5.82442182160085, 4.3798544582626135, 17.882692936340014, 53.17557726509684, 58.59371567893087, 127.74435446639023, 2.8571276632585163, 10.041333476812422, 26.284632838060414, 10.733217507036827, 7.086530158673596, 4.699149004510743, 81.93920482401022, 26.133086445119698, 3.2659864995614694, 3.9422610725442415]
タイムスロット52 = [2.8955226995380516, 3.2124862733997737, 8.873593955485207, 5.536693863257539, 3.768686976296675, 9.729486838696008, 32.384421076713394, 33.52614499166861, 78.28162048075632, 2.335270230001069, 11.046679511743665, 12.862000352604467, 6.446999511034234, 6.127989141093768, 3.2483169149412654, 50.27192671242444, 16.703381556343434, 3.2409232569282422, 2.445893817107268]
タイムスロット53 = [2.963036343668773, 2.6876900352618596, 26.368523910982837, 11.290329028606834, 8.95552017438424, 35.99112293849866, 93.88408988824804, 108.70206493640869, 224.3624485100309, 2.0539245445126126, 8.811433722771124, 57.950323194649016, 19.56298344314355, 11.79084037076847, 8.28185715392928, 144.26940280370633, 46.357615958778716, 0.9087431567082626, 7.255204449081107]
タイムスロット54 = [2.852154269700762, 4.362616752095423, 17.45980574241965, 7.314658893978167, 5.484948533798982, 22.22920955686513, 62.85948023075082, 70.5316005726295, 150.73082035029518, 2.697297372910578, 9.75992961679691, 33.67441418304618, 12.82471380659273, 8.19679732045049, 5.561742712812479, 96.75399851196647, 30.945317442355467, 2.4184361927241502, 4.742925175949154]
タイムスロット55 = [2.026824933170384, 2.7848947234510377, 23.224631031552477, 9.604775881647507, 7.685924048849018, 31.063037352387546, 82.95625945106228, 95.22082268988486, 198.4303831661256, 2.131482776773339, 8.236232036126811, 49.33075978821323, 17.178624691556617, 10.395075209567038, 7.296814038285219, 127.52961185927187, 40.90056143018008, 1.6622288470899715, 6.35410815218242]
タイムスロット56 = [2.9628179713467593, 4.5341023881477325, 19.080374913220513, 7.803939655044464, 5.987610476242751, 24.683263298383313, 68.54579857965614, 77.48065353653114, 164.2358381728152, 2.7784322633534173, 9.633216703464164, 38.0353979932869, 14.043517292965632, 8.694386310128474, 6.016840140110908, 105.45295733165509, 33.68705218008062, 2.5425911222659217, 5.178852901864267]
タイムスロット57 = [4.074003535232248, 6.18710613355629, 17.91133176294134, 7.054282518764935, 5.418107241474343, 22.816871761982082, 64.5399011233001, 72.4755132524332, 154.74448396854547, 3.5366373090101435, 10.557769570208881, 34.899383733092876, 13.153541565223303, 8.091132518235758, 5.5921624916818615, 99.30711400239015, 31.548915042683724, 4.205437956736024, 4.811775216862869]
タイムスロット58 = [6.446696155641313, 8.216291602746, 6.133692754222274, 3.465358825243273, 2.228842906740132, 5.117185740180996, 23.127521715232174, 21.70836494945814, 56.38167464474899, 4.316088756828736, 13.558327674979214, 9.328283238070666, 4.394066783386492, 4.599245584785205, 1.9560943262492525, 36.1351862598525, 11.193216602810658, 9.096992110580919, 1.5362226579823284]
タイムスロット59 = [2.691406703222212, 2.186475169292073, 24.24475426981941, 10.615241475105693, 8.292159136894343, 32.76685303735519, 86.4762781217045, 99.60192116468602, 206.77719715828405, 1.9194054408030619, 8.713373320265747, 52.16562573191608, 17.95268037125643, 10.958629845260349, 7.633370689695125, 132.92864441219487, 42.71902414424563, 0.612937923202639, 6.6543390129020885]
タイムスロット60 = [2.8644216484057545, 3.8257406860579275, 17.161765684842845, 7.503085370893504, 5.46242317567313, 21.868393944614198, 61.81609393370542, 69.25268019895343, 148.25264181596523, 2.4676981594820186, 10.008828502536593, 32.9040539139184, 12.596083452956952, 8.034020645463386, 5.449362099228977, 95.16393191489946, 30.43459193958089, 1.9639186783765625, 4.6422322545814145]
タイムスロット61 = [6.451320613629075, 8.56430181584821, 5.972508912535919, 4.321157471172654, 2.6105664493333602, 5.5258514302641535, 22.423866445214543, 21.039262346405504, 54.70080408883732, 4.674428100971782, 14.415769333806427, 9.569098531853342, 4.331425408548645, 5.163326426768875, 2.1339382864543444, 35.04883663662283, 11.058492304811484, 7.1103810817834425, 1.477454461761273]
タイムスロット62 = [2.394643305131465, 3.1133683608350005, 19.73089186729231, 8.463504977430386, 6.440890590290623, 25.777904499358673, 70.77766197111536, 80.25992659237679, 169.52366739464952, 2.214194769596344, 9.21862275880096, 39.83750531712154, 14.534502060511167, 9.009477517138384, 6.226622968652406, 108.88319152235455, 34.874616139080025, 1.1250601601774568, 5.364719146266793]
タイムスロット63 = [4.672263604329213, 3.0105637691430234, 34.04578479748179, 15.037060600721365, 12.042745712859295, 47.914313148554506, 120.52402383373123, 141.5802820582536, 287.570605531803, 2.154220569621044, 10.207769305515956, 79.06730660982787, 25.399912665585884, 15.38895372730635, 10.735690577387972, 185.09016084909092, 59.7301221934111, 1.6097188741799153, 9.474001206966715]
タイムスロット64 = [8.031576232604468, 10.829558711144955, 6.520925719582063, 4.448549410356269, 3.298922757740864, 5.594314193610575, 24.606585188121727, 23.397388475776925, 59.94178511619482, 5.870331537981378, 14.973423667349943, 10.140847708109284, 4.7051987994397555, 5.610129401131091, 2.2120024119966653, 38.300621959572204, 11.769622186597934, 10.36433731232205, 1.5629213911203097]
タイムスロット65 = [7.776730153255797, 10.169149010224558, 6.168876681162516, 3.6555675758278805, 2.8784890261927094, 4.7125511147792905, 23.34670810427484, 21.77290099475347, 56.939369833651035, 5.500415278835006, 14.353760266849166, 9.738591749433796, 4.446688129333633, 5.2194805417766705, 2.049418540383847, 36.40886726556122, 11.146747225546964, 11.395405208927693, 1.4470567669283039]
タイムスロット66 = [8.6998423783345, 11.412125390408997, 6.273639836171878, 4.365198487047331, 3.4449583907237336, 4.89707593131003, 23.781202626460836, 22.258966660372813, 57.991408829840765, 6.168206634399695, 15.033867216857928, 10.153627201468046, 4.525912263588967, 5.636396133193811, 2.1060161348601234, 37.0387264309831, 11.27861896299008, 12.568514354370434, 1.4654290995898474]
タイムスロット67 = [5.969864067112867, 8.38648948780424, 9.301838589230707, 4.377473012414564, 2.8977634324256303, 9.7555816966999, 34.403854204999725, 35.46339062765996, 83.2001065199744, 4.615899103225726, 13.323200812159525, 13.440206758295774, 6.7141265162961705, 5.586906113407699, 3.007024857015172, 53.236295828169176, 16.652275518186734, 6.672704474834917, 2.3663050524412927]
タイムスロット68 = [4.517268391778202, 6.791421821883446, 11.802865041409529, 4.540999172218295, 3.3020653716037596, 13.394815953406885, 43.14006060156206, 46.21978912439531, 103.93219419063944, 3.8392049008077462, 11.622768184020645, 18.95023817415851, 8.575707891349964, 6.177226267014768, 3.8102771266514264, 66.58082998800549, 21.06743762233847, 5.385465401591759, 3.115511926704865]
タイムスロット69 = [5.469849746454844, 7.016875137147548, 8.492196149467734, 1.6438653980557858, 2.038643271234556, 7.77117889018658, 31.463760908874097, 31.78029263973205, 76.1915654245043, 3.9646348252785053, 11.434069417219817, 11.560975109618386, 6.134360257038657, 5.17291842318174, 2.8361284408337717, 48.77824538344847, 15.383078021034153, 10.616658547321727, 2.1668585090399994]
タイムスロット70 = [29.11039917643776, 31.52519504176272, 1.565964174084131, 21.898143623104364, 14.266357737834594, 14.730255315297688, 1.6449332309694389, 10.07320192757255, 5.380330161414747, 16.633945640389758, 33.00961313039755, 27.8171168069296, 2.391734065274125, 14.422273418822533, 2.4930675778540086, 4.481071687840253, 6.824306855501418, 48.36703547877911, 1.0893398818696165]
タイムスロット71 = [29.437047679154034, 30.571833186969755, 1.3674130892404175, 21.826652253370256, 13.671332991332584, 14.79734016548682, 1.3893182831284354, 9.747779477264618, 4.841532820262458, 15.98456097909301, 32.538128023887296, 27.228293703112595, 2.219879009640805, 13.660768701440155, 2.1499307405065604, 4.4610132566061615, 5.968664502457793, 50.977799517901886, 1.0838913205483436]
タイムスロット72 = [14.29520346985625, 13.654287067342842, 2.7027868158319963, 7.693916122770463, 4.250542346924127, 3.8609059417737086, 10.666087745003145, 5.842046177631853, 26.746298230350575, 6.981958264900336, 17.002866301728528, 14.044674920136782, 2.263536063330078, 5.640997372017351, 1.0923644834053643, 17.392436468525265, 4.934005544043641, 28.32005642262869, 0.7712631871576195]
タイムスロット73 = [701.9375822149749, 258.12861678186823, 11.057767563315599, 558.1287011250598, 129.14110661915257, 436.8998158846452, 5.825556575677721, 237.69786898871928, 2.4701996949619316, 32.0882148758891, 646.0262020029893, 70.66911265700766, 3.907053170812271, 53.34302029540376, 6.7675798394505025, 9.254198029390892, 37.09117003593142, 1541.4753734361902, 11.60068147237473]
タイムスロット74 = [43.618649942545, 27.597691769878182, 1.3206130471752742, 31.767800349084165, 11.60523241092952, 23.174744920574643, 2.0670199101905986, 11.26820975800138, 5.988564264652927, 12.860466375073312, 39.76553741194586, 23.257364367988142, 2.3392438890519496, 10.690225939929556, 2.0370239013451146, 5.049482213041028, 4.500215655148635, 93.2583828262641, 0.9294038711495529]
タイムスロット75 = [92.45311611193657, 43.85716693869477, 0.8592719049216294, 70.81736501466331, 19.735920670908094, 53.687477665942176, 1.5686817018779022, 27.668248921493234, 4.938806472242499, 15.911617248983934, 82.42147770627896, 26.125733883412753, 1.845987749140731, 13.454961211005278, 1.9782542177653037, 4.102971214292557, 5.778555470879005, 202.15854957269644, 2.2896511784160753]
タイムスロット76 = [15.357452579393295, 16.724356023055787, 1.778955818579879, 9.585596055193777, 6.427943970845538, 7.984170182354209, 2.366926687545426, 8.081530972566151, 5.183345501739762, 8.753778856936238, 20.122398494706147, 21.498478797762278, 2.3756532665202807, 7.5759559526353, 1.435751311699734, 6.325640765279814, 3.6731227321112496, 26.47501654738292, 0.9493023861926708]
タイムスロット77 = [18.64789210996453, 10.626975935186913, 4.656725569798484, 10.983194763233145, 2.120822346728375, 6.935970288528773, 17.825191150847026, 14.476981265216367, 43.76166612881034, 4.92063023469998, 16.406059960325063, 9.018108441219791, 3.4812402671058487, 4.213400155666208, 1.7888504438229895, 28.085895341866088, 8.678800353967398, 43.011634746523015, 1.0696489881776627]
タイムスロット78 = [20.637207656567732, 24.549071708643744, 1.2869199539055163, 14.871746231300138, 10.513292451035236, 9.843890119942769, 3.7222640131640334, 6.292580876558414, 10.40841117906748, 12.989147788702347, 26.05595672967762, 23.044631921868884, 1.9635976572311074, 10.984016155447033, 1.6263879470364317, 7.3011785398693965, 4.223381924178101, 30.741268982023833, 0.7870132202311323]
タイムスロット79 = [15.418046558894167, 16.427807727481284, 1.875759434718166, 9.268804877709854, 6.028832309816519, 5.888232527035274, 6.598495357451043, 2.920612030850085, 17.008334325207755, 8.66215372503619, 19.456057709894722, 17.62963935136875, 2.114624215392652, 7.308818854955658, 1.4290048576122474, 11.445825367338017, 3.916091386324287, 27.691743847166162, 0.5404122563087304]
タイムスロット80 = [9.217051157265248, 9.191339431484261, 5.696807545791333, 3.2102235489803284, 2.030506709607037, 2.8404279306613476, 21.31987539396418, 19.472978790748535, 52.048846771941676, 4.948063623927731, 12.802890384583664, 9.154776104351685, 4.2136773809154935, 5.425299707119786, 2.369125750347116, 33.347373875249104, 10.811447203391316, 19.55498765987275, 1.5965206958225624]
タイムスロット81 = [27.171089384312488, 25.50913572632622, 1.4392694889029884, 19.210960688338325, 10.862109905571458, 13.324825828632203, 1.8921041191975911, 8.129584313150035, 5.5336201700154595, 13.212647030016608, 28.856916140248092, 24.218850797014518, 2.3157441658539915, 11.196758032688674, 1.9760321948659767, 5.070251774570165, 4.733809639013085, 51.29367925594797, 0.834335615654602]
タイムスロット82 = [3.9463599686087343, 5.046235536345322, 10.50137033497047, 5.219842370538074, 3.139017855514847, 11.892260652750728, 38.49281852375023, 40.62333608734723, 92.87499807384656, 2.9429199600094083, 11.979976172287028, 15.895026911797183, 7.5990717176979095, 5.6512388782431096, 3.3966163365630164, 59.52184874648227, 18.926310863682406, 3.5103939026929427, 2.7349790395226212]
タイムスロット83 = [3.06586335968386, 3.21364394165043, 14.479111433495007, 4.5878606709025105, 4.250923239873663, 17.168041580750657, 52.42673369855721, 57.59242048421983, 125.95446852792519, 2.3497854644995173, 7.111655554929477, 25.693175657567934, 10.58319249978966, 6.935959738160612, 4.658114477962579, 80.80854154277183, 25.853596341294818, 10.364415537628423, 3.8854009194739048]
タイムスロット84 = [19.165829874839957, 24.37038279573919, 1.5437349849189879, 14.353009194394378, 10.555680884946886, 9.671902844077007, 4.4459641924737054, 6.881571971357467, 12.08839432586551, 13.025611002011008, 26.076618166665938, 22.809556191078908, 2.113888887318481, 11.247194368495494, 1.911265429150783, 8.166667890235292, 4.940291448043915, 24.402660036186827, 0.7539883746396766]
タイムスロット85 = [6.815959179571677, 7.4037366753648355, 4.67455497166533, 1.9973199565316768, 1.7885362702839591, 2.2165889017599074, 17.502722039365764, 14.955692354671624, 42.93181190354879, 4.050627633289485, 12.775279332199862, 9.967070956861145, 3.4803203878009685, 4.689994355697309, 1.8660214558402055, 27.680317020630152, 9.053138816280248, 13.445069297767942, 1.197154559278379]
タイムスロット86 = [8.157370939535205, 10.748133496628249, 3.75952930032461, 5.058175488989589, 3.5027067556773495, 4.108178567069446, 13.89864649703065, 11.558063003413736, 34.35049941472902, 5.820440628233791, 15.971142122754186, 12.281360734777497, 2.992431068877284, 6.019960050762134, 1.9705575974945677, 22.197253378223955, 7.628484879502695, 9.738099052000322, 1.1613749436919467]
タイムスロット87 = [13.771708805312528, 17.91375828367778, 2.1520050888782856, 9.668940635559121, 7.099104217669284, 6.83452918175728, 7.0762446115715445, 6.731321827052644, 18.112171415693023, 9.58368428712508, 21.08905519914804, 18.342356698687503, 2.325812073917371, 8.641835467775184, 1.9727713941923968, 11.997815594478299, 5.251751663408033, 16.713813596646915, 1.047962807275079]
タイムスロット88 = [2.5614785670970863, 3.544059082176405, 12.250056492597137, 4.755602366478916, 3.603937517134825, 14.1385541144471, 44.6603314254177, 48.08417066619089, 107.51996984244045, 2.2230777746591595, 9.774052678229088, 20.070342459643033, 8.888399856392526, 5.892341928294026, 3.856232055151382, 68.95128066509218, 21.93081541932996, 5.0578040978982965, 3.2201602113892474]
タイムスロット89 = [47.63605302335158, 61.473385686824926, 7.806045040649134, 42.32669467319458, 31.02854040211769, 28.21482252123143, 26.784522840059463, 34.46215424921798, 64.97374419953317, 33.02068677094646, 58.498061474967336, 46.57049232890266, 5.914225020915862, 30.344314188814074, 5.891045286335053, 41.46930234123443, 22.251817803370905, 52.61025498944728, 3.2222533730474807]
タイムスロット90 = [47.468853851657684, 61.28489831813932, 9.931018085286961, 42.29833147274125, 30.96953748016689, 29.164149599792832, 34.90403076231817, 42.45418354871666, 84.30696334834951, 32.91737981441591, 58.32581360991249, 47.36569356166168, 7.3913228539027225, 30.322962410205275, 6.1511927533768205, 53.85803146464618, 24.649795038981676, 52.2105585959142, 3.5965654365505646]
タイムスロット91 = [5.877473548033493, 7.480530961470736, 4.758311007212411, 4.734788401407072, 2.64229378148235, 5.092663521931375, 17.545769435638196, 15.843688141836095, 43.00165393751923, 4.14051996185148, 14.530473654179078, 10.400489221975054, 3.5837464671208306, 5.4182840908732475, 2.1424478723944933, 27.739869450060233, 9.483653673752904, 5.6309388479924065, 1.3635385802737652]
タイムスロット92 = [5.357487774365053, 5.1836010613431815, 3.3427787014307158, 3.4588647851769774, 2.6017940275177645, 4.079157446320117, 11.216548705675319, 9.420061760620861, 27.66818992647652, 3.025860266046032, 12.843810296503717, 13.250672315814647, 2.8195541658937064, 5.205628420023808, 1.9885687388371567, 18.528346294862818, 7.785291916280228, 10.305310802929364, 1.188407390615977]
タイムスロット93 = [4.210381206828206, 5.043587340702885, 5.259268577831661, 4.031218748743694, 2.63051221092652, 5.0387667472869895, 19.170742862161624, 17.8350996840115, 46.811948858122975, 3.030519140671795, 12.674805709115693, 9.980103093325361, 3.9337659768935738, 5.446838928559915, 2.383330218977418, 30.247164456770022, 10.67871418557424, 5.59075523577701, 1.5611513438289895]
タイムスロット94 = [18.870164579827296, 16.79810371944608, 1.7845959483478195, 11.807064606050195, 6.214038013517106, 8.653750993949567, 3.170458874642937, 6.282866709290827, 7.996216448850547, 8.678418734779031, 20.77394499625891, 20.049509571659595, 2.4314639480086697, 7.6431568700416905, 1.863698198894502, 7.009887127238881, 4.355363665151618, 37.81539827503135, 0.9685917970779797]
タイムスロット95 = [14.067288882983558, 10.839996513910574, 2.0892884862386034, 7.6185577692148065, 3.285031037385063, 6.0429744827858505, 5.041192149676678, 4.874858818924851, 12.58611856622947, 5.5566719772386515, 16.052684176518788, 17.24431752881682, 2.4274695330346603, 5.566597857271928, 1.7525170159932513, 9.729157662571696, 5.066839607864386, 30.635797308824717, 0.9446828365594694]
タイムスロット96 = [50.32383854142455, 34.852260041297974, 1.4886931889690374, 37.662380092509075, 15.623979076074077, 27.404063117277595, 0.9968446227195763, 14.793505563258918, 2.9940357445669226, 16.768314267651203, 47.11808402578246, 28.203860715009775, 2.4610853741451946, 14.254239797950815, 2.4166162941891036, 3.652716251486567, 6.549639717953015, 104.5919158987013, 1.1349590582397733]
タイムスロット97 = [19.215420693505813, 21.191235715098163, 1.744327558698022, 13.061714983754772, 8.729734016566857, 9.454834794462105, 2.2507340344393287, 8.173599767268582, 5.661683514805625, 11.213184303342247, 23.624730139650588, 22.74580587421651, 2.471097222696357, 9.805417732136764, 2.033416651519322, 5.683974389308628, 4.788021482797706, 32.37819303740759, 1.0356416360011924]
タイムスロット98 = [6.118023624653121, 6.264345060835269, 5.634707995339547, 1.8713175761631766, 1.5809809114596436, 3.6165727076017804, 21.102915660339306, 19.283852245081277, 51.50672831715472, 3.3055792740584544, 11.79234665328303, 9.078192543659785, 4.077061511397668, 4.35313469735014, 1.9715009758594437, 33.1271863660883, 10.65022210051682, 12.784537255221066, 1.4821627574440839]
タイムスロット99 = [5.056159459457393, 6.648701809328246, 6.143452203609135, 3.153153661185584, 2.1441149201796756, 5.245558278300122, 22.85069170335973, 21.650678008390333, 55.67001378059161, 3.764691209019085, 12.876231476616395, 9.317850886993561, 4.478141132685434, 5.093568829502567, 2.325432438445055, 35.732274926068264, 11.620024704131934, 7.070319305993284, 1.6056002554973035]
タイムスロット100 = [6.794415055447482, 6.608693786563677, 2.7210237760973657, 3.6096813339952627, 2.7336218859062194, 4.65819314232976, 7.48013538785708, 7.574217259176121, 18.435934088351623, 3.725825999735997, 13.465415500687204, 15.627880049812546, 2.6873372179952306, 5.7195933248854365, 2.1661035216665714, 13.195262306843103, 7.0684772800544895, 13.580088386762002, 1.2970969588618912]
タイムスロット101 = [115.19552320233332, 51.0954437153748, 1.25695192113203, 89.04173007717397, 23.584656919477023, 68.08901270662956, 0.8631945680901398, 35.21521152902654, 3.1890997883735066, 16.930986390376933, 103.14837305848583, 27.80501670756736, 2.0681182294487397, 14.70138583157395, 2.1265308666482867, 3.0536594590572177, 6.7012813590144855, 252.64076193011527, 2.141345331809086]
タイムスロット102 = [14.90408252404492, 5.871141849998411, 4.0230046233966394, 9.276792308317907, 2.938780985528293, 6.2635906990355155, 13.924523280571629, 11.635640455000832, 34.12585026349251, 2.533073211294371, 13.046872255026152, 11.476144147213459, 3.265530992259553, 5.260322028349524, 2.372589851098134, 22.511266617913908, 9.282442297548325, 36.00052978784038, 1.430168339984092]
タイムスロット103 = [67.6349452576733, 37.512607581268064, 5.7228971003934905, 50.31186537720905, 13.021585626709566, 36.572527980567735, 16.16793097227543, 38.97999211619552, 37.109527337193526, 7.260191391674185, 54.156237838109064, 10.66105172884321, 4.021420871429331, 14.987907071549571, 6.54275961225895, 25.597524371558638, 18.890651523670765, 146.18544039924706, 8.993232735314818]
タイムスロット104 = [52.06294076660312, 39.099256820665445, 1.6133094855514134, 39.38763422292361, 17.777439491515945, 28.335869304065586, 1.4336461197972983, 17.250936393644082, 2.6936353051886965, 18.946291003891314, 49.49271435485657, 30.904284670957818, 2.3128153562819773, 16.349096326689754, 2.672108649158912, 4.098036199930891, 8.10308768709123, 105.3764272102613, 2.273716194414069]
タイムスロット105 = [11.011801492891967, 10.432107225164334, 3.0663295384368743, 5.0553744051489815, 2.594168859881035, 2.2694753527378673, 11.622487882240762, 8.383275809243125, 28.88106870867311, 4.958444800860334, 14.352103994686598, 12.711109014893644, 2.4056022132713477, 4.543829995825485, 1.1812680343303943, 18.954609021629743, 6.046501785493616, 22.189063483500338, 1.355166903625464]
タイムスロット106 = [42.31014834434496, 29.57245655175211, 1.7019229148655242, 30.99526920908428, 12.805364494441173, 22.596240244449046, 1.7614786222313878, 12.93477018670339, 3.5562187870959794, 14.305175894659882, 39.64764348779684, 25.982840307523173, 2.6100464183405205, 12.142851209555035, 2.307166350767155, 4.4872180912794, 5.663431368658801, 88.36576316088625, 1.1364942223835772]
タイムスロット107 = [35.02881180329999, 40.882539763117045, 2.16608170024688, 28.182899553270925, 19.502906885644077, 18.820664042870078, 1.134573170728431, 14.48632485779398, 3.242207212958905, 21.751226079284855, 40.89583006598073, 34.34250715636223, 2.7903093425727175, 19.353845110976163, 3.440826889966821, 3.7609698885959215, 10.473309848058793, 51.65486398933151, 1.6405347568198028]
タイムスロット108 = [44.90883268785507, 36.795436264747416, 1.726909549308169, 33.909150824482595, 16.848943900978664, 24.00352118388611, 1.1121466929352148, 14.002652020097003, 3.70743704425395, 18.57117834706795, 44.14805743212957, 30.03319939554418, 2.6076389762857555, 16.151421508707802, 2.9237095208425687, 3.542539296412125, 8.168471187844098, 88.51696032408728, 1.3868650134280183]
タイムスロット109 = [4.151301105815202, 2.018387410373374, 20.887710355504378, 7.94420038230153, 6.769222888842082, 27.181810975134947, 74.85205500575263, 85.14237093797598, 179.19381058646002, 1.2986914885039367, 4.030459973602165, 42.95574227264565, 15.392297856203834, 9.064425718981402, 6.487953427970642, 115.13563472941883, 36.83872771641547, 12.642832511359229, 5.690095915025228]
タイムスロット110 = [38.95735980083117, 28.92479968247277, 0.9501803429724635, 28.307389993949, 12.410221113941253, 20.051843110568182, 2.6540894956437393, 9.233657928223018, 8.025838534830507, 14.184721269228598, 36.97803908928431, 24.16275483833863, 2.006898897928915, 11.70795239579161, 1.7756391372205549, 5.7426300915222885, 4.334896579713739, 80.21779873736293, 0.816339021293027]
タイムスロット111 = [15.380474280073901, 17.51820681163739, 1.8892993454472944, 9.666754527855595, 6.697900408113768, 6.4090881029849855, 5.857111033549872, 4.7621722504939035, 15.155468801104336, 9.312543046780467, 20.27906924103316, 18.62888036996205, 2.2580760954033465, 8.166684152272436, 1.8212090917629595, 10.331309770676276, 4.572755569342848, 25.602154904348122, 0.8662750176460573]
タイムスロット112 = [42.60240409119172, 33.856570075617185, 1.3006137712303636, 31.730807343429575, 15.191357953458827, 22.504843852458922, 1.0511856918901954, 12.301262442195162, 4.227597556836898, 16.91218705095844, 41.404509148936015, 28.040991567963978, 2.2708592699526506, 14.364439417673688, 2.3051712179498534, 3.9266154934208877, 6.405575715964286, 85.20961122003179, 1.1288470880929777]
タイムスロット113 = [10.016964606873499, 10.193086546130635, 3.7180145255962938, 4.091893360415953, 2.6512987714924723, 0.9500651562203121, 14.082284653698101, 10.470893693519546, 34.821566236892494, 5.436872692795137, 14.355518846554883, 11.6115255316382, 2.9037342651166735, 5.103880452494299, 1.6413144033435045, 22.497456764176306, 7.201682069907876, 19.984225200161276, 0.9048850898395334]
タイムスロット114 = [6.533909242304352, 4.747204327805387, 10.214217182790504, 2.6313408082049214, 2.348385272824563, 10.24992625690084, 37.44886055647166, 39.10670651824469, 90.38156597484064, 2.841234729595936, 8.463514210228059, 14.879397343464365, 7.412926196255402, 5.491322654084193, 3.4259322819969293, 57.927081306560275, 18.530853071697905, 17.370165143003536, 2.696540749440048]
タイムスロット115 = [6.3309486848972965, 4.080445685035786, 8.417705444936084, 2.4482574944340056, 2.0546369015186947, 7.566081527264395, 31.050091173845626, 31.281372161130673, 75.1610732976238, 2.4566750939444217, 9.060107195444237, 11.28475806933284, 6.081824073427791, 4.874436743332653, 2.8536893216299237, 48.2102186701613, 15.514696289152266, 16.752230936936463, 2.18149477404897]
タイムスロット116 = [12.28691973194799, 15.253774174934486, 2.2303399201115734, 7.554782444131719, 5.5993157219643965, 5.0485749566291025, 8.197384424529108, 5.029347220081296, 20.84135489465756, 8.13958624044801, 18.739452061288176, 16.531688595914034, 2.182744273510447, 7.038352976212327, 1.4119523261074154, 13.748258584792863, 4.516697481032326, 17.67967473323215, 0.5906950449458641]
タイムスロット117 = [5.0363703390055745, 6.129261997193731, 7.92452444483834, 1.6633849861226393, 1.9803867257872905, 6.9522178149945795, 29.297839188611206, 29.299007501921732, 71.01136119935127, 3.5450737977011384, 11.039663641810476, 10.588675499065138, 5.7468405598695975, 5.298073129392684, 2.8286326777341357, 45.501113866656844, 14.63060645399142, 10.663350527749394, 2.099821606207476]
タイムスロット118 = [5.141802956311242, 6.134392673281301, 5.669306590090258, 2.2532621365312426, 1.9217597706922618, 4.162394232609757, 21.057043724945583, 19.454919821429364, 51.38089213127346, 3.5162345291631616, 12.252049839108672, 9.286734079785669, 4.159692030294078, 4.948855735427273, 2.229779110882009, 33.041336439647324, 10.907518189450794, 9.485190668776099, 1.49666629718169]
タイムスロット119 = [5.984624902588729, 7.278463722060309, 6.226961151522625, 1.7535834644470814, 1.8518769396319195, 4.409513458180379, 23.23552901162582, 21.888305607766657, 56.60207724320176, 4.0830972220851764, 12.33492649751832, 9.167962878633633, 4.537984826534788, 5.042819271856955, 2.3316592165457344, 36.29366417397027, 11.671338460297008, 11.238773289880962, 1.6091318800629917]
