##########################通常データ(標準化)##########################
[2.420752229306136, -0.03540315334347394, 0.21737157954632236, 0.473840087686305, 0.8500285203362986, 2.2861275821046143, 2.4494884440104627]
[2.3474098467607294, 0.4235765059598889, 2.1373178823546097, -0.628575289997047, -0.6251443836371805, 0.9320906460261482, 2.4482460017103995]
[2.3853856859010447, -0.40720949759846997, -0.011365366256289257, 2.1781079438386, 0.6762782752600655, 0.3097409392506001, 2.4482741456380657]
[2.051867605935265, -0.1296817877433707, -0.43454165971890274, -0.5078262196887297, 2.3932916428898414, -0.11868992942405424, 2.4481344040031865]
[2.340352590279043, 0.5832049949443225, -0.4145457417289743, -0.466243304679416, 2.4407783716227676, 0.5578685767370728, 2.446016698925651]

[2.3957616438947342, 0.8839913800254682, -0.49004246035356147, 2.2562396121931547, -0.3612500658863056, 0.39881396061281166, 2.44756170973366]
[2.1827807652162385, -0.370642177607865, -0.337581372177207, -0.5180850251873421, 2.2496656452801744, 1.411049613844064, 2.4491829297957852]
[2.4168832136463334, 0.5940985000557755, 1.6409212817979357, 1.790154315721714, -0.3856146272803458, 1.8426272738129301, 2.448538964572514]
[2.3069978708303354, -0.017974133480196733, -0.549294088314267, 0.03375304017433934, 2.336241869326933, -0.07153465974343558, 2.449306294326805]
[2.414087094052376, 1.6731354255921018, 0.220172324776648, -0.493527161002823, -0.3196485731664727, -0.18892765085399188, 2.449129716813371]

[2.4309493350485822, 1.3240704352006094, 1.078722356006288, -0.8318812835279181, 1.267883082942876, 0.778163419906468, 2.449238456549604]
[2.4155673824934443, 2.1363159188476595, 2.2918239423893154, -0.7933501343000926, 0.3473666847041085, 0.5378706931431116, 2.44687901162792]
[2.4083490420821794, 1.3134025143007382, 0.897379377907102, -0.57316520579054, -0.2393333695041911, 0.13855629910920625, 2.4493365714258344]
[2.414819320468966, 1.597891831843851, 1.6259942668296634, -0.5789732579566609, -0.3623131583129302, 0.23151839906130942, 2.44901475592923]
[2.4176839990194043, 1.7155740038780631, 2.2107722768179325, -0.6782993425501099, -0.3601247085981112, 0.5039819835490559, 2.44545171744583]

[2.414567859951981, 1.5761194567320316, -0.47626951690324454, -0.6798238646827569, 1.5962126665908407, -0.23052226462995018, 2.4486888913695712]
[2.370978894137342, 0.6388737656406591, 0.2523198995098191, -0.602374923875854, 2.357767369234083, 1.4144838914070996, 2.4491017917937645]
[2.424963539247798, 2.107990866734207, 0.8453901133699927, -0.8401515539592206, 1.693820795523613, 1.197825084844617, 2.4490535893950787]
[2.362076412048661, 0.4578932253024375, 0.03356801313885642, -0.3716831483027371, 2.4058819437086063, 1.6036193130719065, 2.4492108589262176]
[2.210006262026928, -0.03372822233959364, -0.32542442657549736, 1.7359333957826886, 2.441613500579343, 0.8232019723716519, 2.4485510646732904]

[2.2919006973808336, 0.22031929194351824, 1.0573512739438746, -0.5423970529963371, 2.4069344716990844, 1.923574500263003, 2.4487108237835935]
[2.2917729942133196, 0.2207284375072683, 0.11027972836516031, -0.48611948811815986, 2.4363521532411165, 1.7143610746216291, 2.448473914098053]
[2.3106673617636226, 0.26607385799734756, 0.070508212997491, -0.39318182356331155, 2.41874458834204, 1.8659294743045174, 2.448399377966642]
[2.4229018778840805, 1.8156238835418996, 0.7289210950561983, -0.6922118888850178, 2.1869622132406503, 2.16869326790448, 2.447469893184333]
[2.285802458555031, 0.3249703974618203, -0.3135326757334418, -0.495650310259736, 2.4289293063125816, 0.5967060653552277, 2.4474588916613573]

[2.224765783552413, 0.1921381159697123, -0.1459866570413059, -0.5004655697111762, 2.430047750142942, 1.907446023906461, 2.448186727686575]
[2.1590736753113, -0.30705293822162266, 0.29396529122874326, -0.012476094925941181, 2.438705416472142, 1.3408212684441054, 2.448154343893714]
[1.868984307188835, -0.20040208611595448, -0.4346160054844499, -0.4682641805789801, 2.4360169893626638, 0.05401695554973002, 2.448589811391107]
[2.3629260815513864, 0.542366309498974, -0.34872619415036965, 0.13690249290157128, 2.442178058088109, 0.4882251787036722, 2.447349120948627]
[2.0438104413377625, -0.08278207659810218, -0.348920467417776, -0.48996872426549964, 2.4341080991684616, 1.9268118672494712, 2.448325990250438]

##########################クラスタ数##########################
4
##########################クラスタ数4個の時の平均##########################
cl[1] = [2.0613033589978804, -0.21811221325738303, -0.2523388427139185, -0.39932404892929857, 2.3903575586346566, 0.9228019551326632, 2.4484774958668463]
cl[2] = [2.3052952187580837, 0.3086241854951154, -0.052134786871695864, -0.17741151751346626, 2.413224489299783, 1.1658074009998916, 2.448251414980961]
cl[3] = [2.4046956931870622, 0.25886930728482493, 0.33922125868360187, 1.6745854898599435, 0.19486052560742817, 1.209327438945239, 2.4484658159886754]
cl[4] = [2.411129929700954, 1.568370084263105, 1.1560224118604505, -0.6789958982652187, 0.5185681249783203, 0.6069249878060454, 2.448250860545117]
##########################クラスタ数4個の時の標準偏##########################
cl[1] = [0.1110832555036255, 0.10735332061012207, 0.27621199699318083, 0.19416355424050968, 0.0723038478957256, 0.8075462274402816, 0.0003886759528296354]
cl[2] = [0.050836413560820554, 0.21667273523564481, 0.4254106589678455, 0.645737310536389, 0.03383620773768243, 0.6721618858428932, 0.0009326919571978229]
cl[3] = [0.014654705944099263, 0.5082847314528574, 0.7937032807951291, 0.7153673975727626, 0.5716682919511221, 0.8698786119544035, 0.0006901565818571153]
cl[4] = [0.0221078295019653, 0.4630018331919427, 0.8647732964648017, 0.1098832858529121, 1.0024974519969487, 0.6807130678598647, 0.0012113376185532631]
##########################クラスタリング結果##########################
km["cluster"] = 
[3.0, 4.0, 3.0, 1.0, 2.0, 3.0, 1.0, 3.0, 2.0, 4.0, 4.0, 4.0, 4.0, 4.0, 4.0, 4.0, 2.0, 4.0, 2.0, 2.0, 2.0, 2.0, 2.0, 4.0, 2.0, 2.0, 1.0, 1.0, 2.0, 1.0]
km["centers"] = 
[[2.0613033589978818, -0.5243637049829559, -0.5980138998267954, -0.7085381815968, 0.9167234511591745, -0.6270123933162715, -0.5200986304342334], [2.3052952187580824, -0.33455745162871947, -0.5068750830308747, -0.5612394146155902, 0.3166955776333458, -0.6271491786383634, -0.5921696684778813], [2.40469569318706, -0.398109639208056, -0.42371276518093104, -0.1532918442416679, -0.5638681108183485, -0.4148563411350663, -0.45085699260299195], [2.411129929700954, -0.15556223770406558, -0.31393496499835455, -0.6158902321540161, -0.4819390889294574, -0.5107398826409193, -0.3330635232741419]]
km["size"] = 
[5, 11, 4, 10]
##########################異常データ(標準化)##########################
[1.6477396476485013, -0.2551676800390743, -0.3490947017382869, -0.4958479688259453, 0.053183313376142356, 2.427448804672083, 2.449489621840463]
[1.7414533042662657, -0.43963258202015537, -0.5936550946578698, -0.3488266663707759, 1.001520060589509, 2.4359199902450612, 2.449079683839446]
[2.2850213126467835, 0.37142409324787573, -0.40354752310863573, -0.6547861105773483, 0.680233054155544, 2.42458672184773, 2.449010835816554]
[2.2398797094349088, 0.27623989720463393, -0.6459866073019878, -0.5716660974793821, 0.9630217895890403, 2.4331718677604735, 2.448879351677668]
[2.1351327786788685, 0.01891938608112491, -0.6133082470978569, -0.6390824163446743, 0.9058959320058151, 2.4430525218889665, 2.4479273642799364]

[2.402074568802195, 1.4628895057201676, 0.07886760727023377, -0.4879248756273473, 2.4353816324434665, 0.9481039554214058, 2.4471953906764865]
[2.401166535965798, 1.2978065950430797, -0.09576747199299156, -0.5318915295967245, 2.416992844560845, 1.4437383247867075, 2.446633340900572]
[2.4307355544070237, 1.8287887946695716, -0.4476652823156244, 1.9520845411789596, 0.3594996621318287, 0.7674701425647228, 2.4490465484487567]
[2.41456101197908, 0.5710989998593226, -0.053665522660348394, -0.29498492607540017, 2.423010763051434, 1.7244205222529445, 2.4476500914574477]
[2.3797051421906485, 0.9948624812025141, -0.2138748583537807, -0.5554688308906242, 2.390105450963019, 0.772334625495589, 2.4491314787327045]

[2.378791142668901, 0.6773857079635478, -0.28739840236651054, -0.5794535790275188, 2.2830898170230953, -0.15777078762647145, 2.449311030896575]
[2.0516521730717403, -0.16624459868825692, 0.18192067682277782, -0.4770547684603498, 2.439207596424502, 1.5809892413791231, 2.4490760413111716]
[2.382651739370843, 0.8073580838540805, 0.2844472008568774, -0.41520518825986846, 2.379094742461954, 0.23555361102329853, 2.4492942018718082]
[2.3534419940124978, 0.5749690636905179, -0.18584152954921535, -0.10698292724154627, 2.423166712552864, 0.03647117046622483, 2.449259456502557]
[1.9964867603851193, 2.437808675331903, -0.28511034515648054, -0.49290566625728466, 2.425117569138638, 0.22723205025492202, 2.4493078827895896]

[1.947180764177608, 2.4136918580176228, -0.17865586342427614, -0.38784469359404405, 2.4447201555969604, 1.332383784002973, 2.4490420395466983]
[2.2251933314607455, -0.13948441546069215, -0.3204379767934161, -0.45233702413159727, 2.4422841895328298, 0.20111333280679466, 2.448941532833133]
[2.3840367421075546, 0.4149843285465473, -0.2962417135072803, -0.4864125514159588, 2.430585150888694, 0.336465650461172, 2.448485363602563]
[2.409557788085783, 1.0569674328859389, -0.23050650445309825, -0.4696324099810711, 2.4368149118277973, 0.08830142505481636, 2.447288079401047]
[2.270624642550364, -0.02490352631429192, -0.5560268339514618, 0.5714935343908376, 2.435904531683379, -0.058148196307213774, 2.4488345143720833]

[2.404908821128751, 0.3317298877385071, -0.491625216078557, -0.4345307379773309, 2.3109921106614983, 0.2264228541888204, 2.449256953457548]
[2.328514098231024, -0.3588821209777759, -0.4115527670792989, 0.12607542932971966, 2.4091187930220244, -0.17387173791510052, 2.4480748570264415]
[2.420681547780938, 1.064804307216019, -0.27218662662533416, 0.40193870209290977, 2.411272816463341, 1.030504431331719, 2.448415036061544]
[2.412943180635751, 1.524630102442664, -0.31532139210347954, -0.4702578263491426, 2.440822839929362, 0.8186000525129903, 2.4457329209407628]
[2.3412113507096977, 0.5938685392289852, -0.2049166697005949, -0.21204892553319377, 2.434756478530574, 0.0475417814725869, 2.4472627544802106]

[2.34501734348273, 0.7987427856542373, -0.4367747043463511, -0.4764119605554062, 2.439875340484412, 1.5608641667947287, 2.4460148053200337]
[2.3407915087582083, 0.6656867298789746, -0.4131979928353135, -0.3184664345981539, 2.440897272764945, 0.10487201591195051, 2.447220192356494]
[2.0136263155101886, -0.1707256195387571, -0.5054505203770415, -0.18859090114350593, 2.4427956625141976, 0.18942864417726185, 2.447678269670717]
[2.2400559458070797, 0.25053910354193415, -0.48682042296373707, -0.5100352898582254, 2.3969045720210755, -0.20446111845296705, 2.4493195426263115]
[2.1775768974363903, -0.004253178478626568, -0.22239449449334564, -0.47690619215949126, 2.433353244892903, 0.1976323606046906, 2.4490728191182662]

##########################逸脱度##########################
32.702682374839256
19.723468552992333
7.076183941356172
8.98613605791333
13.374129922403519

3.075889509588956
3.3634110558626764
3.8574022241450536
2.7037690176482947
3.3764932136866013

3.817791458564831
2.5229533086214735
3.5437441611484304
2.5682833329923054
11.72006038873076

12.077035640229631
2.363965227214461
2.246530082612562
3.507076136329717
3.1206701713859895

4.161861495015549
3.8284536690997477
4.298696628607266
3.8227255082327347
2.580800521025242

3.6708986277572273
2.8903198382197273
2.824136218742779
2.9543543146500624
2.956608739062888

##############################################################
タイムスロット0 = [32.702682374839256, 71.02826921286962, 51.799719011780574, 34.958198339007815]
タイムスロット1 = [19.723468552992333, 43.378496203608904, 45.43485044346074, 30.94217339453402]
タイムスロット2 = [24.515269641153736, 51.27212043567604, 9.02839372498622, 7.076183941356172]
タイムスロット3 = [20.515231063034577, 42.95281263317486, 11.917722866958076, 8.98613605791333]
タイムスロット4 = [20.871365255800903, 44.76026073374176, 18.831901782076176, 13.374129922403519]
タイムスロット5 = [16.355983907346367, 5.843399952382786, 5.807599381378855, 3.075889509588956]
タイムスロット6 = [15.251570987039688, 5.282395070594945, 6.023442261958433, 3.3634110558626764]
タイムスロット7 = [36.233670531319866, 61.25473753065131, 3.8574022241450536, 24.049626011128687]
タイムスロット8 = [8.407454579301792, 2.7037690176482947, 5.059144283211193, 5.038170130676184]
タイムスロット9 = [11.807329550546504, 3.7895336529801757, 5.58005218294665, 3.3764932136866013]
タイムスロット10 = [9.339075115362636, 5.063618004204772, 5.627356253610951, 3.817791458564831]
タイムスロット11 = [2.5229533086214735, 5.6540527452779274, 24.627813763484603, 17.007600610055558]
タイムスロット12 = [10.419315873792934, 3.5437441611484304, 5.4090840230990604, 3.952673469232794]
タイムスロット13 = [8.323207948988603, 2.5682833329923054, 6.131269663427438, 6.776711951309526]
タイムスロット14 = [24.86346242169674, 11.72006038873076, 28.671739865210558, 19.121434562057946]
タイムスロット15 = [24.598062530300794, 12.077035640229631, 31.899582389182093, 21.410073366127172]
タイムスロット16 = [2.363965227214461, 3.2686234157681233, 13.321092634731595, 9.791542489371015]
タイムスロット17 = [6.654536891509699, 2.246530082612562, 5.3057180584643735, 4.17520313269813]
タイムスロット18 = [12.72337921768374, 4.542938334813613, 5.659343017590499, 3.507076136329717]
タイムスロット19 = [5.97619206296537, 3.1206701713859895, 10.268208530563909, 13.80237925946819]
タイムスロット20 = [6.523376346137199, 4.161861495015549, 5.109032125727168, 4.471222416776996]
タイムスロット21 = [4.25970557893477, 3.8284536690997477, 7.206474703901361, 9.651399465194972]
タイムスロット22 = [13.055321945368568, 4.298696628607266, 4.747826598703734, 10.238948980163995]
タイムスロット23 = [18.00293871192055, 6.692707013454183, 6.892381809332861, 3.8227255082327347]
タイムスロット24 = [8.70845493637761, 2.580800521025242, 6.841090257186261, 6.321477287326811]
タイムスロット25 = [11.750992219566948, 3.6708986277572273, 7.477080954387313, 5.248028053308779]
タイムスロット26 = [9.305783876839278, 2.8903198382197273, 6.9729914222980005, 5.738157437367412]
タイムスロット27 = [2.824136218742779, 6.496104494633335, 27.182530792525263, 19.112560840592007]
タイムスロット28 = [5.416929879088449, 2.9543543146500624, 12.475371384373931, 8.925440573055214]
タイムスロット29 = [2.956608739062888, 3.460710398951649, 16.354244602070743, 11.555680748920954]
