##########################通常データ(標準化)##########################
[1.0306517479944386, -0.48601202657721704, -0.5666965800976971, 1.7320505791171374]
[0.7835295355014555, -0.5165919252457212, -0.5724958750533711, 1.732050589882597]
[1.5433929476639006, -0.1319495079998936, -0.5488845871736169, 1.7320398205009813]
[1.6416314883853165, 0.10924748253111032, -0.5365045494103857, 1.732039319514145]
[1.0546858306340137, -0.44205859656249336, -0.5608750090648816, 1.7320485514807278]

[1.0679857497640952, -0.4005718309516432, -0.5706887179747244, 1.7320502131631996]
[1.5073113946500285, -0.16777872447219147, -0.569784320889284, 1.7320495547857735]
[1.3800413084773204, -0.3291148191213707, -0.5478140474932424, 1.7320477661613431]
[1.6618032605288182, 0.2653271988802788, -0.5537758292822317, 1.7320373194403145]
[1.4219935827276742, -0.2585827650433147, -0.5550265540543663, 1.7320323164716542]

[1.6733757590044023, 0.4464326024231915, -0.508587076024002, 1.7320193718059849]
[1.5547263418792583, -0.10740908311653916, -0.545403328182575, 1.732028275754699]
[0.9573457191031781, -0.48370623017082853, -0.5358694485725265, 1.7320460914208922]
[1.1327378096419527, -0.41420658065030064, -0.5207803855075224, 1.7320425342035175]
[0.49720881128327277, -0.564735268799521, -0.5643446176503037, 1.7320498564757838]

[0.6898770965770602, -0.5126259994874078, -0.5600462899062217, 1.7320466687675364]
[1.6488162857530688, 0.30416580274035643, -0.5234076446995184, 1.7320314352337023]
[0.9080858714396027, -0.4864000191631657, -0.5592348183782109, 1.7320492534629324]
[1.0840952612169268, -0.4294938484218791, -0.5665183900044103, 1.7320497900485632]
[1.4740176573038661, -0.23811302265459133, -0.5543496493961823, 1.7320474328864086]

[0.6918193323004146, -0.5126219958205788, -0.5616947968365611, 1.7320505070452807]
[1.4272353826735047, -0.2201203253495998, -0.5758388250642963, 1.732049506462422]
[1.411306198660146, -0.2689116307697107, -0.557413589041368, 1.7320498668247952]
[1.3998613351047116, -0.22343765977742713, -0.5651087298129696, 1.7320490065113607]
[1.1928993596192141, -0.38390321580165127, -0.5697209441099559, 1.7320498905604238]

[1.396413692995327, -0.2746161646705061, -0.5665752332728385, 1.732049394046989]
[1.0552914457802294, -0.396290607203657, -0.5674578396427759, 1.7320505009617033]
[1.0736784753863005, -0.44526146205231965, -0.5691772866928608, 1.7320498907985045]
[1.438126599715052, -0.29151744939959584, -0.5599169063604132, 1.7320488987690927]
[1.4297016820283583, -0.20846830481779882, -0.5634863538050087, 1.732048429676616]

##########################クラスタ数##########################
7
##########################クラスタ数7個の時の平均##########################
cl[1] = [1.5393734286738303, -0.04816329009114323, -0.5481110188955105, 1.7320429595005526]
cl[2] = [0.9266535417740637, -0.470179603436179, -0.5388987079954235, 1.7320450981306486]
cl[3] = [1.5684609834056609, 0.050531409800760096, -0.5362618380268158, 1.7320302439534043]
cl[4] = [0.8199935044522965, -0.4977312948417267, -0.5614848150311321, 1.732049220473148]
cl[5] = [1.1576180645172596, -0.3671169828536995, -0.5667696409448992, 1.7320502183144015]
cl[6] = [1.4182677385033908, -0.24363198080298556, -0.5661852096631053, 1.7320490470932959]
cl[7] = [1.0220956356573903, -0.4343704706096144, -0.5675600271237025, 1.7320500583231944]
##########################クラスタ数7個の時の標準偏##########################
cl[1] = [0.11737107382323443, 0.24396162637719496, 0.007173020862306093, 4.695075864914564e-06]
cl[2] = [0.1820950486348409, 0.041302322163710395, 0.016172716150982133, 1.82822756378612e-06]
cl[3] = [0.08914463641683942, 0.2738116934521105, 0.017470763829286022, 6.625739804612272e-06]
cl[4] = [0.23595953836355968, 0.05071942319707139, 0.0021301658210299344, 5.332724559814829e-07]
cl[5] = [0.2657730251620655, 0.13168896887388926, 0.005096915043216362, 4.2707053725653014e-07]
cl[6] = [0.016863706984298458, 0.033015543022299365, 0.005311848394586052, 3.8373094176014614e-07]
cl[7] = [0.1713866938680617, 0.044620596560311566, 0.0032422131757880797, 2.6589738046012216e-07]
##########################異常データ(標準化)##########################
[1.1133435910804719, -0.36394124670655964, -0.5719981714551866, 1.7320507114023842]
[0.5475194213032468, -0.45902141109273065, -0.5723993717419864, 1.7320507163107066]
[1.386344340033303, -0.15345990968313322, -0.5666278959239165, 1.7320501499806744]
[1.3099844736905997, -0.190278794206281, -0.5694438758404479, 1.7320503504031093]
[1.199712217810216, -0.29458701252266256, -0.5732277072614684, 1.7320503199683577]

[1.6914274094273607, 0.586466797431426, -0.5588626135321009, 1.7320472800335365]
[1.682842580420183, 0.4253445658190253, -0.5562423399004509, 1.7320440777720616]
[1.6909966939181569, 0.43344597764310266, -0.5509139963147026, 1.7320402464145461]
[1.6748633847971466, -0.04834134855130241, -0.5584228898932699, 1.7320480941986838]
[1.6448711191231016, 0.21156428392102042, -0.5579096271559573, 1.7320488084559174]

[1.6233384703912994, 0.017803336181672385, -0.5728156884368822, 1.7320482580302765]
[1.1583442691460495, -0.38293303967832487, -0.5688040020948518, 1.7320506025438096]
[1.5971857916724819, 0.03485887184402349, -0.564426684165857, 1.7320496519889432]
[1.5752160000731301, -0.03552065177632536, -0.5764682791042268, 1.7320501808969224]
[1.379387547551193, 1.718629152317609, -0.5655399914429129, 1.7320502060815648]

[1.341083850521802, 1.6907761694904966, -0.5720977103948178, 1.7320505526136294]
[1.510433452044308, -0.38659146768368063, -0.5693736379937037, 1.7320501826073433]
[1.6664038263757244, -0.06508133355269537, -0.5699282892192035, 1.7320480921430674]
[1.701438566532928, 0.3694226979756716, -0.5685692485773861, 1.7320468692810091]
[1.4133998379141106, -0.31663126894279964, -0.5634917940072284, 1.732050101273706]

[1.6545726832714063, -0.15836612774758801, -0.5666413808976506, 1.7320478609146943]
[1.522292333648843, -0.4780001006129424, -0.5133584765968466, 1.7320455577281169]
[1.673206459456302, 0.1279381929584459, -0.5347105980703365, 1.732047561108651]
[1.7099821510831072, 0.7793772179340807, -0.5683601184307113, 1.7320462715498441]
[1.594161373297814, 0.001732779889900973, -0.5606946795613653, 1.7320468670511306]

[1.6515376550898266, 0.21834446705869093, -0.5661309484831655, 1.7320477264014897]
[1.6384052356714611, 0.10769346957670525, -0.5601434392684107, 1.7320478829909183]
[1.2530853214186755, -0.4009389075282776, -0.5681012563643055, 1.732049344826112]
[1.5084590649129137, -0.16093368320211593, -0.5685285523003721, 1.7320497583607135]
[1.413460341284693, -0.30666881673916935, -0.5692056028070881, 1.7320499724010017]

##########################逸脱度##########################
1.5536102017731768
2.8872809969384816
1.8437252650416494
1.582040790517544
1.4108551123059527

3.3968877090921183
2.56964246230653
2.460199974599695
2.1436608596465487
2.315020567239532

3.4875208316651602
0.9915524362883058
2.7502758824063367
3.526727047543913
7.31424090117473

7.482859594001858
1.4325321482661324
3.4091678617694967
3.64654743536876
1.2497555694145526

2.988455690669484
3.324858473937238
2.5043715145054417
4.339674306321489
2.0074797391208827

3.0738417432374505
2.2435629403212265
2.1086746437804487
2.339440692067904
1.3028218190590044

##############################################################
タイムスロット0 = [5.354109105115615, 4.613351340814473, 6.487119514929654, 6.3780247505067855, 1.5536102017731768, 18.97984975823872, 3.268207997839301]
タイムスロット1 = [9.404442491465783, 4.259374131237521, 12.184075244981146, 6.003119726921225, 2.8872809969384816, 52.23953245213267, 4.040328426655768]
タイムスロット2 = [3.300850644597189, 8.703527665955864, 4.095819446027087, 7.791160136983269, 1.8437252650416494, 4.394369822157442, 6.659742096948351]
タイムスロット3 = [3.934711473200504, 7.8853115552584905, 4.690070349622305, 7.714138722231397, 1.582040790517544, 7.466843945116772, 5.855844062011871]
タイムスロット4 = [4.910552596986032, 5.743403636396146, 5.688348517487886, 7.298782849623942, 1.4108551123059527, 13.531718466262733, 3.8616049669334775]
タイムスロット5 = [3.3968877090921183, 25.98245761499351, 3.7441117236586288, 22.030548958323045, 10.305874093703338, 30.292529461089558, 25.593640427989964]
タイムスロット6 = [2.56964246230653, 22.1093484627409, 3.0310706606360207, 21.063152736395132, 15.846732860344108, 28.773588798868026, 30.069292521794704]
タイムスロット7 = [2.460199974599695, 22.44714977165174, 2.6129491388329704, 25.661442384675613, 24.410294043817853, 34.87663724243815, 42.20828429543704]
タイムスロット8 = [2.1436608596465487, 11.195541146209912, 3.2283282397533695, 9.907453523046165, 6.088238351586023, 16.577472154050206, 12.323118720732069]
タイムスロット9 = [2.315020567239532, 17.132174170247517, 3.235185912394698, 14.532942165834282, 6.049040535646358, 19.325284236639224, 15.928526953383248]
タイムスロット10 = [3.704099524051062, 12.712798554942367, 3.4875208316651602, 12.102012906413842, 5.838676311942259, 14.709423610987972, 12.785489460235686]
タイムスロット11 = [4.8367504465154285, 4.308735847988522, 6.048316769958222, 5.069697535389463, 0.9915524362883058, 16.493705560375467, 2.5094218361821268]
タイムスロット12 = [2.7502758824063367, 13.106320564675395, 3.359487385687924, 11.120966072482558, 3.7446979180301856, 13.649573033552171, 11.185462260974921]
タイムスロット13 = [4.253278898069763, 11.68599093265679, 3.801961772390851, 12.08356207686616, 3.526727047543913, 11.782563938416718, 9.903412213587192]
タイムスロット14 = [7.911510101643613, 53.15215050871803, 7.31424090117473, 43.84307572459825, 15.862253111549498, 59.5559254425194, 48.30348091329281]
タイムスロット15 = [8.213365047642492, 52.49498539981873, 7.482859594001858, 43.563761453825315, 15.696582143276851, 58.91065851530009, 47.7201521599031]
タイムスロット16 = [3.6247414519690366, 5.065461488087442, 3.952226067110486, 5.507622429047728, 1.4325321482661324, 7.598428362772301, 3.129960593874575]
タイムスロット17 = [3.4091678617694967, 10.911727686451021, 3.514993634281011, 10.286930467891596, 5.839066310220642, 15.888513864687045, 11.740561888389058]
タイムスロット18 = [3.6965441242458925, 20.872089118973527, 3.64654743536876, 18.351145821601392, 9.85334714014106, 25.674283948543117, 22.00352723025823]
タイムスロット19 = [3.045419703452436, 5.546853211468913, 4.029261997445213, 4.763367408209143, 1.2497555694145526, 3.5743873165070177, 3.711601496515415]
タイムスロット20 = [2.988455690669484, 8.843164052365973, 3.4071159832029183, 8.345038887048853, 6.039816999237936, 14.58034392599971, 10.966134716552927]
タイムスロット21 = [5.18697869609857, 3.645905751453027, 3.324858473937238, 23.80374859111954, 15.214972516719763, 16.432733437556507, 23.988302739981176]
タイムスロット22 = [2.5043715145054417, 15.11300533342671, 2.880875458275332, 18.2459141977921, 9.806672237711387, 20.132291269812946, 19.081393354116305]
タイムスロット23 = [4.699563364021479, 30.61918925372204, 4.339674306321489, 26.25355147748711, 12.86924927331993, 36.21919891137525, 30.966311063397942]
タイムスロット24 = [2.0074797391208827, 12.113586739297572, 2.892246498088703, 11.285088153733621, 8.575580653106721, 14.048737416363137, 15.974778251301508]
タイムスロット25 = [3.0738417432374505, 17.281472430776002, 3.3360288377498972, 14.978468834658742, 7.5683900437936495, 19.974571232616526, 17.452139045619443]
タイムスロット26 = [2.2435629403212265, 14.665609359551027, 3.1008144056447233, 12.696568741825862, 6.918397426644711, 17.15042205216777, 15.253698928754169]
タイムスロット27 = [4.201997359628492, 3.8314583847946713, 5.183305510531035, 4.088136832656716, 2.1086746437804487, 10.926054231240418, 3.0993714968064476]
タイムスロット28 = [3.2376194422141436, 8.72487085578051, 3.62422052109694, 8.034894550977919, 2.339440692067904, 6.205501090092634, 6.853315320746729]
タイムスロット29 = [3.626724527416809, 5.782687238601955, 4.140842037010522, 5.970063684607314, 1.3028218190590044, 3.140800958525505, 3.710418456488218]
