##########################通常データ(標準化)##########################
[-0.28839265744941556, -0.44614730995087964, 1.9827679544750458, 1.039687526692828, 1.9999996912977396]
[-0.599440461594419, -0.4168478716800376, 1.9320935407535798, 1.9998825528058084, -0.5088933200087116]
[-0.5421824147249832, -0.4847665608024471, 1.996265163506497, 1.4778644282849838, 1.9967085747517688]
[-0.8200370957797252, -0.6180340582894741, 1.7201904180920504, -0.4319378988434787, 1.9999734089046282]
[-0.7433607262049463, -0.4292660260745834, 1.914372346739099, -0.45998805328640757, 1.9999881787235565]

[-0.5334304892830842, -0.30865231077533817, 1.9998659641897352, 1.7400862742257017, 1.8502113953577093]
[-0.6042223840832892, -0.6387112645086838, 1.8221007726050187, -0.19869616440291785, 1.9999863246700673]
[-0.5154766161427716, -0.38878412605701523, 1.9772517629017679, 1.9956000984298412, 1.9642382875532403]
[-0.7240074895831826, -0.5292190781742124, 1.90521568250481, -0.3997006682757941, 1.9999917716564493]
[-0.5867240310224889, -0.2660838601918447, 1.999017307058151, 1.956602253588785, 1.9194561530213723]

[-0.6006293760854289, -0.3699525548213535, 1.9899014570596392, 1.3109994677362558, 1.9997474527547996]
[-0.6450112990474405, -0.23089079699929604, 1.993092700867003, 1.9811123687565124, 1.989243159275487]
[-0.5881279809888369, -0.3007393564568809, 1.9936031113856976, 1.9647217983259397, 1.9893404944351551]
[-0.6119418897616893, -0.2893416179620764, 1.9896540862278764, 1.9955629187847663, 1.931725824295633]
[-0.6304722635723021, -0.2945654123972183, 1.9867235425856196, 1.9977749331469858, 1.769556130302842]

[-0.6440127362788091, -0.29883956757352037, 1.9905837337590553, -0.2905959123993611, 1.999657476768892]
[-0.7248247311612213, -0.438017291784972, 1.9363025314526068, 0.1728941220342228, 1.9999898048218856]
[-0.6100714240113294, -0.2650132644968339, 1.9945938009802684, 0.9542523742580735, 1.999867641993517]
[-0.7248528867799111, -0.47076879544546263, 1.926845311282279, -0.02032372480492766, 1.9999969822230588]
[-0.7295693682580469, -0.4904177244296174, 1.9450895756462467, -0.09657268990952374, 1.9999967850792535]

[-0.8783358843154199, -0.5761899770990178, 1.8681657796715168, 0.7904927847869493, 1.9999937653940587]
[-0.8055279807653007, -0.5424905931786035, 1.8691937678962725, -0.02655260855773102, 1.9999971720690888]
[-0.7660601369060227, -0.5164432259341095, 1.8844182706201091, -0.013590085901109947, 1.9999942967648894]
[-0.619323596142166, -0.3034122768733446, 1.9885979468597197, 0.6391948780806403, 1.999952967141884]
[-0.7772866895555501, -0.48532889918738875, 1.8699323614745929, -0.35766507029088945, 1.9999841296331455]

[-0.7933475623651507, -0.5316779050233141, 1.813825365546819, -0.2214028611590743, 1.9999963794726643]
[-0.8712621546166673, -0.7164814513897338, 1.7900633565968749, 0.17590317259987373, 1.9999950334835015]
[-0.8408177503739697, -0.6747631829556245, 1.5466164890789302, -0.4735210895472138, 1.9999959059863452]
[-0.736659730960852, -0.44044102172774474, 1.9354853063882012, -0.32744367092176485, 1.9999926974930042]
[-0.7816096225405978, -0.6217151806981508, 1.6646273582862465, -0.3896497305995268, 1.9999978446286362]

##########################クラスタ数##########################
5
##########################クラスタ数5個の時の平均##########################
cl[1] = [-0.5530958406247132, -0.34285846318569524, 1.9926991659860138, 1.1035114113084883, 1.9707001691359602]
cl[2] = [-0.5984117518512432, -0.32019486359208743, 1.9787364574535904, 1.989109111708309, 1.5225350959756074]
cl[3] = [-0.7610485624490455, -0.49185826330357124, 1.9055020933675735, -0.0738449665126976, 1.999992558385839]
cl[4] = [-0.7562773670217023, -0.6289568736405773, 1.8086631649162375, -0.08139861765403947, 1.9999925792087445]
cl[5] = [-0.8141548228980975, -0.6381708073144164, 1.6438114218190758, -0.4317029063300731, 1.9999890531732032]
##########################クラスタ数5個の時の標準偏##########################
cl[1] = [0.10598473409689746, 0.07758747008122932, 0.005423779497717327, 0.6615946490859596, 0.05252039005326519]
cl[2] = [0.04156823660050071, 0.06325716757844638, 0.021555638346837595, 0.012474219952462983, 0.9115904835909687]
cl[3] = [0.04681503547306571, 0.046503296834531145, 0.0289329455931674, 0.34890726456225685, 4.020521094580098e-06]
cl[4] = [0.11212555254038772, 0.07576036251808378, 0.013579033903595631, 0.18217584356933014, 4.456632679024066e-06]
cl[5] = [0.024526875749860916, 0.02591832211451162, 0.07237381946770942, 0.03424074209713682, 1.1090444473174432e-05]
##########################クラスタリング結果##########################
km["cluster"] = 
[1.0, 2.0, 1.0, 5.0, 3.0, 1.0, 4.0, 2.0, 3.0, 1.0, 1.0, 2.0, 2.0, 2.0, 2.0, 1.0, 3.0, 1.0, 3.0, 3.0, 3.0, 3.0, 3.0, 1.0, 3.0, 4.0, 4.0, 5.0, 3.0, 5.0]
km["centers"] = 
[-0.5530958406247132, -0.37743116948435934, 1.990126199291063, -0.5498020506386223, -0.509797138543368]
[-0.5984117518512432, -0.34731111571000906, 1.9763261720515093, -0.3457468353175462, -0.6848564691727107]
[-0.7610485624490455, -0.5149516005880405, 1.9251655523360536, -0.6511889082656773, 0.00202351896670952]
[-0.7562773670217023, -0.6849663208906405, 1.8385532629830472, -0.6820239448818154, 0.2847143698111106]
[-0.8141548228980975, -0.6619369195887962, 1.6580709771917805, -0.8360168037209729, 0.654037569016086]
km["size"] = 
[8, 6, 10, 3, 3]
##########################異常データ(標準化)##########################
[0.9675313489939612, -0.4150698079878169, 1.9725288032486847, 0.4025924394260558, 1.999999982717943]
[0.608267754286394, -0.5704455022456394, 1.8364331566315384, -0.2989089593955068, 1.9999955577698292]
[0.04273585096687362, -0.3182460080565988, 1.9737771798033048, -0.047395977332622345, 1.999985259771366]
[0.07485803011889057, -0.3302226973037008, 1.9480543151771927, -0.43879950525626366, 1.9999919240971307]
[0.28596890174853534, -0.395029618795184, 1.926236701436247, -0.4618853464016958, 1.9999909134231586]

[-0.7166732802654017, -0.3168389104931779, 1.9741967535656004, -0.051212480395675504, 1.9999877914483215]
[-0.6921319190894386, -0.33800715679175936, 1.9696081177628104, -0.15876706396375911, 1.9999750730327799]
[-0.5479079390248106, -0.28974515966928216, 1.999476118092895, 0.9461977374518233, 1.9983689806293794]
[-0.6515066846824185, -0.4687516378638775, 1.9700634639925882, -0.10321774084081083, 1.9999893635755566]
[-0.7172580601979227, -0.3627646271773935, 1.951015546593883, -0.23197402303787434, 1.9999921574651396]

[-0.7208617133590489, -0.4190043432836097, 1.9517041115472853, -0.2635134662819638, 1.9999887457597612]
[-0.9113681191505935, -0.7150003349425195, 1.6733261363922443, 0.025637045314826967, 1.999998999821178]
[-0.7674273054249363, -0.41679504366974557, 1.9502856056263171, 0.17838560206232426, 1.9999937811628556]
[-0.7701390509374711, -0.4375463797724564, 1.9278313147144686, -0.20385986869055484, 1.9999973420721873]
[-0.8367005670474956, 0.7332148152110924, 1.9960851958872896, -0.33721482662960256, 1.999998403493804]

[-0.8883137296383822, 0.7835471162651494, 1.9865851250425939, -0.27132382073306244, 1.999999318148646]
[-0.7762336524438481, -0.6361078572300242, 1.8161626003714986, -0.39402102911059284, 1.9999984999217957]
[-0.6953812818817673, -0.4828774536954016, 1.947011003888682, -0.35107408259582457, 1.9999925260157203]
[-0.6838553750405536, -0.39426454084299317, 1.9726436422177256, -0.3121944509954558, 1.9999890491961176]
[-0.7445542828030288, -0.5340299896400224, 1.8921747012793735, -0.4363799820502109, 1.999996300049482]

[-0.641786157139049, -0.47958705204088353, 1.9644222065412311, -0.391200099790126, 1.999987589706728]
[-0.7031870161336593, -0.618437968047625, 1.9144797243950573, -0.3383812709873453, 1.9999787886379226]
[-0.6557095778112102, -0.3938389597555386, 1.978907328915655, -0.16369592621839774, 1.9999814807977998]
[-0.6711849956314, -0.32482313941662866, 1.9809269995334553, -0.3791607746245663, 1.9999881987270687]
[-0.7819309402062325, -0.43189647878065274, 1.9181968564619085, -0.25034508739831474, 1.9999859480987952]

[-0.7337882565352997, -0.37598811952612726, 1.9209885610880897, -0.4694496652519854, 1.99999206984657]
[-0.7582090227122862, -0.4084230224582757, 1.9177078247439772, -0.44248545858161603, 1.999992036486028]
[-0.8120330871860727, -0.6364092921621969, 1.6788176268732697, -0.5001350179444659, 1.9999954055976255]
[-0.7907957351849715, -0.4876345364940013, 1.8458882156886762, -0.4818442387650895, 1.9999968098171126]
[-0.8327660546257941, -0.5991124845405426, 1.784268862303605, -0.2995479978295827, 1.9999973963449305]

##########################逸脱度##########################
14.899116916869431
12.440053266742312
6.8712568696815195
10.422651149443862
13.244182215780592

4.18200199692088
4.878625176393007
1.5382848043628556
3.3674449253774568
3.357242871702279

2.6336259829337085
10.01885835970419
2.3738043739831025
1.884638468537976
14.316328394444797

15.055662927485983
2.2484167025369235
2.1666786233121242
3.7063167490607287
1.7619412061282445

3.614024445508156
4.619248087038621
3.4372566031199274
3.367456732752113
2.2390059771087567

2.852063356377797
2.129293105658524
2.1373745754044498
2.6726188808516236
2.539702160585397

##############################################################
タイムスロット0 = [14.899116916869431, 132.65532766098056, 37.104185870155234, 19.99428271788353, 77.24160562636699]
タイムスロット1 = [31.04146569572861, 185.8628013539045, 29.411909589127465, 12.440053266742312, 58.246476022385494]
タイムスロット2 = [6.8712568696815195, 163.98509392800918, 17.821183196231914, 14.77112133907225, 38.984846588890555]
タイムスロット3 = [10.422651149443862, 195.312810685012, 18.280660140048543, 13.406656345032465, 38.376534922130325]
タイムスロット4 = [14.805274479075829, 197.65252327681586, 22.50435156940861, 13.244182215780592, 45.99892681626141]
タイムスロット5 = [4.18200199692088, 163.58878398022702, 4.702152610414509, 12.918378649374702, 17.715441780339436]
タイムスロット6 = [4.878625176393007, 172.20151730972364, 6.082354654734636, 13.083087795668924, 15.62899515927373]
タイムスロット7 = [1.5382848043628556, 83.62271556612457, 403.8954096045059, 364.6573731212365, 152.58093278487596]
タイムスロット8 = [4.954825198558335, 167.75468231233694, 3.3674449253774568, 12.130810606387833, 14.108817331664579]
タイムスロット9 = [8.118821967568268, 178.0835080432833, 3.357242871702279, 11.09311311591592, 13.440175881953955]
タイムスロット10 = [8.073322699059124, 180.6181324035552, 2.6336259829337085, 10.976482119562219, 11.322512866966287]
タイムスロット11 = [59.200560541154964, 158.34193500368437, 10.01885835970419, 10.24486853938629, 14.278171708930449]
タイムスロット12 = [8.271361270763256, 145.22916001961568, 2.3738043739831025, 10.896461732182745, 20.301829927378364]
タイムスロット13 = [12.366828001337973, 175.87504434189907, 1.884638468537976, 9.220029036243506, 11.107424822394254]
タイムスロット14 = [14.316328394444797, 187.32276607487955, 26.628779383588245, 22.759142764894555, 53.22145561910307]
タイムスロット15 = [15.055662927485983, 182.1811312362694, 27.759384865119262, 22.892206787044316, 55.34713721625768]
タイムスロット16 = [32.91755882605396, 191.30700215961113, 4.720985251896593, 2.2484167025369235, 3.1629897195067707]
タイムスロット17 = [9.009016516896684, 187.64019773177733, 2.1666786233121242, 10.48840222480923, 9.085378493361558]
タイムスロット18 = [4.530347369311955, 184.50089343241274, 3.7063167490607287, 12.572827269390624, 12.231399159256428]
タイムスロット19 = [18.9360259085826, 194.54345691161294, 1.7619412061282445, 6.625541912935209, 6.034843267481612]
タイムスロット20 = [6.033385633315108, 190.83964391517097, 3.614024445508156, 11.859546335708892, 10.385919771707705]
タイムスロット21 = [15.088527089728693, 186.68515640678987, 4.619248087038621, 8.516683171734272, 6.581835812173606]
タイムスロット22 = [3.4372566031199274, 172.590559438003, 4.858019254124436, 13.191852472407561, 14.620823582390473]
タイムスロット23 = [3.367456732752113, 189.86198014415498, 5.032275738902137, 13.463435774729025, 14.289836837336269]
タイムスロット24 = [14.112456867620775, 179.61227378271127, 2.2390059771087567, 8.657860832515748, 10.371650279762843]
タイムスロット25 = [13.55954481859857, 197.13896214078136, 2.852063356377797, 9.17417359149909, 11.358747729938226]
タイムスロット26 = [14.19156081507642, 194.99373877166792, 2.129293105658524, 8.769502102629456, 9.913248664763904]
タイムスロット27 = [58.09961663176815, 200.16468163985803, 8.615505096879367, 9.868039147902312, 2.1373745754044498]
タイムスロット28 = [27.335738922874004, 198.25304822260176, 2.6726188808516236, 4.101512939229599, 6.713465443984399]
タイムスロット29 = [38.722945099988934, 183.8327621719816, 5.204800319914628, 2.539702160585397, 4.698453904211354]
