##########################通常データ(標準化)##########################
[1.2422451567304589, -0.3229443005122076, -0.5235596203610945, 1.7320425368052303]
[1.329317852078503, -0.22343170712718313, -0.5605071502892086, 1.7320458043791052]
[0.22839934324319455, -0.4729682216645209, -0.574139045733151, 1.73205078887703]
[1.22011888116084, -0.29896545450236695, -0.5736304586811037, 1.7320503986076194]
[1.197910155132639, -0.3684658012983044, -0.5700303371555726, 1.732049248592003]

[1.652893457971079, 0.047190804569655256, -0.5349221970354432, 1.7320412712931827]
[1.7168065720086285, 0.8711400370968608, -0.4987593531523628, 1.7319568737874937]
[1.1308414460133926, -0.3660655609339244, -0.5707046659567273, 1.7320501706635867]
[1.6871853897366924, 0.16034660508405035, -0.5371518077225524, 1.7320267622877503]
[1.6552215721279, 0.09053724713906869, -0.5532718732968822, 1.7320422085045721]

[1.6435180931568554, 0.013474744202879953, -0.5418045597008693, 1.732045547604606]
[1.696856920766638, 0.528855302507538, -0.5570696458325611, 1.7320465730955972]
[1.6612943749106264, 0.10164758185463381, -0.5195645769465715, 1.7320434054472298]
[1.7030913981196114, 0.8158062797720951, -0.569613181011284, 1.7320406943271043]
[1.7165064445517624, 1.5087506189488498, -0.5533595237359057, 1.7318996799944737]

[0.9233701458825009, -0.44093223540724485, -0.5645647005918508, 1.7320506168248866]
[1.4924179137656566, -0.2606797693411234, -0.5676885269767605, 1.7320487614779247]
[1.6671790489838478, 0.22629737500589694, -0.5695084110215314, 1.7320426046519413]
[1.6989737830637963, 0.6829493804825478, -0.5395539574921507, 1.732046870004755]
[1.7279145585374274, 0.6333953210066178, -0.5530715602510222, 1.7320350260109674]

[1.6708175687258928, -0.2649009292656222, -0.5719154478010416, 1.732049297521173]
[1.5916093647661964, -0.10279512993027777, -0.5509494984502569, 1.7320494714103638]
[1.6897478773625876, 0.20326924874400362, -0.5634606147416088, 1.7320478279134803]
[1.7002821849885958, 0.416802767818803, -0.5629468195366736, 1.7320211054970585]
[1.6819316078033761, 0.25954954996864105, -0.5431553335987195, 1.732042483715511]

[1.6245388278986872, 0.005887017954465376, -0.5669502523656481, 1.732045784333991]
[1.7179111999635577, 1.1573801660553547, -0.5558262048044961, 1.7319563638392466]
[1.4498106101432036, -0.2918419350138606, -0.553373198247115, 1.732047179689066]
[1.6201149071409522, 0.001630760496052994, -0.573482607752615, 1.732048960036824]
[1.5952199082557492, -0.03046732443512897, -0.565659189996936, 1.7320498500022583]

[1.031362312205004, -0.48594639088187297, -0.5666893100976218, 1.7320505785989553]
[0.7839618756921134, -0.5165672470992609, -0.5724940693804084, 1.7320505895706786]
[1.54300922238159, -0.13194899286606437, -0.5488840069253421, 1.7320398248297362]
[1.6420394077815104, 0.11070143233154232, -0.5364247086940839, 1.7320392735396386]
[1.0558017223581522, -0.44190444702838283, -0.5608578765686634, 1.732048543512831]

[1.06855542566234, -0.4004677149443401, -0.5706852483308247, 1.7320502120950816]
[1.5073113946500285, -0.16777872447219147, -0.569784320889284, 1.7320495547857735]
[1.3803128201581474, -0.32882658426170697, -0.547782060158762, 1.7320477590901542]
[1.6621315350060963, 0.2671815380808393, -0.5537280614524226, 1.7320372611099235]
[1.4236611498835778, -0.25767479048036296, -0.5549719364617219, 1.7320321921161812]

[1.6737884969327477, 0.4497893263571507, -0.5083589592394909, 1.732019160246951]
[1.5558311007329244, -0.1059741730087767, -0.5453175145158811, 1.732028134622812]
[0.9591529627671813, -0.48354366453583564, -0.5358010089056319, 1.7320460645390605]
[1.1309763348967028, -0.4142037673685602, -0.5207776251692107, 1.7320425523954548]
[0.4982619913144023, -0.564722777460668, -0.5643317877326153, 1.7320498526115797]

[0.6919284089032752, -0.5125032267126454, -0.5600164957453192, 1.7320466396706244]
[1.6488162857530688, 0.30416580274035643, -0.5234076446995184, 1.7320314352337023]
[0.9102209735340797, -0.4862148568756715, -0.5592003621312085, 1.7320492428513525]
[1.083431269445882, -0.4294934811464121, -0.5665180199605149, 1.7320497908984893]
[1.4746157531852178, -0.23770926790530886, -0.5543248013160074, 1.7320474238658068]

[0.6923697913126852, -0.5125884833238845, -0.5616870261189465, 1.7320505064800968]
[1.426977755554605, -0.22012019747765996, -0.5758386858845415, 1.7320495068198665]
[1.4116927394090548, -0.2687134442337731, -0.5574018054536569, 1.7320498653862897]
[1.4004189534533826, -0.2231187505267937, -0.5650989477766363, 1.732049002620055]
[1.1934911841866855, -0.3837710992253692, -0.569716326244063, 1.7320498887835547]

[1.396903942956039, -0.27437763654167696, -0.5665676531133018, 1.7320493913520527]
[1.0552914457802294, -0.396290607203657, -0.5674578396427759, 1.7320505009617033]
[1.073727169797078, -0.4451668759503897, -0.5691717139024732, 1.7320498895299001]
[1.4386268240654496, -0.2912616628631799, -0.5599026808105001, 1.7320488947730834]
[1.4302892292749434, -0.20809063328950392, -0.5634737552596972, 1.7320484239918676]

##########################クラスタ数##########################
12
##########################クラスタ数12個の時の平均##########################
cl[1] = [0.5789842820931341, -0.515869991252196, -0.5665336849420881, 1.732049675442002]
cl[2] = [1.4088011876976907, -0.2587457341815701, -0.5604917873455142, 1.732046802021772]
cl[3] = [1.0787483907698474, -0.4224423556821924, -0.5616077874536015, 1.7320490298320004]
cl[4] = [0.9309146940612539, -0.4702302522729173, -0.553188690542897, 1.7320486414050997]
cl[5] = [1.213441344302656, -0.34353666388456205, -0.5592341856104585, 1.7320480181971019]
cl[6] = [1.6862882916342186, 0.20772180126556497, -0.5479225853542936, 1.7320390246389141]
cl[7] = [1.607870752015396, -0.03143616897872209, -0.564260387141364, 1.7320485164458592]
cl[8] = [1.6998010717346603, 0.6111034326452459, -0.5572959009681673, 1.7320388107311289]
cl[9] = [1.6535143943467048, 0.05754524051035918, -0.5401872868820586, 1.7320417770205865]
cl[10] = [1.6676996936408972, 0.31442274648129565, -0.5438651439044816, 1.7320330086696052]
cl[11] = [1.719784693765344, 1.0426665357769207, -0.5402541604859468, 1.7319619859080455]
cl[12] = [1.5146370769430835, -0.18081818551869297, -0.557199834124655, 1.7320427399164107]
##########################クラスタ数12個の時の標準偏##########################
cl[1] = [0.1985217121306848, 0.02915388865159929, 0.005730268815863862, 1.5500509688462937e-06]
cl[2] = [0.033066052714217815, 0.037393932681909124, 0.007450751638520408, 5.007604604842793e-06]
cl[3] = [0.033381696713834556, 0.03426126417959814, 0.015709019553177224, 2.5192791032606455e-06]
cl[4] = [0.020676476940285512, 0.02074550812947261, 0.012488464979578782, 1.9065028641811364e-06]
cl[5] = [0.019451708373277723, 0.034098789620884654, 0.020654051929969136, 3.1908061822779426e-06]
cl[6] = [0.0032534193509455344, 0.04062162795368769, 0.011257096981230862, 8.941068356296993e-06]
cl[7] = [0.014596409245849323, 0.04353011048565896, 0.00823743186774851, 1.6086903119889409e-06]
cl[8] = [0.002258879653172377, 0.15131308527819526, 0.011163288247879797, 1.051462601341615e-05]
cl[9] = [0.009387693598064148, 0.15707219761654864, 0.016601329081428598, 5.169815107265959e-06]
cl[10] = [0.004773153638426436, 0.09716296244985982, 0.025920027266306826, 1.0032363225477251e-05]
cl[11] = [0.004722838324087131, 0.3268477690557467, 0.02398095016133247, 4.815242708049729e-05]
cl[12] = [0.030499145632222432, 0.05962267952589058, 0.009869045544728405, 8.080264362895262e-06]
##########################クラスタリング結果##########################
km["cluster"] = 
[5.0, 2.0, 1.0, 5.0, 5.0, 9.0, 11.0, 3.0, 6.0, 9.0, 9.0, 8.0, 9.0, 8.0, 11.0, 4.0, 12.0, 10.0, 8.0, 11.0, 9.0, 7.0, 6.0, 8.0, 6.0, 7.0, 11.0, 2.0, 7.0, 7.0, 3.0, 1.0, 12.0, 9.0, 3.0, 3.0, 12.0, 2.0, 10.0, 2.0, 10.0, 12.0, 4.0, 3.0, 1.0, 1.0, 9.0, 4.0, 3.0, 12.0, 1.0, 2.0, 2.0, 2.0, 5.0, 2.0, 3.0, 3.0, 2.0, 2.0]
km["centers"] = 
[0.5789842820931341, -0.9135765740582377, -0.997945468195895, 1.332537760160999]
[1.4088011876976907, -0.7919677198866586, -1.0807445826467768, 0.4639111148357449]
[1.0787483907698474, -0.9041033591705873, -1.0873791228072343, 0.912734091207974]
[0.9309146940612539, -0.9335004487111321, -1.0618650732881687, 1.064450827938047]
[1.213441344302656, -0.8540745799892802, -1.110230397200776, 0.7508636328874004]
[1.6862882916342186, -0.5865868607194704, -0.8717657333264502, -0.227935697588298]
[1.607870752015396, -0.6642285852414781, -0.9845645027828209, 0.04092233600890279]
[1.6998010717346603, -0.5005749129404959, -0.863291980394813, -0.33593417839935147]
[1.6535143943467048, -0.6269437752438212, -0.9265812020112714, -0.09998941709161206]
[1.6676996936408972, -0.5548175635566984, -0.9373748327412708, -0.17550729734292805]
[1.719784693765344, -0.4656237434001011, -0.7526408053018694, -0.5015201450633735]
[1.5146370769430835, -0.7413802603987787, -1.0388806818787852, 0.2656238653344804]
km["size"] = 
[5, 10, 8, 3, 4, 3, 4, 4, 7, 3, 4, 5]
##########################異常データ(標準化)##########################
[1.2422451567304589, -0.3229443005122076, -0.5235596203610945, 1.7320425368052303]
[1.329317852078503, -0.22343170712718313, -0.5605071502892086, 1.7320458043791052]
[0.22839934324319455, -0.4729682216645209, -0.574139045733151, 1.73205078887703]
[1.22011888116084, -0.29896545450236695, -0.5736304586811037, 1.7320503986076194]
[1.197910155132639, -0.3684658012983044, -0.5700303371555726, 1.732049248592003]

[1.652893457971079, 0.047190804569655256, -0.5349221970354432, 1.7320412712931827]
[1.7168065720086285, 0.8711400370968608, -0.4987593531523628, 1.7319568737874937]
[1.1308414460133926, -0.3660655609339244, -0.5707046659567273, 1.7320501706635867]
[1.6871853897366924, 0.16034660508405035, -0.5371518077225524, 1.7320267622877503]
[1.6552215721279, 0.09053724713906869, -0.5532718732968822, 1.7320422085045721]

[1.6435180931568554, 0.013474744202879953, -0.5418045597008693, 1.732045547604606]
[1.696856920766638, 0.528855302507538, -0.5570696458325611, 1.7320465730955972]
[1.6612943749106264, 0.10164758185463381, -0.5195645769465715, 1.7320434054472298]
[1.7030913981196114, 0.8158062797720951, -0.569613181011284, 1.7320406943271043]
[1.7165064445517624, 1.5087506189488498, -0.5533595237359057, 1.7318996799944737]

[0.9233701458825009, -0.44093223540724485, -0.5645647005918508, 1.7320506168248866]
[1.4924179137656566, -0.2606797693411234, -0.5676885269767605, 1.7320487614779247]
[1.6671790489838478, 0.22629737500589694, -0.5695084110215314, 1.7320426046519413]
[1.6989737830637963, 0.6829493804825478, -0.5395539574921507, 1.732046870004755]
[1.7279145585374274, 0.6333953210066178, -0.5530715602510222, 1.7320350260109674]

[1.6708175687258928, -0.2649009292656222, -0.5719154478010416, 1.732049297521173]
[1.5916093647661964, -0.10279512993027777, -0.5509494984502569, 1.7320494714103638]
[1.6897478773625876, 0.20326924874400362, -0.5634606147416088, 1.7320478279134803]
[1.7002821849885958, 0.416802767818803, -0.5629468195366736, 1.7320211054970585]
[1.6819316078033761, 0.25954954996864105, -0.5431553335987195, 1.732042483715511]

[1.6245388278986872, 0.005887017954465376, -0.5669502523656481, 1.732045784333991]
[1.7179111999635577, 1.1573801660553547, -0.5558262048044961, 1.7319563638392466]
[1.4498106101432036, -0.2918419350138606, -0.553373198247115, 1.732047179689066]
[1.6201149071409522, 0.001630760496052994, -0.573482607752615, 1.732048960036824]
[1.5952199082557492, -0.03046732443512897, -0.565659189996936, 1.7320498500022583]

[1.031362312205004, -0.48594639088187297, -0.5666893100976218, 1.7320505785989553]
[0.7839618756921134, -0.5165672470992609, -0.5724940693804084, 1.7320505895706786]
[1.54300922238159, -0.13194899286606437, -0.5488840069253421, 1.7320398248297362]
[1.6420394077815104, 0.11070143233154232, -0.5364247086940839, 1.7320392735396386]
[1.0558017223581522, -0.44190444702838283, -0.5608578765686634, 1.732048543512831]

[1.06855542566234, -0.4004677149443401, -0.5706852483308247, 1.7320502120950816]
[1.5073113946500285, -0.16777872447219147, -0.569784320889284, 1.7320495547857735]
[1.3803128201581474, -0.32882658426170697, -0.547782060158762, 1.7320477590901542]
[1.6621315350060963, 0.2671815380808393, -0.5537280614524226, 1.7320372611099235]
[1.4236611498835778, -0.25767479048036296, -0.5549719364617219, 1.7320321921161812]

[1.6737884969327477, 0.4497893263571507, -0.5083589592394909, 1.732019160246951]
[1.5558311007329244, -0.1059741730087767, -0.5453175145158811, 1.732028134622812]
[0.9591529627671813, -0.48354366453583564, -0.5358010089056319, 1.7320460645390605]
[1.1309763348967028, -0.4142037673685602, -0.5207776251692107, 1.7320425523954548]
[0.4982619913144023, -0.564722777460668, -0.5643317877326153, 1.7320498526115797]

[0.6919284089032752, -0.5125032267126454, -0.5600164957453192, 1.7320466396706244]
[1.6488162857530688, 0.30416580274035643, -0.5234076446995184, 1.7320314352337023]
[0.9102209735340797, -0.4862148568756715, -0.5592003621312085, 1.7320492428513525]
[1.083431269445882, -0.4294934811464121, -0.5665180199605149, 1.7320497908984893]
[1.4746157531852178, -0.23770926790530886, -0.5543248013160074, 1.7320474238658068]

[0.6923697913126852, -0.5125884833238845, -0.5616870261189465, 1.7320505064800968]
[1.426977755554605, -0.22012019747765996, -0.5758386858845415, 1.7320495068198665]
[1.4116927394090548, -0.2687134442337731, -0.5574018054536569, 1.7320498653862897]
[1.4004189534533826, -0.2231187505267937, -0.5650989477766363, 1.732049002620055]
[1.1934911841866855, -0.3837710992253692, -0.569716326244063, 1.7320498887835547]

[1.396903942956039, -0.27437763654167696, -0.5665676531133018, 1.7320493913520527]
[1.0552914457802294, -0.396290607203657, -0.5674578396427759, 1.7320505009617033]
[1.073727169797078, -0.4451668759503897, -0.5691717139024732, 1.7320498895299001]
[1.4386268240654496, -0.2912616628631799, -0.5599026808105001, 1.7320488947730834]
[1.4302892292749434, -0.20809063328950392, -0.5634737552596972, 1.7320484239918676]

##########################逸脱度##########################
2.914081775071958
2.5903045956444455
2.749852382346945
1.693751309756877
1.2625086324659904

0.3447800517101332
1.9178961622249824
2.3839695222243984
2.057318966512057
0.8398563645209817

1.3243948917850288
1.5936259057708684
1.5517759785227085
2.28066818902686
2.1185348771945023

2.007734119999897
2.0024310325084227
1.6517192888627095
1.8635953522992492
2.66789337976904

3.657903411849586
2.6252602813399593
2.004339435444884
2.187674895158227
1.9365077065558622

2.2428026879276675
0.8460668999657704
1.8000066166661044
1.6155918038881785
1.2114898602351614

2.435809298392178
1.579997486693784
1.5418662838423518
1.3764141272174575
0.9136441095404133

1.0289560764637664
1.5629590821246953
2.6834703113646725
1.3862578956180218
3.04363194153393

2.711109078889221
2.849002737974036
2.458130187576071
3.983979767492475
1.7703054790868997

2.3379989195192836
2.781899398969225
1.3880200590465066
0.5009989214085292
1.7473581857815537

1.158317478234583
2.429726102521646
0.7905209331297973
1.2439704494441592
1.7451091260546392

1.1120127663384902
1.247430361803017
0.9004715421332696
1.3231137922161946
1.5882168354812431

##############################################################
タイムスロット0 = [11.506766675045602, 7.322243841103476, 6.703075492262398, 17.11744211593563, 2.914081775071958, 137.1264683273845, 26.655739261667623, 202.67566363860726, 43.8879981997937, 89.38442491421578, 101.21533296172993, 9.852260223471488]
タイムスロット1 = [11.056506471382413, 2.5903045956444455, 9.577426217202447, 22.701459920174578, 6.9555022397852735, 110.24206612418352, 19.664424249224737, 164.1062396955362, 34.610927876610816, 71.12284739952592, 82.7896167051927, 6.1389979063021025]
タイムスロット2 = [2.749852382346945, 36.21017278544479, 25.538177052633632, 34.03683867680959, 50.79499307577582, 448.43093009868534, 95.06840072590632, 651.427764324433, 151.86807270526967, 301.6570963261809, 315.82417131419624, 42.50297018904444]
タイムスロット3 = [8.217957564187513, 6.110914334686294, 5.639554753062775, 16.349971394088445, 1.693751309756877, 143.8516333988647, 27.315326974897147, 212.4470811272269, 46.29603102314964, 94.00572466952146, 105.902444546681, 10.042252524565832]
タイムスロット4 = [5.977620622986722, 7.152917637459122, 3.939490858254702, 13.882668422716684, 1.2625086324659904, 150.7980392400448, 29.145997564082325, 222.2852073361636, 48.66249460549912, 98.6923620434794, 110.60632026261389, 10.958461860823267]
タイムスロット5 = [21.496504253752793, 11.594249449368085, 22.27290740040452, 43.109316508241506, 25.447094343314212, 11.062309975121067, 6.76353415837619, 21.19391997934814, 0.3447800517101332, 4.2407611783837025, 14.582091491823805, 6.348405365240752]
タイムスロット6 = [77.59244978100426, 37.29487422217719, 56.080464200033575, 89.22590783366985, 52.565356216652624, 21.405783338261188, 61.596392057954596, 12.159364079237507, 18.660735610955168, 14.117213482103201, 1.9178961622249824, 22.43271822794897]
タイムスロット7 = [5.895977102556789, 9.012897724735577, 2.3839695222243984, 11.014393230469002, 4.385429616770397, 171.32691649435688, 33.59806625772095, 251.9648632703363, 55.79560605380573, 112.71011596974269, 124.79548535177001, 13.066141781643223]
タイムスロット8 = [28.530012510509213, 14.910263091414148, 26.497269019614116, 48.939621487473296, 29.27532825260093, 2.057318966512057, 15.576783008711384, 6.68093622666785, 4.664903010055603, 4.431133764105351, 7.533780840318068, 8.531452125720913]
タイムスロット9 = [22.1495123975801, 12.023545665984635, 23.022040835007658, 44.37548065626412, 26.10109793796244, 9.99284312033617, 5.960709613759302, 20.038695787455655, 0.8398563645209817, 3.6216410246010557, 14.086740327926526, 6.490250794064778]
タイムスロット10 = [19.59957787773197, 10.475518833231426, 21.25134822107153, 41.652186035601964, 24.490440480505644, 14.01845885035889, 4.22683429900017, 25.273680765708665, 1.3243948917850288, 6.068616034469269, 16.54399733674561, 5.570470100642454]
タイムスロット11 = [36.36726766984807, 22.797430739341117, 33.38923351539307, 60.76876687181938, 35.67066380565918, 8.626828839991537, 14.319906698108602, 1.5936259057708684, 5.675790336405626, 6.653797446950717, 5.442103239224352, 13.326523881700487]
タイムスロット12 = [23.704812740203288, 13.484380709265416, 23.466588380697665, 44.972135763343864, 26.576829986332555, 8.510190967821838, 7.891631516633315, 17.707196413178213, 1.5517759785227085, 2.923919567713386, 12.855738397203323, 7.7534562481346425]
タイムスロット13 = [46.3934833102721, 30.13229590288338, 40.831518075314946, 72.50309075786392, 42.3691983185878, 15.95328974092547, 21.10556430710694, 2.28066818902686, 7.374259425431778, 9.120310926436378, 4.140738402289924, 17.867150461399785]
タイムスロット14 = [119.26828422624696, 56.43442536229764, 84.00550145424558, 129.02814964820928, 76.0327643656535, 36.81276613758945, 99.34302298755169, 16.281850699063533, 29.77398576560902, 20.79432447400638, 2.1185348771945023, 34.06533523654812]
タイムスロット15 = [3.1785745425633656, 15.496379822830605, 4.731674789788016, 2.007734119999897, 15.207470574097096, 235.0486050223941, 47.84720639060766, 343.79666206716126, 77.87408682042147, 156.14639895664376, 168.70465853236763, 19.909053831648542]
タイムスロット16 = [9.908474756394872, 2.735596243474756, 13.267158357833054, 28.99766053860376, 14.554019226388315, 60.730265268791364, 9.51280662561725, 91.9981533250084, 17.41128962904353, 37.24084833817457, 48.35398170201763, 2.0024310325084227]
タイムスロット17 = [26.441977503080235, 15.214362464939155, 26.0003456088402, 49.0610980628781, 28.74911942934123, 6.20849252591166, 8.091758022076323, 14.709065715526469, 2.5333889441810418, 1.6517192888627095, 11.601611916524917, 8.55542161332377]
タイムスロット18 = [41.81098670675611, 26.815962706473048, 37.26734439990275, 66.87173219222532, 39.11896307880607, 12.385054394876999, 17.84179911955432, 1.8635953522992492, 6.346230530695589, 7.697551215145133, 4.8719974258847785, 15.807212676725214]
タイムスロット19 = [41.01611341322448, 25.86231732121681, 36.86561096606093, 66.0823008890698, 39.20496741370199, 16.55055024694307, 19.314988935232677, 12.457589907902523, 8.863317464543854, 13.041859308813489, 2.66789337976904, 15.37778209234502]
タイムスロット20 = [10.261310061182904, 8.08804401427168, 18.33476046701289, 37.16016106642598, 23.637616282851944, 12.800094831265639, 6.9614512001857545, 14.172468173696334, 3.657903411849586, 6.307464399957532, 11.337279402582153, 5.576156153701585]
タイムスロット21 = [15.303146528864522, 7.062749783674819, 17.98812444178988, 36.53729982197038, 20.69252996426326, 30.1124442829096, 2.6252602813399593, 48.142029362543944, 6.867451425645857, 16.593110624962467, 27.428683806924703, 3.029342902372781]
タイムスロット22 = [25.32736828895362, 15.001544320390536, 25.86101677114214, 49.00752101939413, 29.270992392847546, 2.004339435444884, 7.792910655129685, 5.3020941820378145, 4.369560121372655, 5.039768986792473, 7.152509467063667, 8.675408385227364]
タイムスロット23 = [37.355942937727505, 20.748915746047697, 32.7041628920321, 58.498004645228995, 34.56571826545635, 7.126773782003986, 20.892069629141826, 2.187674895158227, 6.922238566695349, 7.046767409883168, 4.80847773918468, 12.042686011741703]
タイムスロット24 = [27.865093055014206, 16.324787377168732, 27.03450239130176, 50.67403862309707, 29.94163868532094, 1.9365077065558622, 9.542391672791878, 8.348935462085127, 3.2966283192660506, 3.178359148416938, 8.531625388064084, 9.309429860930953]
タイムスロット25 = [18.823794675866257, 9.66661445559605, 20.625078881480885, 40.68844894345128, 23.50097324474736, 19.706635021365884, 2.2428026879276675, 33.57530832749541, 3.582546265410158, 9.708950472217516, 20.519282054752683, 4.889659918614862]
タイムスロット26 = [83.39286912205044, 42.989817689839676, 62.01568459526046, 99.73387241571362, 58.61052375487955, 26.962537504587722, 63.91568524056553, 11.781858594117747, 19.233637776491804, 15.636752382702994, 0.8460668999657704, 25.73839119424213]
タイムスロット27 = [9.2821265457785, 1.8000066166661044, 11.785767834128183, 26.539326434351096, 12.251904557555218, 73.72614967172338, 12.469352992839182, 110.83429189135818, 21.852195096354464, 46.09645167339601, 57.33906749681462, 2.9047394979987784]
タイムスロット28 = [18.554606071472506, 9.620316644836885, 20.415288479949844, 40.386555659790616, 23.24059010335251, 21.11471074858604, 1.6155918038881785, 35.548761475384644, 4.328678263232238, 10.65754860448118, 21.463854522513774, 4.963778269559041]
タイムスロット29 = [17.41986927053861, 8.360810747551149, 19.24674012102139, 38.50970236285564, 21.678111068242124, 28.668090388050846, 1.2114898602351614, 46.509438041715974, 6.608072415282045, 15.706858729825363, 26.66217518306862, 3.853424175035774]
タイムスロット30 = [2.566390302117983, 12.979679873920038, 2.435809298392178, 5.1357374897353365, 10.287692329329776, 202.0378855269004, 40.87458198754687, 296.0081732291319, 66.40444773270708, 133.5845513152917, 145.8553243820317, 16.70737790846609]
タイムスロット31 = [1.579997486693784, 20.19380586254601, 9.294824571041568, 7.676961735599203, 22.678295235890033, 277.93122162962146, 57.55879891108769, 405.51189178829924, 92.73503329619246, 185.35657825603002, 198.21890987302424, 24.678031338951232]
タイムスロット32 = [15.712121575410515, 5.6868285925820805, 16.712828430897755, 34.1139391048321, 18.232101114826463, 44.82650819012933, 7.599583742153295, 69.58897385398888, 11.850548199803606, 26.5335756711046, 37.63850247810353, 1.5418662838423518]
タイムスロット33 = [23.73218166199914, 12.65151084495308, 23.333584739657287, 44.642746358063356, 25.916807920621093, 13.846599974882105, 7.7828398096599685, 25.851630754725402, 1.3764141272174575, 5.811148690738938, 16.78436802476574, 6.780196385514748]
タイムスロット34 = [3.70404207713309, 11.750860771697585, 0.9136441095404133, 6.223046422615389, 8.604218955525713, 194.45701952289883, 38.98216756712254, 285.1833983028813, 63.774751594853036, 128.4428594214857, 140.67727745323944, 15.68938331458552]
タイムスロット35 = [4.732349471172653, 11.071631069430309, 1.0289560764637664, 7.633076721902741, 7.684251564410699, 190.47611361798215, 37.93125992673113, 279.53539525542436, 62.427815673159195, 125.75517653706315, 137.9780583023319, 15.172840151759916]
タイムスロット36 = [12.835624324074063, 4.0805825718473585, 14.84535877140086, 31.490788995642276, 15.978178555662712, 55.829387929740335, 7.624918337486487, 85.38343916980966, 15.812843639321995, 34.0213913672378, 45.19404452245696, 1.5629590821246953]
タイムスロット37 = [8.348153735161068, 2.6834703113646725, 9.492370097371552, 22.78728735032813, 8.607857228723281, 94.97537371442445, 17.144829234128043, 141.5780644933954, 29.23236344487945, 60.589920587050294, 72.02387437090503, 5.182261736475806]
タイムスロット38 = [28.641328425933843, 16.154279613144894, 27.067350209517446, 50.495384360133755, 29.39889238669853, 7.588055244684041, 10.557748420567037, 16.834065931721234, 2.012999546665423, 1.3862578956180218, 12.546205316491113, 8.968249383572742]
タイムスロット39 = [15.093992484750233, 3.04363194153393, 13.218716180375418, 27.338050534219, 12.156508846025702, 81.53837559306348, 17.044832479113058, 122.38296258787233, 24.652586436144592, 51.467093070074235, 62.84633891840409, 3.50917656277418]
タイムスロット40 = [40.2263939428868, 22.420336921688357, 33.43545044626308, 59.24182806193613, 34.48527576399415, 8.219488372115487, 22.84007612267471, 12.5083050523225, 5.80642359947909, 2.711109078889221, 10.065743240041142, 13.118784145616196]
タイムスロット41 = [20.705530769181614, 7.382898085047766, 18.958963932593292, 36.57664006157635, 19.941294456188377, 40.85414168738455, 13.470546877374929, 63.92813589984675, 10.789647098413083, 23.83808975230965, 34.920152956829085, 2.849002737974036]
タイムスロット42 = [6.252002792685613, 15.233571396126393, 4.48332401401532, 2.458130187576071, 13.762954691122811, 224.14967873717677, 45.797037489472224, 327.96911938578626, 74.05036394000814, 148.677179129297, 161.13118795972238, 19.035950347194312]
タイムスロット43 = [10.23568281927706, 10.817126261633314, 3.983979767492475, 10.855907612641948, 5.354362964920135, 171.38833025223033, 34.44402738713662, 251.9298362393389, 55.755457976170746, 112.70358868294187, 124.76608069432038, 13.681526585812856]
タイムスロット44 = [1.7703054790868997, 28.738054380356704, 17.882182205921488, 21.44287195194517, 37.33997807881233, 365.6620520332848, 77.00460990814963, 531.9763164048976, 123.14255085198822, 245.1771963678342, 258.6967855313203, 33.96016235717101]
タイムスロット45 = [2.3379989195192836, 22.71737506654609, 11.920444037263948, 11.796157135559968, 27.268169884918862, 306.1522298801213, 63.72969079315375, 446.2450162826092, 102.50603065774828, 204.61159509581194, 217.69595386708878, 27.548185145216923]
タイムスロット46 = [31.864258470638514, 17.70557156941207, 28.215164654359207, 51.82731947117978, 29.862918050866277, 11.989911102409966, 14.305494625372335, 22.874976141639923, 2.781899398969225, 4.038557447303732, 15.280015306346248, 9.96002679219049]
タイムスロット47 = [2.352504987733724, 16.267346474223505, 5.3835508869210695, 1.3880200590465066, 16.14473688257161, 239.15471807244498, 48.930427927803365, 349.62167358656325, 79.27450037732604, 158.91877812817648, 171.4898644948098, 20.485547123033882]
タイムスロット48 = [3.9038925493271486, 10.894313933821127, 0.5009989214085292, 7.731035101308718, 7.173552937089126, 185.9735404474863, 37.084244040664004, 272.9551651723992, 60.846185496840626, 122.66094517786408, 134.83165737073645, 14.796619282223757]
タイムスロット49 = [10.864439756679998, 2.2312922157120365, 13.050874180072826, 28.59198278140793, 13.78413882865299, 65.98827012912858, 10.378574659232706, 99.8503618425372, 19.199224571354115, 40.876503480105974, 52.092484567398444, 1.7473581857815537]
タイムスロット50 = [1.158317478234583, 22.7178197358544, 11.884318052732576, 11.776750219185846, 27.254280567140103, 306.0189796185449, 63.70026697235292, 446.05052656255236, 102.46988575414565, 204.52237255604726, 217.603467162932, 27.54912111162413]
タイムスロット51 = [11.126739465528049, 2.429726102521646, 12.022898617316343, 26.9155168215044, 11.596350428551746, 80.44366107090278, 13.218510441198891, 120.91870831539829, 24.33698393282528, 50.7732887201894, 62.162649929521194, 3.6004873791610903]
タイムスロット52 = [9.592677399133803, 0.7905209331297973, 10.944969871968919, 25.210273587169766, 10.441954748182805, 85.22593804676433, 14.551502475753095, 127.68158832498794, 25.91111344496551, 53.99817658641993, 65.38714421035354, 3.7873568141836786]
タイムスロット53 = [10.872238014317952, 1.2439704494441592, 11.258369381166647, 25.660210281147737, 10.249153116022768, 88.52534096459964, 14.882468090086995, 132.65566846680386, 27.097197318217663, 56.29784706970345, 67.76439705846221, 3.9710747369636263]
タイムスロット54 = [5.517226366665186, 7.4492509289695255, 3.670380004231094, 13.446946443022009, 1.7451091260546392, 152.18595668229142, 29.540203133798084, 224.24368595722984, 49.14054971856321, 99.62783139498178, 111.54298415638745, 11.173721647589996]
タイムスロット55 = [9.25324893597679, 1.1120127663384902, 10.470611139358704, 24.46126880915087, 9.663422516452275, 89.75879563530053, 15.50550565425291, 134.2257272709519, 27.50181081987697, 57.08589916770287, 68.51731469523165, 4.352264501606697]
タイムスロット56 = [4.784325486414924, 11.368696050517208, 1.247430361803017, 7.151545241645465, 8.322297803410999, 194.52994132400727, 38.795526616584525, 285.40397445617293, 63.83309209451576, 128.52603640748112, 140.78329498903355, 15.552980064565734]
タイムスロット57 = [3.510441111290736, 11.370055267329981, 0.9004715421332696, 7.157709702501494, 7.81336077915248, 188.98034145794912, 37.82264903485006, 277.2531856481187, 61.887757388179644, 124.70076719751529, 136.8875371627837, 15.195445122494357]
タイムスロット58 = [8.927414715209498, 1.3231137922161946, 11.44108213563209, 26.03229472045098, 11.68098479699573, 77.12339525826744, 13.053899508863232, 115.77904439883933, 23.069575799232222, 48.42494046108375, 59.70418771298482, 3.208988886391918]
タイムスロット59 = [11.435792031540059, 1.5882168354812431, 12.252148235766374, 27.270302147150066, 11.837000655558096, 79.36816207328248, 12.825589734253501, 119.43972276074338, 23.91437229311726, 50.05788067399569, 61.45011530160708, 2.9591633240405564]
