144	0
117	1
1037	2
26	3
184	4
0	5
0	6
1356	7
t
185	0
132	1
892	2
10	3
213	4
9	5
0	6
926	7
t
288	0
239	1
1509	2
12	3
216	4
6	5
0	6
1231	7
t
210	0
157	1
1193	2
18	3
224	4
3	5
0	6
1657	7
t
177	0
132	1
1136	2
18	3
286	4
6	5
0	6
1878	7
t
334	0
290	1
1075	2
14	3
160	4
3	5
0	6
380	7
t
443	0
399	1
1501	2
8	3
20	4
3	5
0	6
581	7
t
453	0
418	1
1703	2
8	3
6	4
0	5
0	6
559	7
t
398	0
355	1
2167	2
18	3
170	4
0	5
0	6
1267	7
t
286	0
246	1
1688	2
10	3
190	4
0	5
0	6
1492	7
t
301	0
268	1
1642	2
6	3
176	4
0	5
0	6
1182	7
t
446	0
424	1
2491	2
22	3
200	4
9	5
0	6
2834	7
t
152	0
123	1
906	2
12	3
178	4
6	5
0	6
981	7
t
256	0
220	1
1908	2
8	3
146	4
6	5
0	6
2278	7
t
508	0
1191	1
2417	2
22	3
66	4
0	5
0	6
911	7
t
250	0
235	1
1300	2
16	3
44	4
3	5
0	6
769	7
t
358	0
350	1
1406	2
2	3
24	4
0	5
0	6
509	7
t
601	0
578	1
2276	2
12	3
40	4
0	5
0	6
830	7
t
474	0
452	1
1983	2
16	3
30	4
3	5
0	6
1187	7
t
437	0
427	1
1712	2
10	3
100	4
9	5
0	6
1104	7
t
284	0
272	1
1769	2
10	3
20	4
3	5
0	6
1428	7
t
640	0
603	1
2519	2
14	3
42	4
0	5
0	6
773	7
t
311	0
290	1
1891	2
4	3
80	4
0	5
0	6
1073	7
t
220	0
210	1
1512	2
12	3
10	4
0	5
0	6
1503	7
t
246	0
239	1
1577	2
12	3
20	4
0	5
0	6
1482	7
t
265	0
246	1
1688	2
14	3
28	4
3	5
0	6
1859	7
t
242	0
226	1
1631	2
14	3
88	4
3	5
0	6
2181	7
t
90	0
70	1
792	2
12	3
56	4
3	5
0	6
972	7
t
276	0
270	1
1414	2
4	3
24	4
6	5
0	6
852	7
t
168	0
150	1
1227	2
14	3
32	4
3	5
0	6
1258	7
t
