3891	0
599	1
6	2
725	3
t
1675	0
222	1
14	2
1012	3
t
3058	0
498	1
4	2
648	3
t
3516	0
485	1
18	2
1712	3
t
4163	0
634	1
8	2
1176	3
t
4413	0
656	1
2	2
977	3
t
3719	0
432	1
40	2
1723	3
t
3710	0
473	1
14	2
3006	3
t
3695	0
451	1
6	2
3232	3
t
2876	0
367	1
10	2
1293	3
t
1932	0
296	1
12	2
602	3
t
3112	0
352	1
10	2
3146	3
t
3593	0
374	1
6	2
5542	3
t
3361	0
336	1
10	2
2605	3
t
3444	0
388	1
16	2
2969	3
t
38548	0
300	1
8	2
2156	3
t
110700	0
404	1
12	2
2008	3
t
116662	0
708	1
12	2
1511	3
t
104117	0
372	1
10	2
2121	3
t
112777	0
168	1
14	2
2266	3
t
132880	0
549	1
8	2
2658	3
t
115613	0
326	1
20	2
2949	3
t
124273	0
515	1
14	2
1721	3
t
126104	0
455	1
6	2
1931	3
t
120126	0
321	1
4	2
2431	3
t
109539	0
412	1
16	2
2260	3
t
2177	0
245	1
10	2
1544	3
t
2901	0
341	1
16	2
1641	3
t
3297	0
278	1
14	2
12681	3
t
2389	0
236	1
8	2
2068	3
t
