5049	0
596	1
16	2
4503	3
t
2053	0
235	1
10	2
3101	3
t
2985	0
487	1
14	2
1929	3
t
3120	0
517	1
12	2
2234	3
t
2549	0
357	1
6	2
2075	3
t
3906	0
615	1
12	2
911	3
t
2528	0
379	1
10	2
658	3
t
2188	0
306	1
10	2
526	3
t
3864	0
337	1
14	2
1080	3
t
3529	0
545	1
16	2
1202	3
t
2891	0
373	1
4	2
1082	3
t
3737	0
389	1
18	2
3182	3
t
3807	0
561	1
14	2
1578	3
t
4864	0
676	1
2	2
2149	3
t
29251	0
18923	1
20	2
2416	3
t
24387	0
16747	1
14	2
3667	3
t
4336	0
266	1
12	2
2214	3
t
3655	0
325	1
6	2
1082	3
t
4174	0
473	1
6	2
874	3
t
3156	0
316	1
18	2
1948	3
t
3296	0
262	1
8	2
1047	3
t
1550	0
64	1
32	2
773	3
t
3315	0
394	1
27	2
956	3
t
4861	0
662	1
6	2
818	3
t
2042	0
290	1
10	2
856	3
t
2975	0
444	1
8	2
974	3
t
2847	0
397	1
12	2
1002	3
t
1653	0
142	1
8	2
1265	3
t
3132	0
405	1
10	2
1633	3
t
2904	0
298	1
10	2
1791	3
t
