5049	0
596	1
4519	2
t
2053	0
235	1
3111	2
t
2985	0
487	1
1943	2
t
3120	0
517	1
2246	2
t
2549	0
357	1
2081	2
t
3906	0
615	1
923	2
t
2528	0
379	1
668	2
t
2188	0
306	1
536	2
t
3864	0
337	1
1094	2
t
3529	0
545	1
1218	2
t
2891	0
373	1
1086	2
t
3737	0
389	1
3200	2
t
3807	0
561	1
1592	2
t
4864	0
676	1
2151	2
t
29251	0
18923	1
2436	2
t
24387	0
16747	1
3681	2
t
4336	0
266	1
2226	2
t
3655	0
325	1
1088	2
t
4174	0
473	1
880	2
t
3156	0
316	1
1966	2
t
3296	0
262	1
1055	2
t
1550	0
64	1
805	2
t
3315	0
394	1
983	2
t
4861	0
662	1
824	2
t
2042	0
290	1
866	2
t
2975	0
444	1
982	2
t
2847	0
397	1
1014	2
t
1653	0
142	1
1273	2
t
3132	0
405	1
1643	2
t
2904	0
298	1
1801	2
t
