2950	0
175	1
20	2
2861	3
t
2039	0
101	1
8	2
2499	3
t
1048	0
137	1
10	2
508	3
t
1434	0
202	1
14	2
502	3
t
962	0
82	1
10	2
911	3
t
1902	0
198	1
8	2
1776	3
t
2864	0
365	1
8	2
1496	3
t
1412	0
147	1
18	2
920	3
t
1500	0
225	1
8	2
464	3
t
616	0
75	1
6	2
377	3
t
1031	0
177	1
14	2
297	3
t
752	0
101	1
8	2
355	3
t
570	0
43	1
16	2
593	3
t
557	0
58	1
18	2
489	3
t
592	0
12	1
8	2
955	3
t
397	0
25	1
6	2
529	3
t
1122	0
194	1
14	2
379	3
t
925	0
64	1
12	2
1008	3
t
1501	0
132	1
10	2
1380	3
t
1615	0
189	1
14	2
903	3
t
1479	0
91	1
20	2
1968	3
t
2356	0
304	1
2	2
1424	3
t
2680	0
318	1
22	2
1666	3
t
1879	0
255	1
10	2
1189	3
t
1874	0
187	1
8	2
1537	3
t
2133	0
251	1
10	2
1354	3
t
2588	0
281	1
16	2
2447	3
t
1563	0
124	1
8	2
1452	3
t
2009	0
212	1
14	2
1193	3
t
1735	0
234	1
10	2
1048	3
t
