747	0
15	1
974	2
t
1226	0
69	1
1235	2
t
1150	0
12	1
1474	2
t
799	0
29	1
1000	2
t
978	0
107	1
1011	2
t
1554	0
196	1
1207	2
t
2000	0
221	1
1310	2
t
2861	0
255	1
2425	2
t
1728	0
106	1
1830	2
t
4480	0
652	1
1013	2
t
991	0
126	1
801	2
t
1527	0
87	1
1321	2
t
1511	0
146	1
1205	2
t
1325	0
41	1
1811	2
t
1677	0
161	1
1550	2
t
1944	0
141	1
1991	2
t
2598	0
309	1
1680	2
t
1414	0
68	1
1319	2
t
1151	0
43	1
1278	2
t
693	0
62	1
692	2
t
664	0
57	1
687	2
t
1201	0
77	1
1550	2
t
1596	0
104	1
1744	2
t
1601	0
134	1
1332	2
t
2016	0
162	1
1914	2
t
1066	0
111	1
584	2
t
1688	0
205	1
827	2
t
1746	0
211	1
805	2
t
1457	0
124	1
1174	2
t
2855	0
328	1
1849	2
t
