27309	0
3297	1
3372	2
3552	3
4018	4
6806	5
2494	6
t
707	0
96	1
208	2
0	3
0	4
57	5
99	6
t
717	0
42	1
59	2
195	3
45	4
27	5
90	6
t
734	0
73	1
16	2
2	3
444	4
12	5
96	6
t
2336	0
297	1
15	2
0	3
697	4
24	5
59	6
t
895	0
121	1
14	2
191	3
7	4
26	5
77	6
t
1190	0
106	1
94	2
41	3
612	4
175	5
203	6
t
1171	0
154	1
220	2
171	3
15	4
116	5
90	6
t
2253	0
223	1
44	2
199	3
834	4
36	5
256	6
t
1265	0
189	1
48	2
0	3
10	4
16	5
170	6
t
1705	0
227	1
169	2
0	3
155	4
90	5
180	6
t
2159	0
369	1
194	2
0	3
27	4
28	5
70	6
t
1454	0
224	1
143	2
0	3
27	4
54	5
240	6
t
1390	0
217	1
161	2
0	3
11	4
40	5
151	6
t
1025	0
153	1
127	2
0	3
6	4
22	5
57	6
t
1137	0
172	1
14	2
0	3
127	4
10	5
125	6
t
2636	0
387	1
242	2
0	3
724	4
141	5
163	6
t
2696	0
447	1
156	2
0	3
201	4
109	5
151	6
t
4547	0
585	1
322	2
95	3
1340	4
198	5
194	6
t
3847	0
522	1
268	2
1524	3
1318	4
54	5
103	6
t
2797	0
410	1
658	2
0	3
987	4
164	5
116	6
t
3679	0
442	1
330	2
0	3
1391	4
120	5
106	6
t
2659	0
346	1
237	2
52	3
973	4
135	5
102	6
t
2972	0
463	1
191	2
0	3
331	4
148	5
73	6
t
1561	0
199	1
44	2
0	3
592	4
32	5
76	6
t
2672	0
358	1
172	2
0	3
1209	4
136	5
98	6
t
2015	0
175	1
356	2
198	3
1061	4
70	5
86	6
t
1411	0
119	1
15	2
0	3
1067	4
22	5
114	6
t
3156	0
396	1
79	2
211	3
882	4
26	5
69	6
t
2444	0
261	1
87	2
0	3
1507	4
152	5
107	6
t
