75023	0
10488	1
6635	2
2056	3
14777	4
70361	5
9423	6
t
2053	0
235	1
104	2
226	3
998	4
1612	5
170	6
t
2985	0
487	1
121	2
0	3
531	4
1129	5
161	6
t
3120	0
517	1
25	2
54	3
758	4
1262	5
146	6
t
2548	0
357	1
15	2
0	3
714	4
1260	5
92	6
t
3905	0
615	1
150	2
0	3
665	4
40	5
68	6
t
2528	0
379	1
81	2
0	3
467	4
56	5
63	6
t
2187	0
306	1
44	2
224	3
57	4
70	5
141	6
t
3864	0
337	1
144	2
65	3
719	4
88	5
77	6
t
3528	0
545	1
115	2
0	3
838	4
88	5
177	6
t
2891	0
373	1
86	2
0	3
707	4
28	5
264	6
t
3736	0
389	1
597	2
0	3
2275	4
164	5
164	6
t
3807	0
561	1
316	2
51	3
938	4
60	5
226	6
t
4864	0
676	1
219	2
224	3
1451	4
40	5
216	6
t
29251	0
18923	1
163	2
0	3
1925	4
72	5
275	6
t
24387	0
16746	1
348	2
83	3
2959	4
130	5
161	6
t
4335	0
266	1
107	2
2	3
1928	4
38	5
151	6
t
3655	0
324	1
68	2
0	3
876	4
34	5
110	6
t
4173	0
473	1
70	2
0	3
719	4
16	5
75	6
t
3155	0
316	1
42	2
523	3
1247	4
20	5
134	6
t
3295	0
262	1
39	2
45	3
681	4
60	5
230	6
t
1550	0
64	1
44	2
131	3
523	4
10	5
96	6
t
3314	0
394	1
93	2
201	3
544	4
56	5
89	6
t
4860	0
662	1
44	2
0	3
693	4
30	5
57	6
t
2042	0
290	1
81	2
67	3
632	4
14	5
71	6
t
2975	0
444	1
14	2
0	3
848	4
59	5
60	6
t
2847	0
397	1
26	2
49	3
849	4
16	5
73	6
t
1653	0
142	1
0	2
114	3
1058	4
20	5
80	6
t
3132	0
405	1
13	2
0	3
1328	4
24	5
277	6
t
2904	0
298	1
149	2
0	3
1441	4
42	5
168	6
t
