654	0
87	1
18	2
511	3
t
979	0
148	1
8	2
685	3
t
2320	0
324	1
10	2
4858	3
t
2885	0
389	1
6	2
2296	3
t
1444	0
154	1
6	2
1178	3
t
1694	0
206	1
16	2
558	3
t
1222	0
156	1
10	2
176	3
t
2019	0
233	1
8	2
1769	3
t
1384	0
152	1
10	2
353	3
t
1825	0
229	1
10	2
589	3
t
2182	0
263	1
18	2
753	3
t
3772	0
532	1
12	2
833	3
t
1990	0
252	1
24	2
628	3
t
2910	0
459	1
4	2
548	3
t
2009	0
310	1
4	2
156	3
t
2679	0
256	1
24	2
2873	3
t
2201	0
228	1
8	2
1181	3
t
2030	0
277	1
4	2
602	3
t
4077	0
637	1
22	2
859	3
t
5446	0
309	1
8	2
437	3
t
5360	0
285	1
6	2
1504	3
t
3517	0
422	1
26	2
1486	3
t
4121	0
452	1
10	2
1009	3
t
1487	0
181	1
4	2
317	3
t
2225	0
287	1
14	2
594	3
t
2066	0
262	1
6	2
771	3
t
1607	0
219	1
4	2
186	3
t
1491	0
156	1
14	2
869	3
t
3356	0
427	1
4	2
1272	3
t
4197	0
559	1
14	2
1748	3
t
2950	0
175	1
20	2
2859	3
t
2039	0
101	1
8	2
2498	3
t
1047	0
137	1
10	2
508	3
t
1434	0
202	1
14	2
501	3
t
962	0
82	1
10	2
910	3
t
1902	0
198	1
8	2
1775	3
t
2864	0
365	1
8	2
1496	3
t
1411	0
147	1
18	2
919	3
t
1500	0
225	1
8	2
463	3
t
616	0
75	1
6	2
376	3
t
1031	0
177	1
14	2
296	3
t
752	0
101	1
8	2
354	3
t
570	0
43	1
16	2
592	3
t
556	0
58	1
18	2
489	3
t
592	0
12	1
8	2
954	3
t
397	0
25	1
6	2
528	3
t
1122	0
194	1
14	2
379	3
t
925	0
64	1
12	2
1006	3
t
1500	0
132	1
10	2
1380	3
t
1615	0
189	1
14	2
902	3
t
1479	0
91	1
20	2
1967	3
t
2355	0
304	1
2	2
1424	3
t
2680	0
318	1
22	2
1665	3
t
1879	0
255	1
10	2
1188	3
t
1874	0
187	1
8	2
1536	3
t
2133	0
251	1
10	2
1353	3
t
2588	0
281	1
16	2
2447	3
t
1562	0
124	1
8	2
1451	3
t
2009	0
212	1
14	2
1192	3
t
1735	0
234	1
10	2
1047	3
t
