747	0
15	1
10	2
964	3
t
1226	0
69	1
8	2
1227	3
t
1150	0
12	1
22	2
1452	3
t
799	0
29	1
12	2
988	3
t
978	0
107	1
12	2
999	3
t
1554	0
196	1
26	2
1181	3
t
2000	0
221	1
14	2
1296	3
t
2861	0
255	1
12	2
2413	3
t
1728	0
106	1
16	2
1814	3
t
4480	0
652	1
4	2
1009	3
t
991	0
126	1
10	2
791	3
t
1527	0
87	1
16	2
1305	3
t
1511	0
146	1
14	2
1191	3
t
1325	0
41	1
14	2
1797	3
t
1677	0
161	1
10	2
1540	3
t
1944	0
141	1
4	2
1987	3
t
2598	0
309	1
20	2
1660	3
t
1414	0
68	1
16	2
1303	3
t
1151	0
43	1
12	2
1266	3
t
693	0
62	1
12	2
680	3
t
664	0
57	1
8	2
679	3
t
1201	0
77	1
14	2
1536	3
t
1596	0
104	1
16	2
1728	3
t
1601	0
134	1
4	2
1328	3
t
2016	0
162	1
14	2
1900	3
t
1066	0
111	1
10	2
574	3
t
1688	0
205	1
4	2
823	3
t
1746	0
211	1
16	2
789	3
t
1457	0
124	1
8	2
1166	3
t
2855	0
328	1
16	2
1833	3
t
