=======AVERAGE=======
1641.8
1344.0
1094.8
1279.8
1178.6
1110.6
1124.8
847.8
858.8
860.6	10
683.2
912.0
1402.6
1137.8
1214.8
1114.2
1014.6
2460.0
873.6
1484.2	20
1316.6
1399.4
1466.2
948.8
1136.2
1141.4
1152.2
1061.2
1222.2
1231.4	30
2032.4
1079.6
1082.8
1176.4
997.2
1088.6
714.8
605.8
1058.8
1058.2	40
869.8
1465.0
1191.8
1538.0
10121.8
8962.8
1365.4
1013.4
1105.2
1087.4	50
922.4
483.6
938.2
1269.2
639.4
880.0
851.4
613.4
1035.8
1000.4
=======STANDARD_DEVIATION=======
1609.4638113359365
1521.9869907459788
1531.9257684365778
1634.7140912098357
1222.7497863422427
1208.5824092712917
1215.4971657720969
871.4198528837863
917.0723853655173
900.5648449723096	10
673.0421680697281
901.4778976769203
1549.4934139905208
827.2724823176461
1143.1362823390743
1022.8373086664369
955.1579136456967
3425.296717074303
950.7846443858883
1211.7743024177398	20
1059.8667086006617
1066.759691776925
1187.065861694287
701.6738273585527
982.869350422527
1064.0848838321124
1206.1962361075416
926.9082802521509
979.8047560611246
1030.3503481825974	30
1739.3522472460832
875.2724375872921
1081.0595543262175
1143.4978968061114
918.9810444182186
1463.1492883503033
951.8416675056834
977.9015083330223
1490.0844808265065
1352.6512336888618	40
1167.7690525099558
1427.5241504086716
1474.7976674784916
1945.1032877459231
12011.226471930333
9943.333875516802
1710.0521161648846
1408.435955235452
1592.7344285850045
1433.6093749693464	50
1343.749768372073
673.5050408126134
1345.4127099146938
1846.28680328924
799.8148785812876
1118.8513752952176
1101.806988542004
730.75840056752
1279.4707343272842
1150.8634323845727
