=======AVERAGE=======
0.9351055541708329
1.0834841096713093
1.0339666898348603
0.9951820681041863
0.9089704959007457
0.9539763211950486
1.3609300422904653
1.3006958846640242
0.9584297632487647
1.1542575715023193
0.9838674340622162
0.9586143481649632
0.9168716914284374
0.7201987401179055
0.9577565208663608
1.1149710889568847
1.0887872644205419
1.0386226706478459
1.139451102396861
1.1237006316516194
1.0033944221101327
1.0136863451164164
0.8805697415869721
0.9388825312931284
1.0572627955093616
1.0457509385348
0.855710242672205
0.7856503085561712
0.7850369986005716
0.6415426463235463
0.5592188957521127
0.7150684014093232
0.7301712610304647
0.6507764133666499
0.6710563102822122
0.5778919747719333
0.5561354101901267
0.821277947496001
0.5493153528362076
0.5278021987291664
0.5096626668764849
0.4145187454870273
0.588888527951363
0.5032566714772347
0.7110766041830177
0.7220988018169889
0.40195971230176586
0.4835341423462817
0.5164636649069682
0.43544134936711865
0.49036729745558016
0.45089045157287
0.5531288691856616
0.5211492577175858
0.4908020596351007
0.46835091792424943
0.46171647149556544
0.3460471270356319
0.4171221030123453
0.4105679443305232
=======STANDARD_DEVIATION=======
1.1179471194620252
1.0313630365940696
1.1540526890530092
1.1579110188260553
1.0886752843353316
1.1024245462272384
0.781168668731768
0.9133991987158216
1.018845749360886
0.8276862691411321
1.006662125135212
1.014414778005227
0.9145900531781151
1.039761715160849
1.0772315925955143
0.9876364330193964
0.8666394378130566
1.090085654270758
0.8695349364178684
0.8915275503143691
1.1141699578963487
0.9176145048921722
0.9666745646258657
0.9804160917574544
0.9064728777490635
0.8844098540869992
0.9861808468409173
1.0280477482282762
1.0285543625208673
1.0685412948085982
1.1029924888037423
1.0583571395656666
1.032989864026755
1.0940319346950869
1.0871921000081501
1.1699776510001734
1.179095065720952
1.0861253629214687
1.1855137015215154
1.192763491650444
1.2062312670916333
1.206926840523724
1.1716761307632986
1.2063421071695364
1.1668406644934326
1.1675656996569026
1.2371747653186647
1.221619776629289
1.2064968816877286
1.2379209227805639
1.2207813287006135
1.2361291322560357
1.1830556151975602
1.2054712017883553
1.2112483552469409
1.224222012490964
1.2287509605524374
1.2275354768049336
1.2355286727866182
1.2233510410088193
