=======AVERAGE=======
0.9855165532797656
0.7150684014093232
0.7301712610304647
0.6507764133666499
0.6710563102822122
0.5778919747719333
0.5561354101901267
0.821277947496001
0.5493153528362076
0.5278021987291664
0.5096626668764849
0.4145187454870273
0.588888527951363
0.5032566714772347
0.7110766041830177
0.7220988018169889
0.40195971230176586
0.4835341423462817
0.5164636649069682
0.43544134936711865
0.49036729745558016
0.45089045157287
0.5531288691856616
0.5211492577175858
0.4908020596351007
0.46835091792424943
0.46171647149556544
0.3460471270356319
0.4171221030123453
0.4105679443305232
=======STANDARD_DEVIATION=======
0.9279155086156774
1.0583571395656666
1.032989864026755
1.0940319346950869
1.0871921000081501
1.1699776510001734
1.179095065720952
1.0861253629214687
1.1855137015215154
1.192763491650444
1.2062312670916333
1.206926840523724
1.1716761307632986
1.2063421071695364
1.1668406644934326
1.1675656996569026
1.2371747653186647
1.221619776629289
1.2064968816877286
1.2379209227805639
1.2207813287006135
1.2361291322560357
1.1830556151975602
1.2054712017883553
1.2112483552469409
1.224222012490964
1.2287509605524374
1.2275354768049336
1.2355286727866182
1.2233510410088193
