=======AVERAGE=======
37752.6
1079.6
1082.8
1176.4
997.2
1088.6
714.8
605.8
1058.8
1058.2
869.8
1465.0
1191.8
1538.0
10121.8
8962.8
1365.4
1013.4
1105.2
1087.4
922.4
483.6
938.2
1269.2
639.4
880.0
851.4
613.4
1035.8
1000.4
=======STANDARD_DEVIATION=======
33702.68057350928
875.2724375872921
1081.0595543262175
1143.4978968061114
918.9810444182186
1463.1492883503033
951.8416675056834
977.9015083330223
1490.0844808265065
1352.6512336888618
1167.7690525099558
1427.5241504086716
1474.7976674784916
1945.1032877459231
12011.226471930333
9943.333875516802
1710.0521161648846
1408.435955235452
1592.7344285850045
1433.6093749693464
1343.749768372073
673.5050408126134
1345.4127099146938
1846.28680328924
799.8148785812876
1118.8513752952176
1101.806988542004
730.75840056752
1279.4707343272842
1150.8634323845727
