370866	0
0	1
886	2
378475	3
t
516101	0
0	1
844	2
517573	3
t
296990	0
0	1
897	2
298583	3
t
192518	0
0	1
870	2
193993	3
t
113765	0
0	1
888	2
115323	3
t
123197	0
0	1
920	2
124798	3
t
107584	0
0	1
897	2
109068	3
t
114098	0
0	1
913	2
115643	3
t
108276	0
0	1
881	2
109692	3
t
73982	0
0	1
899	2
75568	3
t
145283	0
0	1
896	2
152876	3
t
386258	0
0	1
871	2
387711	3
t
173503	0
0	1
861	2
174929	3
t
54710	0
0	1
896	2
56216	3
t
80320	0
0	1
863	2
81942	3
t
121968	0
0	1
874	2
123512	3
t
16019	0
0	1
891	2
17958	3
t
19137	0
0	1
961	2
21132	3
t
27192	0
0	1
895	2
28803	3
t
4869	0
0	1
902	2
6394	3
t
5791	0
0	1
905	2
7529	3
t
8503	0
0	1
847	2
10057	3
t
6757	0
0	1
899	2
8283	3
t
3716	0
0	1
858	2
5265	3
t
3912	0
0	1
891	2
5385	3
t
13510	0
0	1
871	2
15756	3
t
7324	0
0	1
903	2
9116	3
t
8687	0
0	1
893	2
10259	3
t
60558	0
0	1
888	2
62374	3
t
266723	0
0	1
934	2
274326	3
t
