39859	0
0	1
892	2
41332	3
t
420	0
0	1
890	2
1906	3
t
552	0
0	1
879	2
1973	3
t
816	0
0	1
843	2
2157	3
t
119276	0
0	1
883	2
120728	3
t
5512	0
0	1
920	2
6917	3
t
17626	0
0	1
893	2
19150	3
t
10992	0
0	1
858	2
12372	3
t
28074	0
0	1
866	2
29534	3
t
5211	0
0	1
892	2
6732	3
t
311	0
0	1
892	2
1887	3
t
115	0
0	1
864	2
1505	3
t
41	0
0	1
907	2
1486	3
t
37	0
0	1
903	2
1470	3
t
105	0
0	1
871	2
1510	3
t
35	0
0	1
858	2
1419	3
t
113	0
0	1
872	2
1556	3
t
550	0
0	1
897	2
2155	3
t
261	0
0	1
872	2
1737	3
t
150	0
0	1
904	2
1591	3
t
55	0
0	1
867	2
1454	3
t
120	0
0	1
885	2
1533	3
t
47	0
0	1
872	2
1437	3
t
42	0
0	1
939	2
1489	3
t
109	0
0	1
886	2
1505	3
t
41	0
0	1
908	2
1424	3
t
107	0
0	1
886	2
1466	3
t
42	0
0	1
850	2
1386	3
t
44	0
0	1
870	2
1444	3
t
113	0
0	1
883	2
1533	3
t
