##########################通常データ(標準化)##########################
[1.0306517479944386, -0.48601202657721704, -0.5666965800976971, 1.7320505791171374]
[0.7835295355014555, -0.5165919252457212, -0.5724958750533711, 1.732050589882597]
[1.5433929476639006, -0.1319495079998936, -0.5488845871736169, 1.7320398205009813]
[1.6416314883853165, 0.10924748253111032, -0.5365045494103857, 1.732039319514145]
[1.0546858306340137, -0.44205859656249336, -0.5608750090648816, 1.7320485514807278]

[1.0679857497640952, -0.4005718309516432, -0.5706887179747244, 1.7320502131631996]
[1.5073113946500285, -0.16777872447219147, -0.569784320889284, 1.7320495547857735]
[1.3800413084773204, -0.3291148191213707, -0.5478140474932424, 1.7320477661613431]
[1.6618032605288182, 0.2653271988802788, -0.5537758292822317, 1.7320373194403145]
[1.4219935827276742, -0.2585827650433147, -0.5550265540543663, 1.7320323164716542]

[1.6733757590044023, 0.4464326024231915, -0.508587076024002, 1.7320193718059849]
[1.5547263418792583, -0.10740908311653916, -0.545403328182575, 1.732028275754699]
[0.9573457191031781, -0.48370623017082853, -0.5358694485725265, 1.7320460914208922]
[1.1327378096419527, -0.41420658065030064, -0.5207803855075224, 1.7320425342035175]
[0.49720881128327277, -0.564735268799521, -0.5643446176503037, 1.7320498564757838]

[0.6898770965770602, -0.5126259994874078, -0.5600462899062217, 1.7320466687675364]
[1.6488162857530688, 0.30416580274035643, -0.5234076446995184, 1.7320314352337023]
[0.9080858714396027, -0.4864000191631657, -0.5592348183782109, 1.7320492534629324]
[1.0840952612169268, -0.4294938484218791, -0.5665183900044103, 1.7320497900485632]
[1.4740176573038661, -0.23811302265459133, -0.5543496493961823, 1.7320474328864086]

[0.6918193323004146, -0.5126219958205788, -0.5616947968365611, 1.7320505070452807]
[1.4272353826735047, -0.2201203253495998, -0.5758388250642963, 1.732049506462422]
[1.411306198660146, -0.2689116307697107, -0.557413589041368, 1.7320498668247952]
[1.3998613351047116, -0.22343765977742713, -0.5651087298129696, 1.7320490065113607]
[1.1928993596192141, -0.38390321580165127, -0.5697209441099559, 1.7320498905604238]

[1.396413692995327, -0.2746161646705061, -0.5665752332728385, 1.732049394046989]
[1.0552914457802294, -0.396290607203657, -0.5674578396427759, 1.7320505009617033]
[1.0736784753863005, -0.44526146205231965, -0.5691772866928608, 1.7320498907985045]
[1.438126599715052, -0.29151744939959584, -0.5599169063604132, 1.7320488987690927]
[1.4297016820283583, -0.20846830481779882, -0.5634863538050087, 1.732048429676616]

##########################クラスタ数##########################
7
##########################クラスタリング結果##########################
=====クラスタ数1個のとき＝＝＝＝＝
cluster	[1, 1, 1, 1, 1, 1, 1, 1, 1, 1, 1, 1, 1, 1, 1, 1, 1, 1, 1, 1, 1, 1, 1, 1, 1, 1, 1, 1, 1, 1]
centers	[1536.1666666666667, 165.3, 11.666666666666666, 1149.3333333333333]
totts	28793137.8
withinss	28793137.79999999
tot.withinss	28793137.79999999
betweenss	1.1175870895385742e-08
size	30
=====クラスタ数2個のとき＝＝＝＝＝
cluster	[2, 2, 1, 1, 1, 2, 2, 1, 1, 1, 1, 1, 1, 1, 1, 1, 1, 1, 2, 1, 2, 2, 2, 2, 2, 2, 2, 2, 2, 2]
centers	[[968.8666666666667, 115.4, 11.733333333333333, 612.6666666666666], [2103.4666666666667, 215.2, 11.6, 1686.0]]
totts	28793137.8
withinss	[3072171.600000001, 7351053.733333334]
tot.withinss	10423225.333333336
betweenss	18369912.466666665
size	[15, 15]
=====クラスタ数3個のとき＝＝＝＝＝
cluster	[3, 3, 1, 1, 1, 2, 3, 2, 1, 1, 1, 1, 1, 1, 1, 1, 1, 1, 2, 2, 2, 2, 3, 2, 2, 2, 3, 2, 2, 2]
centers	[[885.0769230769231, 107.3076923076923, 11.076923076923077, 566.6923076923077], [1788.1666666666667, 193.66666666666666, 11.0, 1345.3333333333333], [2624.2, 248.0, 14.8, 2193.8]]
totts	28793137.8
withinss	[2153505.384615385, 2106043.0000000005, 1925232.4000000001]
tot.withinss	6184780.784615385
betweenss	22608357.015384614
size	[13, 12, 5]
=====クラスタ数4個のとき＝＝＝＝＝
cluster	[3, 3, 1, 1, 1, 2, 2, 1, 1, 4, 1, 4, 4, 4, 4, 4, 1, 1, 2, 1, 2, 2, 2, 2, 2, 2, 3, 2, 2, 2]
centers	[[1227.6666666666667, 157.44444444444446, 12.666666666666666, 654.6666666666666], [1997.9166666666667, 222.58333333333334, 10.833333333333334, 1456.9166666666667], [2525.6666666666665, 185.66666666666666, 14.666666666666666, 2602.3333333333335], [580.6666666666666, 52.333333333333336, 10.333333333333334, 549.6666666666666]]
totts	28793137.8
withinss	[1177052.2222222222, 2991600.41666667, 538948.6666666665, 308643.3333333334]
tot.withinss	5016244.638888892
betweenss	23776893.16111111
size	[9, 12, 3, 6]
=====クラスタ数5個のとき＝＝＝＝＝
cluster	[4, 2, 5, 5, 5, 2, 3, 1, 5, 5, 5, 5, 5, 5, 5, 5, 5, 5, 1, 1, 2, 3, 3, 1, 1, 1, 4, 1, 1, 1]
centers	[[1746.7777777777778, 192.33333333333334, 11.333333333333334, 1219.5555555555557], [1806.6666666666667, 130.0, 12.0, 2081.0], [2633.3333333333335, 329.0, 10.666666666666666, 1528.6666666666667], [2769.0, 228.0, 18.0, 2654.0], [885.0769230769231, 107.3076923076923, 11.076923076923077, 566.6923076923077]]
totts	28793137.8
withinss	[914971.7777777778, 458032.6666666667, 165434.0, 156846.0, 2153505.384615385]
tot.withinss	3848789.8290598295
betweenss	24944347.970940173
size	[9, 3, 3, 2, 13]
=====クラスタ数6個のとき＝＝＝＝＝
cluster	[5, 5, 6, 6, 1, 3, 2, 4, 6, 1, 6, 1, 1, 1, 1, 1, 6, 1, 3, 4, 3, 2, 2, 4, 3, 4, 5, 3, 4, 4]
centers	[[671.375, 57.5, 10.5, 652.125], [2633.3333333333335, 329.0, 10.666666666666666, 1528.6666666666667], [1663.8, 146.4, 10.8, 1622.6], [1797.1666666666667, 214.66666666666666, 12.666666666666666, 1101.1666666666667], [2525.6666666666665, 185.66666666666666, 14.666666666666666, 2602.3333333333335], [1227.0, 187.0, 12.0, 430.0]]
totts	28793137.8
withinss	[764254.75, 165434.0, 418056.0, 513366.3333333332, 538948.6666666665, 235924.0]
tot.withinss	2635983.7499999995
betweenss	26157154.05
size	[8, 3, 5, 6, 3, 5]
=====クラスタ数7個のとき＝＝＝＝＝
cluster	[5, 3, 1, 4, 7, 3, 5, 4, 4, 2, 1, 2, 2, 2, 7, 2, 1, 7, 6, 4, 3, 6, 5, 6, 6, 6, 5, 6, 6, 6]
centers	[[1067.0, 169.33333333333334, 12.666666666666666, 394.6666666666667], [578.4, 60.4, 10.8, 468.6], [1806.6666666666667, 130.0, 12.0, 2081.0], [1490.25, 190.75, 13.5, 697.25], [2770.5, 284.75, 16.5, 2117.5], [1881.25, 212.375, 9.0, 1322.125], [826.3333333333334, 52.666666666666664, 10.0, 958.0]]
totts	28793137.8
withinss	[29034.0, 109376.4, 458032.6666666667, 212691.25, 1353655.75, 786894.25, 90421.33333333333]
tot.withinss	3040105.65
betweenss	25753032.150000002
size	[3, 5, 3, 4, 4, 8, 3]
=====クラスタ数8個のとき＝＝＝＝＝
cluster	[3, 3, 6, 2, 5, 1, 8, 2, 2, 7, 6, 7, 7, 7, 5, 7, 6, 5, 1, 2, 1, 8, 8, 4, 1, 4, 3, 1, 4, 4]
centers	[[1663.8, 146.4, 10.8, 1622.6], [1490.25, 190.75, 13.5, 697.25], [2525.6666666666665, 185.66666666666666, 14.666666666666666, 2602.3333333333335], [1939.0, 238.0, 11.0, 1196.0], [826.3333333333334, 52.666666666666664, 10.0, 958.0], [1067.0, 169.33333333333334, 12.666666666666666, 394.6666666666667], [578.4, 60.4, 10.8, 468.6], [2633.3333333333335, 329.0, 10.666666666666666, 1528.6666666666667]]
totts	28793137.8
withinss	[418056.0, 212691.25, 538948.6666666665, 135840.0, 90421.33333333333, 29034.0, 109376.4, 165434.0]
tot.withinss	1699801.65
betweenss	27093336.150000002
size	[5, 4, 3, 4, 3, 3, 5, 3]
=====クラスタ数9個のとき＝＝＝＝＝
cluster	[4, 2, 9, 9, 1, 7, 5, 6, 9, 3, 9, 3, 3, 3, 8, 3, 9, 1, 7, 6, 2, 5, 5, 7, 7, 7, 4, 7, 7, 6]
centers	[[943.5, 73.0, 11.0, 959.5], [1759.0, 96.0, 14.0, 2233.5], [578.4, 60.4, 10.8, 468.6], [2769.0, 228.0, 18.0, 2654.0], [2633.3333333333335, 329.0, 10.666666666666666, 1528.6666666666667], [1587.3333333333333, 190.0, 14.0, 957.0], [1837.2857142857142, 194.14285714285714, 9.714285714285714, 1411.5714285714287], [592.0, 12.0, 8.0, 955.0], [1227.0, 187.0, 12.0, 430.0]]
totts	28793137.8
withinss	[5553.0, 297902.5, 109376.4, 156846.0, 165434.0, 69696.66666666667, 580457.4285714286, 0.0, 235924.0]
tot.withinss	1621189.9952380953
betweenss	27171947.804761905
size	[2, 2, 5, 2, 3, 3, 7, 1, 5]
=====クラスタ数10個のとき＝＝＝＝＝
cluster	[10, 8, 7, 6, 4, 8, 10, 6, 6, 1, 7, 1, 3, 3, 9, 2, 7, 4, 5, 6, 8, 5, 10, 5, 5, 5, 10, 5, 5, 5]
centers	[[684.0, 88.0, 7.0, 366.0], [397.0, 25.0, 6.0, 529.0], [563.5, 50.5, 17.0, 541.0], [943.5, 73.0, 11.0, 959.5], [1881.25, 212.375, 9.0, 1322.125], [1490.25, 190.75, 13.5, 697.25], [1067.0, 169.33333333333334, 12.666666666666666, 394.6666666666667], [1806.6666666666667, 130.0, 12.0, 2081.0], [592.0, 12.0, 8.0, 955.0], [2770.5, 284.75, 16.5, 2117.5]]
totts	28793137.8
withinss	[9830.0, 0.0, 5607.0, 5553.0, 786894.25, 212691.25, 29034.0, 458032.6666666667, 0.0, 1353655.75]
tot.withinss	2861297.9166666665
betweenss	25931839.883333333
size	[2, 1, 2, 2, 8, 4, 3, 3, 1, 4]
=====クラスタ数11個のとき＝＝＝＝＝
cluster	[10, 11, 5, 9, 8, 4, 7, 2, 9, 3, 5, 3, 3, 3, 8, 3, 5, 8, 4, 2, 4, 1, 7, 6, 4, 1, 10, 4, 6, 6]
centers	[[2244.5, 277.5, 6.0, 1389.0], [1513.5, 168.0, 16.0, 911.5], [578.4, 60.4, 10.8, 468.6], [1663.8, 146.4, 10.8, 1622.6], [1067.0, 169.33333333333334, 12.666666666666666, 394.6666666666667], [1874.3333333333333, 233.66666666666666, 11.333333333333334, 1143.3333333333333], [2772.0, 341.5, 15.0, 1581.0], [826.3333333333334, 52.666666666666664, 10.0, 958.0], [1467.0, 213.5, 11.0, 483.0], [2769.0, 228.0, 18.0, 2654.0], [2039.0, 101.0, 8.0, 2499.0]]
totts	28793137.8
withinss	[28751.0, 21639.0, 109376.4, 418056.0, 29034.0, 52146.66666666667, 32580.5, 90421.33333333333, 3182.5, 156846.0, 0.0]
tot.withinss	942033.4
betweenss	27851104.400000002
size	[2, 2, 5, 5, 3, 3, 2, 3, 2, 2, 1]
=====クラスタ数12個のとき＝＝＝＝＝
cluster	[2, 12, 5, 1, 11, 12, 7, 4, 1, 9, 5, 9, 8, 8, 11, 8, 5, 11, 3, 4, 12, 10, 7, 6, 6, 10, 2, 3, 6, 4]
centers	[[1467.0, 213.5, 11.0, 483.0], [2769.0, 228.0, 18.0, 2654.0], [1532.0, 128.0, 9.0, 1416.0], [1587.3333333333333, 190.0, 14.0, 957.0], [1067.0, 169.33333333333334, 12.666666666666666, 394.6666666666667], [1920.6666666666667, 218.0, 10.666666666666666, 1306.3333333333333], [2772.0, 341.5, 15.0, 1581.0], [508.0, 42.0, 13.333333333333334, 537.0], [684.0, 88.0, 7.0, 366.0], [2244.5, 277.5, 6.0, 1389.0], [826.3333333333334, 52.666666666666664, 10.0, 958.0], [1806.6666666666667, 130.0, 12.0, 2081.0]]
totts	28793137.8
withinss	[3182.5, 156846.0, 4548.0, 69696.66666666667, 29034.0, 93920.0, 32580.5, 24698.666666666664, 9830.0, 28751.0, 90421.33333333333, 458032.6666666667]
tot.withinss	1001541.3333333334
betweenss	27791596.46666667
size	[2, 2, 2, 3, 3, 3, 2, 3, 2, 2, 3, 3]
=====クラスタ数13個のとき＝＝＝＝＝
cluster	[5, 1, 6, 7, 11, 1, 9, 13, 7, 3, 6, 3, 3, 3, 12, 3, 6, 11, 4, 10, 1, 8, 9, 2, 2, 8, 5, 4, 2, 10]
centers	[[1806.6666666666667, 130.0, 12.0, 2081.0], [1920.6666666666667, 218.0, 10.666666666666666, 1306.3333333333333], [578.4, 60.4, 10.8, 468.6], [1532.0, 128.0, 9.0, 1416.0], [2769.0, 228.0, 18.0, 2654.0], [1067.0, 169.33333333333334, 12.666666666666666, 394.6666666666667], [1467.0, 213.5, 11.0, 483.0], [2244.5, 277.5, 6.0, 1389.0], [2772.0, 341.5, 15.0, 1581.0], [1675.0, 211.5, 12.0, 975.5], [943.5, 73.0, 11.0, 959.5], [592.0, 12.0, 8.0, 955.0], [1412.0, 147.0, 18.0, 920.0]]
totts	28793137.8
withinss	[458032.6666666667, 93920.0, 109376.4, 4548.0, 156846.0, 29034.0, 3182.5, 28751.0, 32580.5, 18733.0, 5553.0, 0.0, 0.0]
tot.withinss	940557.0666666667
betweenss	27852580.733333334
size	[3, 3, 5, 2, 2, 3, 2, 2, 2, 2, 2, 1, 1]
=====クラスタ数14個のとき＝＝＝＝＝
cluster	[8, 14, 5, 12, 3, 7, 10, 9, 13, 11, 5, 11, 1, 1, 3, 6, 5, 3, 7, 9, 7, 4, 10, 2, 7, 4, 8, 7, 2, 2]
centers	[[563.5, 50.5, 17.0, 541.0], [1874.3333333333333, 233.66666666666666, 11.333333333333334, 1143.3333333333333], [826.3333333333334, 52.666666666666664, 10.0, 958.0], [2244.5, 277.5, 6.0, 1389.0], [1067.0, 169.33333333333334, 12.666666666666666, 394.6666666666667], [397.0, 25.0, 6.0, 529.0], [1663.8, 146.4, 10.8, 1622.6], [2769.0, 228.0, 18.0, 2654.0], [1513.5, 168.0, 16.0, 911.5], [2772.0, 341.5, 15.0, 1581.0], [684.0, 88.0, 7.0, 366.0], [1434.0, 202.0, 14.0, 502.0], [1500.0, 225.0, 8.0, 464.0], [2039.0, 101.0, 8.0, 2499.0]]
totts	28793137.8
withinss	[5607.0, 52146.66666666667, 90421.33333333333, 28751.0, 29034.0, 0.0, 418056.0, 156846.0, 21639.0, 32580.5, 9830.0, 0.0, 0.0, 0.0]
tot.withinss	844911.5
betweenss	27948226.3
size	[2, 3, 3, 2, 3, 1, 5, 2, 2, 2, 2, 1, 1, 1]
=====クラスタ数15個のとき＝＝＝＝＝
cluster	[2, 12, 6, 11, 13, 1, 14, 10, 11, 9, 6, 9, 8, 8, 15, 4, 6, 13, 1, 10, 1, 5, 14, 7, 1, 5, 3, 1, 7, 7]
centers	[[1663.8, 146.4, 10.8, 1622.6], [2950.0, 175.0, 20.0, 2861.0], [2588.0, 281.0, 16.0, 2447.0], [397.0, 25.0, 6.0, 529.0], [2244.5, 277.5, 6.0, 1389.0], [1067.0, 169.33333333333334, 12.666666666666666, 394.6666666666667], [1874.3333333333333, 233.66666666666666, 11.333333333333334, 1143.3333333333333], [563.5, 50.5, 17.0, 541.0], [684.0, 88.0, 7.0, 366.0], [1513.5, 168.0, 16.0, 911.5], [1467.0, 213.5, 11.0, 483.0], [2039.0, 101.0, 8.0, 2499.0], [943.5, 73.0, 11.0, 959.5], [2772.0, 341.5, 15.0, 1581.0], [592.0, 12.0, 8.0, 955.0]]
totts	28793137.8
withinss	[418056.0, 0.0, 0.0, 0.0, 28751.0, 29034.0, 52146.66666666667, 5607.0, 9830.0, 21639.0, 3182.5, 0.0, 5553.0, 32580.5, 0.0]
tot.withinss	606379.6666666666
betweenss	28186758.133333333
size	[5, 1, 1, 1, 2, 3, 3, 2, 2, 2, 2, 1, 2, 2, 1]
=====クラスタ数16個のとき＝＝＝＝＝
cluster	[3, 11, 15, 10, 7, 14, 4, 6, 13, 5, 15, 9, 2, 2, 7, 2, 15, 7, 12, 6, 14, 8, 1, 16, 12, 8, 3, 12, 16, 16]
centers	[[2680.0, 318.0, 22.0, 1666.0], [508.0, 42.0, 13.333333333333334, 537.0], [2769.0, 228.0, 18.0, 2654.0], [2864.0, 365.0, 8.0, 1496.0], [616.0, 75.0, 6.0, 377.0], [1513.5, 168.0, 16.0, 911.5], [826.3333333333334, 52.666666666666664, 10.0, 958.0], [2244.5, 277.5, 6.0, 1389.0], [752.0, 101.0, 8.0, 355.0], [1434.0, 202.0, 14.0, 502.0], [2039.0, 101.0, 8.0, 2499.0], [1646.0, 147.66666666666666, 8.666666666666666, 1456.3333333333333], [1500.0, 225.0, 8.0, 464.0], [1690.5, 144.5, 14.0, 1872.0], [1067.0, 169.33333333333334, 12.666666666666666, 394.6666666666667], [1874.3333333333333, 233.66666666666666, 11.333333333333334, 1143.3333333333333]]
totts	28793137.8
withinss	[0.0, 24698.666666666664, 156846.0, 0.0, 0.0, 21639.0, 90421.33333333333, 28751.0, 0.0, 0.0, 0.0, 94605.99999999999, 0.0, 113693.0, 29034.0, 52146.66666666667]
tot.withinss	611835.6666666666
betweenss	28181302.133333333
size	[1, 3, 2, 1, 1, 2, 3, 2, 1, 1, 1, 3, 1, 2, 3, 3]
=====クラスタ数17個のとき＝＝＝＝＝
cluster	[7, 3, 13, 17, 14, 12, 10, 15, 8, 2, 5, 2, 4, 4, 14, 6, 5, 14, 1, 9, 12, 16, 10, 11, 11, 16, 7, 1, 11, 9]
centers	[[1532.0, 128.0, 9.0, 1416.0], [684.0, 88.0, 7.0, 366.0], [2039.0, 101.0, 8.0, 2499.0], [563.5, 50.5, 17.0, 541.0], [1076.5, 185.5, 14.0, 338.0], [397.0, 25.0, 6.0, 529.0], [2769.0, 228.0, 18.0, 2654.0], [1500.0, 225.0, 8.0, 464.0], [1675.0, 211.5, 12.0, 975.5], [2772.0, 341.5, 15.0, 1581.0], [1920.6666666666667, 218.0, 10.666666666666666, 1306.3333333333333], [1690.5, 144.5, 14.0, 1872.0], [1048.0, 137.0, 10.0, 508.0], [826.3333333333334, 52.666666666666664, 10.0, 958.0], [1412.0, 147.0, 18.0, 920.0], [2244.5, 277.5, 6.0, 1389.0], [1434.0, 202.0, 14.0, 502.0]]
totts	28793137.8
withinss	[4548.0, 9830.0, 0.0, 5607.0, 7647.0, 0.0, 156846.0, 0.0, 18733.0, 32580.5, 93920.0, 113693.0, 0.0, 90421.33333333333, 0.0, 28751.0, 0.0]
tot.withinss	562576.8333333334
betweenss	28230560.96666667
size	[2, 2, 1, 2, 2, 1, 2, 1, 2, 2, 3, 2, 1, 3, 1, 2, 1]
=====クラスタ数18個のとき＝＝＝＝＝
cluster	[12, 11, 1, 9, 6, 14, 2, 16, 9, 15, 17, 15, 3, 3, 5, 3, 17, 6, 8, 7, 10, 18, 13, 4, 14, 18, 12, 8, 4, 7]
centers	[[1048.0, 137.0, 10.0, 508.0], [2864.0, 365.0, 8.0, 1496.0], [508.0, 42.0, 13.333333333333334, 537.0], [1944.0, 233.5, 12.0, 1191.0], [592.0, 12.0, 8.0, 955.0], [943.5, 73.0, 11.0, 959.5], [1675.0, 211.5, 12.0, 975.5], [1532.0, 128.0, 9.0, 1416.0], [1467.0, 213.5, 11.0, 483.0], [1479.0, 91.0, 20.0, 1968.0], [2039.0, 101.0, 8.0, 2499.0], [2769.0, 228.0, 18.0, 2654.0], [2680.0, 318.0, 22.0, 1666.0], [1888.0, 192.5, 8.0, 1656.5], [684.0, 88.0, 7.0, 366.0], [1412.0, 147.0, 18.0, 920.0], [1076.5, 185.5, 14.0, 338.0], [2244.5, 277.5, 6.0, 1389.0]]
totts	28793137.8
withinss	[0.0, 0.0, 24698.666666666664, 9390.5, 0.0, 5553.0, 18733.0, 4548.0, 3182.5, 0.0, 0.0, 156846.0, 0.0, 29013.0, 9830.0, 0.0, 7647.0, 28751.0]
tot.withinss	298192.6666666667
betweenss	28494945.133333333
size	[1, 1, 3, 2, 1, 2, 2, 2, 2, 1, 1, 2, 1, 2, 2, 1, 2, 2]
=====クラスタ数19個のとき＝＝＝＝＝
cluster	[10, 17, 6, 5, 12, 13, 14, 2, 5, 1, 6, 1, 4, 4, 18, 9, 6, 12, 19, 8, 16, 15, 7, 3, 13, 11, 10, 19, 3, 8]
centers	[[684.0, 88.0, 7.0, 366.0], [1412.0, 147.0, 18.0, 920.0], [1944.0, 233.5, 12.0, 1191.0], [563.5, 50.5, 17.0, 541.0], [1467.0, 213.5, 11.0, 483.0], [1067.0, 169.33333333333334, 12.666666666666666, 394.6666666666667], [2680.0, 318.0, 22.0, 1666.0], [1675.0, 211.5, 12.0, 975.5], [397.0, 25.0, 6.0, 529.0], [2769.0, 228.0, 18.0, 2654.0], [2133.0, 251.0, 10.0, 1354.0], [943.5, 73.0, 11.0, 959.5], [1888.0, 192.5, 8.0, 1656.5], [2864.0, 365.0, 8.0, 1496.0], [2356.0, 304.0, 2.0, 1424.0], [1479.0, 91.0, 20.0, 1968.0], [2039.0, 101.0, 8.0, 2499.0], [592.0, 12.0, 8.0, 955.0], [1532.0, 128.0, 9.0, 1416.0]]
totts	28793137.8
withinss	[9830.0, 0.0, 9390.5, 5607.0, 3182.5, 29034.0, 0.0, 18733.0, 0.0, 156846.0, 0.0, 5553.0, 29013.0, 0.0, 0.0, 0.0, 0.0, 0.0, 4548.0]
tot.withinss	271737.0
betweenss	28521400.8
size	[2, 1, 2, 2, 2, 3, 1, 2, 1, 2, 1, 2, 2, 1, 1, 1, 1, 1, 2]
=====クラスタ数20個のとき＝＝＝＝＝
cluster	[15, 9, 17, 2, 3, 14, 16, 7, 2, 5, 20, 11, 4, 4, 6, 12, 20, 3, 13, 1, 10, 18, 16, 8, 14, 18, 15, 19, 8, 1]
centers	[[1675.0, 211.5, 12.0, 975.5], [1467.0, 213.5, 11.0, 483.0], [943.5, 73.0, 11.0, 959.5], [563.5, 50.5, 17.0, 541.0], [616.0, 75.0, 6.0, 377.0], [592.0, 12.0, 8.0, 955.0], [1412.0, 147.0, 18.0, 920.0], [1944.0, 233.5, 12.0, 1191.0], [2039.0, 101.0, 8.0, 2499.0], [1479.0, 91.0, 20.0, 1968.0], [752.0, 101.0, 8.0, 355.0], [397.0, 25.0, 6.0, 529.0], [1501.0, 132.0, 10.0, 1380.0], [1888.0, 192.5, 8.0, 1656.5], [2769.0, 228.0, 18.0, 2654.0], [2772.0, 341.5, 15.0, 1581.0], [1048.0, 137.0, 10.0, 508.0], [2244.5, 277.5, 6.0, 1389.0], [1563.0, 124.0, 8.0, 1452.0], [1076.5, 185.5, 14.0, 338.0]]
totts	28793137.8
withinss	[18733.0, 3182.5, 5553.0, 5607.0, 0.0, 0.0, 0.0, 9390.5, 0.0, 0.0, 0.0, 0.0, 0.0, 29013.0, 156846.0, 32580.5, 0.0, 28751.0, 0.0, 7647.0]
tot.withinss	297303.5
betweenss	28495834.3
size	[2, 2, 2, 2, 1, 1, 1, 2, 1, 1, 1, 1, 1, 2, 2, 2, 1, 2, 1, 2]
=====クラスタ数21個のとき＝＝＝＝＝
cluster	[15, 11, 20, 7, 6, 19, 2, 1, 7, 16, 20, 8, 10, 4, 18, 21, 20, 5, 3, 14, 17, 13, 9, 12, 19, 13, 15, 3, 12, 14]
centers	[[1412.0, 147.0, 18.0, 920.0], [2864.0, 365.0, 8.0, 1496.0], [1532.0, 128.0, 9.0, 1416.0], [557.0, 58.0, 18.0, 489.0], [925.0, 64.0, 12.0, 1008.0], [962.0, 82.0, 10.0, 911.0], [1467.0, 213.5, 11.0, 483.0], [752.0, 101.0, 8.0, 355.0], [2680.0, 318.0, 22.0, 1666.0], [570.0, 43.0, 16.0, 593.0], [2039.0, 101.0, 8.0, 2499.0], [1944.0, 233.5, 12.0, 1191.0], [2244.5, 277.5, 6.0, 1389.0], [1675.0, 211.5, 12.0, 975.5], [2769.0, 228.0, 18.0, 2654.0], [616.0, 75.0, 6.0, 377.0], [1479.0, 91.0, 20.0, 1968.0], [592.0, 12.0, 8.0, 955.0], [1888.0, 192.5, 8.0, 1656.5], [1067.0, 169.33333333333334, 12.666666666666666, 394.6666666666667], [397.0, 25.0, 6.0, 529.0]]
totts	28793137.8
withinss	[0.0, 0.0, 4548.0, 0.0, 0.0, 0.0, 3182.5, 0.0, 0.0, 0.0, 0.0, 9390.5, 28751.0, 18733.0, 156846.0, 0.0, 0.0, 0.0, 29013.0, 29034.0, 0.0]
tot.withinss	279498.0
betweenss	28513639.8
size	[1, 1, 2, 1, 1, 1, 2, 1, 1, 1, 1, 2, 2, 2, 2, 1, 1, 1, 2, 3, 1]
=====クラスタ数22個のとき＝＝＝＝＝
cluster	[6, 5, 12, 21, 22, 20, 9, 4, 8, 11, 13, 7, 3, 3, 15, 3, 13, 22, 17, 16, 18, 19, 9, 14, 20, 1, 2, 17, 14, 10]
centers	[[2133.0, 251.0, 10.0, 1354.0], [2588.0, 281.0, 16.0, 2447.0], [508.0, 42.0, 13.333333333333334, 537.0], [1412.0, 147.0, 18.0, 920.0], [2039.0, 101.0, 8.0, 2499.0], [2950.0, 175.0, 20.0, 2861.0], [752.0, 101.0, 8.0, 355.0], [1500.0, 225.0, 8.0, 464.0], [2772.0, 341.5, 15.0, 1581.0], [1735.0, 234.0, 10.0, 1048.0], [616.0, 75.0, 6.0, 377.0], [1048.0, 137.0, 10.0, 508.0], [1076.5, 185.5, 14.0, 338.0], [1944.0, 233.5, 12.0, 1191.0], [592.0, 12.0, 8.0, 955.0], [1615.0, 189.0, 14.0, 903.0], [1532.0, 128.0, 9.0, 1416.0], [1479.0, 91.0, 20.0, 1968.0], [2356.0, 304.0, 2.0, 1424.0], [1888.0, 192.5, 8.0, 1656.5], [1434.0, 202.0, 14.0, 502.0], [943.5, 73.0, 11.0, 959.5]]
totts	28793137.8
withinss	[0.0, 0.0, 24698.666666666664, 0.0, 0.0, 0.0, 0.0, 0.0, 32580.5, 0.0, 0.0, 0.0, 7647.0, 9390.5, 0.0, 0.0, 4548.0, 0.0, 0.0, 29013.0, 0.0, 5553.0]
tot.withinss	113430.66666666666
betweenss	28679707.133333333
size	[1, 1, 3, 1, 1, 1, 1, 1, 2, 1, 1, 1, 2, 2, 1, 1, 2, 1, 1, 2, 1, 2]
=====クラスタ数23個のとき＝＝＝＝＝
cluster	[7, 18, 23, 15, 9, 12, 2, 11, 20, 1, 13, 1, 4, 4, 8, 10, 16, 9, 6, 11, 17, 5, 3, 22, 19, 14, 21, 6, 14, 22]
centers	[[684.0, 88.0, 7.0, 366.0], [2864.0, 365.0, 8.0, 1496.0], [2680.0, 318.0, 22.0, 1666.0], [563.5, 50.5, 17.0, 541.0], [2356.0, 304.0, 2.0, 1424.0], [1532.0, 128.0, 9.0, 1416.0], [2950.0, 175.0, 20.0, 2861.0], [592.0, 12.0, 8.0, 955.0], [943.5, 73.0, 11.0, 959.5], [397.0, 25.0, 6.0, 529.0], [1513.5, 168.0, 16.0, 911.5], [1902.0, 198.0, 8.0, 1776.0], [1031.0, 177.0, 14.0, 297.0], [2071.0, 231.5, 12.0, 1273.5], [1434.0, 202.0, 14.0, 502.0], [1122.0, 194.0, 14.0, 379.0], [1479.0, 91.0, 20.0, 1968.0], [2039.0, 101.0, 8.0, 2499.0], [1874.0, 187.0, 8.0, 1537.0], [1500.0, 225.0, 8.0, 464.0], [2588.0, 281.0, 16.0, 2447.0], [1807.0, 244.5, 10.0, 1118.5], [1048.0, 137.0, 10.0, 508.0]]
totts	28793137.8
withinss	[9830.0, 0.0, 0.0, 5607.0, 0.0, 4548.0, 0.0, 0.0, 5553.0, 0.0, 21639.0, 0.0, 0.0, 21417.0, 0.0, 0.0, 0.0, 0.0, 0.0, 0.0, 0.0, 20529.0, 0.0]
tot.withinss	89123.0
betweenss	28704014.8
size	[2, 1, 1, 2, 1, 2, 1, 1, 2, 1, 2, 1, 1, 2, 1, 1, 1, 1, 1, 1, 1, 2, 1]
=====クラスタ数24個のとき＝＝＝＝＝
cluster	[17, 8, 13, 23, 14, 3, 12, 20, 9, 5, 7, 19, 4, 16, 24, 10, 7, 14, 1, 22, 6, 2, 12, 21, 3, 15, 11, 1, 18, 22]
centers	[[1532.0, 128.0, 9.0, 1416.0], [2356.0, 304.0, 2.0, 1424.0], [1888.0, 192.5, 8.0, 1656.5], [570.0, 43.0, 16.0, 593.0], [616.0, 75.0, 6.0, 377.0], [1479.0, 91.0, 20.0, 1968.0], [1076.5, 185.5, 14.0, 338.0], [2039.0, 101.0, 8.0, 2499.0], [1500.0, 225.0, 8.0, 464.0], [397.0, 25.0, 6.0, 529.0], [2588.0, 281.0, 16.0, 2447.0], [2772.0, 341.5, 15.0, 1581.0], [1048.0, 137.0, 10.0, 508.0], [943.5, 73.0, 11.0, 959.5], [2133.0, 251.0, 10.0, 1354.0], [557.0, 58.0, 18.0, 489.0], [2950.0, 175.0, 20.0, 2861.0], [2009.0, 212.0, 14.0, 1193.0], [752.0, 101.0, 8.0, 355.0], [1412.0, 147.0, 18.0, 920.0], [1879.0, 255.0, 10.0, 1189.0], [1675.0, 211.5, 12.0, 975.5], [1434.0, 202.0, 14.0, 502.0], [592.0, 12.0, 8.0, 955.0]]
totts	28793137.8
withinss	[4548.0, 0.0, 29013.0, 0.0, 0.0, 0.0, 7647.0, 0.0, 0.0, 0.0, 0.0, 32580.5, 0.0, 5553.0, 0.0, 0.0, 0.0, 0.0, 0.0, 0.0, 0.0, 18733.0, 0.0, 0.0]
tot.withinss	98074.5
betweenss	28695063.3
size	[2, 1, 2, 1, 1, 1, 2, 1, 1, 1, 1, 2, 1, 2, 1, 1, 1, 1, 1, 1, 1, 2, 1, 1]
=====クラスタ数25個のとき＝＝＝＝＝
cluster	[23, 12, 21, 24, 15, 9, 4, 7, 3, 10, 20, 10, 2, 2, 22, 14, 20, 11, 16, 8, 13, 6, 5, 19, 9, 18, 1, 17, 25, 8]
centers	[[2588.0, 281.0, 16.0, 2447.0], [563.5, 50.5, 17.0, 541.0], [1500.0, 225.0, 8.0, 464.0], [2864.0, 365.0, 8.0, 1496.0], [2680.0, 318.0, 22.0, 1666.0], [2356.0, 304.0, 2.0, 1424.0], [1412.0, 147.0, 18.0, 920.0], [1675.0, 211.5, 12.0, 975.5], [1888.0, 192.5, 8.0, 1656.5], [684.0, 88.0, 7.0, 366.0], [925.0, 64.0, 12.0, 1008.0], [2039.0, 101.0, 8.0, 2499.0], [1479.0, 91.0, 20.0, 1968.0], [397.0, 25.0, 6.0, 529.0], [962.0, 82.0, 10.0, 911.0], [1501.0, 132.0, 10.0, 1380.0], [1563.0, 124.0, 8.0, 1452.0], [2133.0, 251.0, 10.0, 1354.0], [1879.0, 255.0, 10.0, 1189.0], [1076.5, 185.5, 14.0, 338.0], [1048.0, 137.0, 10.0, 508.0], [592.0, 12.0, 8.0, 955.0], [2950.0, 175.0, 20.0, 2861.0], [1434.0, 202.0, 14.0, 502.0], [2009.0, 212.0, 14.0, 1193.0]]
totts	28793137.8
withinss	[0.0, 5607.0, 0.0, 0.0, 0.0, 0.0, 0.0, 18733.0, 29013.0, 9830.0, 0.0, 0.0, 0.0, 0.0, 0.0, 0.0, 0.0, 0.0, 0.0, 7647.0, 0.0, 0.0, 0.0, 0.0, 0.0]
tot.withinss	70830.0
betweenss	28722307.8
size	[1, 2, 1, 1, 1, 1, 1, 2, 2, 2, 1, 1, 1, 1, 1, 1, 1, 1, 1, 2, 1, 1, 1, 1, 1]
=====クラスタ数26個のとき＝＝＝＝＝
cluster	[14, 25, 22, 8, 10, 7, 13, 16, 20, 9, 21, 19, 26, 15, 24, 3, 11, 10, 17, 2, 4, 12, 13, 6, 1, 12, 23, 5, 6, 18]
centers	[[1874.0, 187.0, 8.0, 1537.0], [1615.0, 189.0, 14.0, 903.0], [397.0, 25.0, 6.0, 529.0], [1479.0, 91.0, 20.0, 1968.0], [1563.0, 124.0, 8.0, 1452.0], [1944.0, 233.5, 12.0, 1191.0], [1902.0, 198.0, 8.0, 1776.0], [1434.0, 202.0, 14.0, 502.0], [616.0, 75.0, 6.0, 377.0], [943.5, 73.0, 11.0, 959.5], [1122.0, 194.0, 14.0, 379.0], [2244.5, 277.5, 6.0, 1389.0], [2772.0, 341.5, 15.0, 1581.0], [2950.0, 175.0, 20.0, 2861.0], [557.0, 58.0, 18.0, 489.0], [1412.0, 147.0, 18.0, 920.0], [1501.0, 132.0, 10.0, 1380.0], [1735.0, 234.0, 10.0, 1048.0], [752.0, 101.0, 8.0, 355.0], [1500.0, 225.0, 8.0, 464.0], [1031.0, 177.0, 14.0, 297.0], [1048.0, 137.0, 10.0, 508.0], [2588.0, 281.0, 16.0, 2447.0], [592.0, 12.0, 8.0, 955.0], [2039.0, 101.0, 8.0, 2499.0], [570.0, 43.0, 16.0, 593.0]]
totts	28793137.8
withinss	[0.0, 0.0, 0.0, 0.0, 0.0, 9390.5, 0.0, 0.0, 0.0, 5553.0, 0.0, 28751.0, 32580.5, 0.0, 0.0, 0.0, 0.0, 0.0, 0.0, 0.0, 0.0, 0.0, 0.0, 0.0, 0.0, 0.0]
tot.withinss	76275.0
betweenss	28716862.8
size	[1, 1, 1, 1, 1, 2, 1, 1, 1, 2, 1, 2, 2, 1, 1, 1, 1, 1, 1, 1, 1, 1, 1, 1, 1, 1]
=====クラスタ数27個のとき＝＝＝＝＝
cluster	[16, 5, 26, 2, 17, 21, 1, 20, 27, 18, 4, 12, 3, 3, 10, 23, 11, 14, 7, 8, 13, 19, 15, 22, 9, 24, 6, 25, 22, 8]
centers	[[2864.0, 365.0, 8.0, 1496.0], [1434.0, 202.0, 14.0, 502.0], [563.5, 50.5, 17.0, 541.0], [1031.0, 177.0, 14.0, 297.0], [2039.0, 101.0, 8.0, 2499.0], [2588.0, 281.0, 16.0, 2447.0], [1501.0, 132.0, 10.0, 1380.0], [1675.0, 211.5, 12.0, 975.5], [1874.0, 187.0, 8.0, 1537.0], [592.0, 12.0, 8.0, 955.0], [1122.0, 194.0, 14.0, 379.0], [752.0, 101.0, 8.0, 355.0], [1479.0, 91.0, 20.0, 1968.0], [925.0, 64.0, 12.0, 1008.0], [2680.0, 318.0, 22.0, 1666.0], [2950.0, 175.0, 20.0, 2861.0], [962.0, 82.0, 10.0, 911.0], [616.0, 75.0, 6.0, 377.0], [2356.0, 304.0, 2.0, 1424.0], [1412.0, 147.0, 18.0, 920.0], [1902.0, 198.0, 8.0, 1776.0], [1944.0, 233.5, 12.0, 1191.0], [397.0, 25.0, 6.0, 529.0], [2133.0, 251.0, 10.0, 1354.0], [1563.0, 124.0, 8.0, 1452.0], [1048.0, 137.0, 10.0, 508.0], [1500.0, 225.0, 8.0, 464.0]]
totts	28793137.8
withinss	[0.0, 0.0, 5607.0, 0.0, 0.0, 0.0, 0.0, 18733.0, 0.0, 0.0, 0.0, 0.0, 0.0, 0.0, 0.0, 0.0, 0.0, 0.0, 0.0, 0.0, 0.0, 9390.5, 0.0, 0.0, 0.0, 0.0, 0.0]
tot.withinss	33730.5
betweenss	28759407.3
size	[1, 1, 2, 1, 1, 1, 1, 2, 1, 1, 1, 1, 1, 1, 1, 1, 1, 1, 1, 1, 1, 2, 1, 1, 1, 1, 1]
=====クラスタ数28個のとき＝＝＝＝＝
cluster	[12, 24, 13, 20, 21, 11, 22, 2, 6, 18, 17, 10, 14, 7, 26, 8, 4, 21, 28, 5, 9, 16, 1, 25, 27, 15, 12, 3, 19, 23]
centers	[[2680.0, 318.0, 22.0, 1666.0], [1412.0, 147.0, 18.0, 920.0], [1563.0, 124.0, 8.0, 1452.0], [1122.0, 194.0, 14.0, 379.0], [1615.0, 189.0, 14.0, 903.0], [1500.0, 225.0, 8.0, 464.0], [557.0, 58.0, 18.0, 489.0], [397.0, 25.0, 6.0, 529.0], [1479.0, 91.0, 20.0, 1968.0], [752.0, 101.0, 8.0, 355.0], [1902.0, 198.0, 8.0, 1776.0], [2769.0, 228.0, 18.0, 2654.0], [1048.0, 137.0, 10.0, 508.0], [570.0, 43.0, 16.0, 593.0], [2133.0, 251.0, 10.0, 1354.0], [2356.0, 304.0, 2.0, 1424.0], [1031.0, 177.0, 14.0, 297.0], [616.0, 75.0, 6.0, 377.0], [2009.0, 212.0, 14.0, 1193.0], [1434.0, 202.0, 14.0, 502.0], [943.5, 73.0, 11.0, 959.5], [2864.0, 365.0, 8.0, 1496.0], [1735.0, 234.0, 10.0, 1048.0], [2039.0, 101.0, 8.0, 2499.0], [1879.0, 255.0, 10.0, 1189.0], [592.0, 12.0, 8.0, 955.0], [1874.0, 187.0, 8.0, 1537.0], [1501.0, 132.0, 10.0, 1380.0]]
totts	28793137.8
withinss	[0.0, 0.0, 0.0, 0.0, 0.0, 0.0, 0.0, 0.0, 0.0, 0.0, 0.0, 156846.0, 0.0, 0.0, 0.0, 0.0, 0.0, 0.0, 0.0, 0.0, 5553.0, 0.0, 0.0, 0.0, 0.0, 0.0, 0.0, 0.0]
tot.withinss	162399.0
betweenss	28630738.8
size	[1, 1, 1, 1, 1, 1, 1, 1, 1, 1, 1, 2, 1, 1, 1, 1, 1, 1, 1, 1, 2, 1, 1, 1, 1, 1, 1, 1]
=====クラスタ数29個のとき＝＝＝＝＝
cluster	[21, 23, 16, 6, 5, 18, 4, 2, 1, 10, 3, 25, 19, 29, 9, 15, 13, 17, 7, 22, 27, 28, 12, 20, 26, 8, 24, 14, 20, 11]
centers	[[1500.0, 225.0, 8.0, 464.0], [1412.0, 147.0, 18.0, 920.0], [1031.0, 177.0, 14.0, 297.0], [2864.0, 365.0, 8.0, 1496.0], [962.0, 82.0, 10.0, 911.0], [1434.0, 202.0, 14.0, 502.0], [1501.0, 132.0, 10.0, 1380.0], [2133.0, 251.0, 10.0, 1354.0], [592.0, 12.0, 8.0, 955.0], [616.0, 75.0, 6.0, 377.0], [1735.0, 234.0, 10.0, 1048.0], [2680.0, 318.0, 22.0, 1666.0], [1122.0, 194.0, 14.0, 379.0], [1563.0, 124.0, 8.0, 1452.0], [397.0, 25.0, 6.0, 529.0], [1048.0, 137.0, 10.0, 508.0], [925.0, 64.0, 12.0, 1008.0], [1902.0, 198.0, 8.0, 1776.0], [570.0, 43.0, 16.0, 593.0], [1944.0, 233.5, 12.0, 1191.0], [2950.0, 175.0, 20.0, 2861.0], [1615.0, 189.0, 14.0, 903.0], [2039.0, 101.0, 8.0, 2499.0], [2588.0, 281.0, 16.0, 2447.0], [752.0, 101.0, 8.0, 355.0], [1874.0, 187.0, 8.0, 1537.0], [1479.0, 91.0, 20.0, 1968.0], [2356.0, 304.0, 2.0, 1424.0], [557.0, 58.0, 18.0, 489.0]]
totts	28793137.8
withinss	[0.0, 0.0, 0.0, 0.0, 0.0, 0.0, 0.0, 0.0, 0.0, 0.0, 0.0, 0.0, 0.0, 0.0, 0.0, 0.0, 0.0, 0.0, 0.0, 9390.5, 0.0, 0.0, 0.0, 0.0, 0.0, 0.0, 0.0, 0.0, 0.0]
tot.withinss	9390.5
betweenss	28783747.3
size	[1, 1, 1, 1, 1, 1, 1, 1, 1, 1, 1, 1, 1, 1, 1, 1, 1, 1, 1, 2, 1, 1, 1, 1, 1, 1, 1, 1, 1]
##########################クラスタ数7個の時の平均##########################
cl[1] = [1.6218616641404573, 0.20621629905455144, -0.5269597692990458, 1.7320302091802227]
cl[2] = [1.1513361099858248, -0.3553061316936782, -0.5434252012446423, 1.73203917732366]
cl[3] = [0.8477782058553217, -0.4765952506726478, -0.5682931299548856, 1.732050436697026]
cl[4] = [1.5393734286738303, -0.04816329009114323, -0.5481110188955105, 1.7320429595005526]
cl[5] = [1.2511401967712106, -0.32974824725569407, -0.5653380824177813, 1.7320501254223524]
cl[6] = [1.3052514735924243, -0.30960230378634723, -0.5670428336403441, 1.7320493508592465]
cl[7] = [0.8199935044522965, -0.4977312948417267, -0.5614848150311321, 1.732049220473148]
##########################クラスタ数7個の時の標準偏差##########################
cl[1] = [0.05638437449450226, 0.24607186669560188, 0.01664202598025572, 8.393040256262402e-06]
cl[2] = [0.31205824338565913, 0.15199588502871203, 0.014033118254362783, 7.4981412406584935e-06]
cl[3] = [0.16014828990354502, 0.053781101665096476, 0.004723695878723811, 1.6163958639083357e-07]
cl[4] = [0.11737107382323443, 0.24396162637719496, 0.007173020862306093, 4.695075864914564e-06]
cl[5] = [0.21109756043857394, 0.12122445567156415, 0.004714486145316973, 4.2993242603657155e-07]
cl[6] = [0.15018506293199105, 0.09049071996672066, 0.00442661648320589, 4.966531687696457e-07]
cl[7] = [0.23595953836355968, 0.05071942319707139, 0.0021301658210299344, 5.332724559814829e-07]
##########################異常データ(標準化)##########################
[1.1133435910804719, -0.36394124670655964, -0.5719981714551866, 1.7320507114023842]
[0.5475194213032468, -0.45902141109273065, -0.5723993717419864, 1.7320507163107066]
[1.386344340033303, -0.15345990968313322, -0.5666278959239165, 1.7320501499806744]
[1.3099844736905997, -0.190278794206281, -0.5694438758404479, 1.7320503504031093]
[1.199712217810216, -0.29458701252266256, -0.5732277072614684, 1.7320503199683577]

[1.6914274094273607, 0.586466797431426, -0.5588626135321009, 1.7320472800335365]
[1.682842580420183, 0.4253445658190253, -0.5562423399004509, 1.7320440777720616]
[1.6909966939181569, 0.43344597764310266, -0.5509139963147026, 1.7320402464145461]
[1.6748633847971466, -0.04834134855130241, -0.5584228898932699, 1.7320480941986838]
[1.6448711191231016, 0.21156428392102042, -0.5579096271559573, 1.7320488084559174]

[1.6233384703912994, 0.017803336181672385, -0.5728156884368822, 1.7320482580302765]
[1.1583442691460495, -0.38293303967832487, -0.5688040020948518, 1.7320506025438096]
[1.5971857916724819, 0.03485887184402349, -0.564426684165857, 1.7320496519889432]
[1.5752160000731301, -0.03552065177632536, -0.5764682791042268, 1.7320501808969224]
[1.379387547551193, 1.718629152317609, -0.5655399914429129, 1.7320502060815648]

[1.341083850521802, 1.6907761694904966, -0.5720977103948178, 1.7320505526136294]
[1.510433452044308, -0.38659146768368063, -0.5693736379937037, 1.7320501826073433]
[1.6664038263757244, -0.06508133355269537, -0.5699282892192035, 1.7320480921430674]
[1.701438566532928, 0.3694226979756716, -0.5685692485773861, 1.7320468692810091]
[1.4133998379141106, -0.31663126894279964, -0.5634917940072284, 1.732050101273706]

[1.6545726832714063, -0.15836612774758801, -0.5666413808976506, 1.7320478609146943]
[1.522292333648843, -0.4780001006129424, -0.5133584765968466, 1.7320455577281169]
[1.673206459456302, 0.1279381929584459, -0.5347105980703365, 1.732047561108651]
[1.7099821510831072, 0.7793772179340807, -0.5683601184307113, 1.7320462715498441]
[1.594161373297814, 0.001732779889900973, -0.5606946795613653, 1.7320468670511306]

[1.6515376550898266, 0.21834446705869093, -0.5661309484831655, 1.7320477264014897]
[1.6384052356714611, 0.10769346957670525, -0.5601434392684107, 1.7320478829909183]
[1.2530853214186755, -0.4009389075282776, -0.5681012563643055, 1.732049344826112]
[1.5084590649129137, -0.16093368320211593, -0.5685285523003721, 1.7320497583607135]
[1.413460341284693, -0.30666881673916935, -0.5692056028070881, 1.7320499724010017]

##########################逸脱度##########################
2.087821035742767
2.714778043064429
1.6134174438588638
1.5600163081378164
1.7744843626670919

3.3968877090921183
2.56964246230653
2.420357364701484
2.1436608596465487
2.315020567239532

3.578239551034694
1.4689291032943759
2.7502758824063367
3.719952836688496
7.911510101643613

8.213365047642492
1.5744943228350787
3.369071086986899
3.552922387385489
0.8712339838249642

2.89095151515194
2.716492506995361
2.3284237831737298
4.209399999163945
2.0074797391208827

3.0738417432374505
2.2435629403212265
1.0939608625214134
2.147561649805752
1.1946366095776155

##############################################################
タイムスロット0 = [9.999908816576186, 2.555392798128653, 3.2620448693155026, 5.354109105115615, 2.087821035742767, 3.278867950859288, 6.3780247505067855]
タイムスロット1 = [19.59042492972927, 3.2925480488803776, 2.714778043064429, 9.404442491465783, 4.047145321361302, 6.099568298786462, 6.003119726921225]
タイムスロット2 = [5.559690626947317, 2.6843913880404178, 7.118994186996354, 3.300850644597189, 1.6134174438588638, 2.4221135569843475, 7.791160136983269]
タイムスロット3 = [6.742917337930559, 2.6637146054068945, 6.084093528680472, 3.934711473200504, 1.5600163081378164, 2.4666522865921388, 7.714138722231397]
タイムスロット4 = [8.583002758297743, 2.6272013700054426, 4.2302608138864395, 4.910552596986032, 1.7744843626670919, 2.5061968255610587, 7.298782849623942]
タイムスロット5 = [3.423723175495072, 6.615459912621687, 28.351940806154463, 3.3968877090921183, 10.351862554781574, 11.201255710887907, 22.030548958323045]
タイムスロット6 = [2.7909001011730346, 5.526374300492353, 43.15781042471475, 2.56964246230653, 15.638740915472486, 13.818955189591348, 21.063152736395132]
タイムスロット7 = [2.420357364701484, 5.497692179337179, 65.5899045694371, 2.460199974599695, 24.110765473450606, 20.5753740989565, 25.661442384675613]
タイムスロット8 = [3.1731618222237583, 3.0740169126306047, 17.448987811804972, 2.1436608596465487, 5.821540671986205, 4.958486394503988, 9.907453523046165]
タイムスロット9 = [2.921720986470804, 4.373301501504797, 17.169802881664303, 2.315020567239532, 5.9400564736155435, 6.613118868785276, 14.532942165834282]
タイムスロット10 = [3.578239551034694, 3.7638480015836278, 17.045459708328234, 3.704099524051062, 5.7192438573392455, 4.911106202199063, 12.102012906413842]
タイムスロット11 = [9.248657750167075, 2.371913593423993, 2.80322382197782, 4.8367504465154285, 1.4689291032943759, 2.8501606775860737, 5.069697535389463]
タイムスロット12 = [3.3333708220555436, 3.5807439789136257, 11.686481621796467, 2.7502758824063367, 3.6032552562558995, 4.3572377885843245, 11.120966072482558]
タイムスロット13 = [4.020179472647991, 3.737574067872952, 9.664011295590702, 4.253278898069763, 3.719952836688496, 4.4420623245672255, 12.08356207686616]
タイムスロット14 = [8.204885238295194, 13.833230879264143, 40.9815104188791, 7.911510101643613, 16.90940703880007, 22.487727087668677, 43.84307572459825]
タイムスロット15 = [8.627081143144196, 13.713354757491102, 40.431804430345636, 8.213365047642492, 16.764084009836537, 22.268510279720008, 43.563761453825315]
タイムスロット16 = [4.676299145748601, 2.634374262888581, 4.737624760126538, 3.6247414519690366, 1.5744943228350787, 2.381644247026099, 5.507622429047728]
タイムスロット17 = [3.611895215004724, 3.369071086986899, 17.180996972473498, 3.4091678617694967, 5.652494604462127, 4.464574387895427, 10.286930467891596]
タイムスロット18 = [3.552922387385489, 5.486795528188078, 27.621860435637192, 3.6965441242458925, 9.779799185546592, 9.39952548212562, 18.351145821601392]
タイムスロット19 = [5.3497312666518395, 2.2219941311766602, 5.163345361322044, 3.045419703452436, 0.8712339838249642, 1.857701258894183, 4.763367408209143]
タイムスロット20 = [3.5553335702998483, 2.89095151515194, 17.732713303281418, 2.988455690669484, 5.785335915049316, 4.148643368053128, 8.345038887048853]
タイムスロット21 = [3.8551374831096346, 2.716492506995361, 32.62017902769879, 5.18697869609857, 15.41367198943664, 14.52448170354728, 23.80374859111954]
タイムスロット22 = [2.3284237831737298, 3.8132250409518167, 22.802385330950354, 2.5043715145054417, 9.799538839527436, 9.783504116567133, 18.2459141977921]
タイムスロット23 = [4.209399999163945, 7.936421356803913, 35.1903831965596, 4.699563364021479, 13.007600551529949, 13.80627959504628, 26.25355147748711]
タイムスロット24 = [2.996686326021499, 3.1776879924893144, 24.31282960294037, 2.0074797391208827, 8.278034590204161, 6.527273045299151, 11.285088153733621]
タイムスロット25 = [3.1899246467096742, 4.553155472223627, 21.760440937164613, 3.0738417432374505, 7.429969998562675, 7.077828643203473, 14.978468834658742]
タイムスロット26 = [2.9422048162540246, 3.80557781833416, 19.87412661173039, 2.2435629403212265, 6.693680795132183, 6.111537762393924, 12.696568741825862]
タイムスロット27 = [7.757220663742752, 2.264336186942408, 7.349510386941515, 4.201997359628492, 1.996240267687475, 1.0939608625214134, 4.088136832656716]
タイムスロット28 = [4.235047292357722, 2.8524380923344532, 8.31159983349851, 3.2376194422141436, 2.147561649805752, 2.3055958574963507, 8.034894550977919]
タイムスロット29 = [5.476675587745716, 2.501136676414127, 5.5450729222854465, 3.626724527416809, 1.1946366095776155, 1.524809015446163, 5.970063684607314]
