##########################通常データ(標準化)##########################
[1.2422451567304589, -0.3229443005122076, -0.5235596203610945, 1.7320425368052303]
[1.329317852078503, -0.22343170712718313, -0.5605071502892086, 1.7320458043791052]
[0.22839934324319455, -0.4729682216645209, -0.574139045733151, 1.73205078887703]
[1.22011888116084, -0.29896545450236695, -0.5736304586811037, 1.7320503986076194]
[1.197910155132639, -0.3684658012983044, -0.5700303371555726, 1.732049248592003]

[1.652893457971079, 0.047190804569655256, -0.5349221970354432, 1.7320412712931827]
[1.7168065720086285, 0.8711400370968608, -0.4987593531523628, 1.7319568737874937]
[1.1308414460133926, -0.3660655609339244, -0.5707046659567273, 1.7320501706635867]
[1.6871853897366924, 0.16034660508405035, -0.5371518077225524, 1.7320267622877503]
[1.6552215721279, 0.09053724713906869, -0.5532718732968822, 1.7320422085045721]

[1.6435180931568554, 0.013474744202879953, -0.5418045597008693, 1.732045547604606]
[1.696856920766638, 0.528855302507538, -0.5570696458325611, 1.7320465730955972]
[1.6612943749106264, 0.10164758185463381, -0.5195645769465715, 1.7320434054472298]
[1.7030913981196114, 0.8158062797720951, -0.569613181011284, 1.7320406943271043]
[1.7165064445517624, 1.5087506189488498, -0.5533595237359057, 1.7318996799944737]

[0.9233701458825009, -0.44093223540724485, -0.5645647005918508, 1.7320506168248866]
[1.4924179137656566, -0.2606797693411234, -0.5676885269767605, 1.7320487614779247]
[1.6671790489838478, 0.22629737500589694, -0.5695084110215314, 1.7320426046519413]
[1.6989737830637963, 0.6829493804825478, -0.5395539574921507, 1.732046870004755]
[1.7279145585374274, 0.6333953210066178, -0.5530715602510222, 1.7320350260109674]

[1.6708175687258928, -0.2649009292656222, -0.5719154478010416, 1.732049297521173]
[1.5916093647661964, -0.10279512993027777, -0.5509494984502569, 1.7320494714103638]
[1.6897478773625876, 0.20326924874400362, -0.5634606147416088, 1.7320478279134803]
[1.7002821849885958, 0.416802767818803, -0.5629468195366736, 1.7320211054970585]
[1.6819316078033761, 0.25954954996864105, -0.5431553335987195, 1.732042483715511]

[1.6245388278986872, 0.005887017954465376, -0.5669502523656481, 1.732045784333991]
[1.7179111999635577, 1.1573801660553547, -0.5558262048044961, 1.7319563638392466]
[1.4498106101432036, -0.2918419350138606, -0.553373198247115, 1.732047179689066]
[1.6201149071409522, 0.001630760496052994, -0.573482607752615, 1.732048960036824]
[1.5952199082557492, -0.03046732443512897, -0.565659189996936, 1.7320498500022583]

[1.031362312205004, -0.48594639088187297, -0.5666893100976218, 1.7320505785989553]
[0.7839618756921134, -0.5165672470992609, -0.5724940693804084, 1.7320505895706786]
[1.54300922238159, -0.13194899286606437, -0.5488840069253421, 1.7320398248297362]
[1.6420394077815104, 0.11070143233154232, -0.5364247086940839, 1.7320392735396386]
[1.0558017223581522, -0.44190444702838283, -0.5608578765686634, 1.732048543512831]

[1.06855542566234, -0.4004677149443401, -0.5706852483308247, 1.7320502120950816]
[1.5073113946500285, -0.16777872447219147, -0.569784320889284, 1.7320495547857735]
[1.3803128201581474, -0.32882658426170697, -0.547782060158762, 1.7320477590901542]
[1.6621315350060963, 0.2671815380808393, -0.5537280614524226, 1.7320372611099235]
[1.4236611498835778, -0.25767479048036296, -0.5549719364617219, 1.7320321921161812]

[1.6737884969327477, 0.4497893263571507, -0.5083589592394909, 1.732019160246951]
[1.5558311007329244, -0.1059741730087767, -0.5453175145158811, 1.732028134622812]
[0.9591529627671813, -0.48354366453583564, -0.5358010089056319, 1.7320460645390605]
[1.1309763348967028, -0.4142037673685602, -0.5207776251692107, 1.7320425523954548]
[0.4982619913144023, -0.564722777460668, -0.5643317877326153, 1.7320498526115797]

[0.6919284089032752, -0.5125032267126454, -0.5600164957453192, 1.7320466396706244]
[1.6488162857530688, 0.30416580274035643, -0.5234076446995184, 1.7320314352337023]
[0.9102209735340797, -0.4862148568756715, -0.5592003621312085, 1.7320492428513525]
[1.083431269445882, -0.4294934811464121, -0.5665180199605149, 1.7320497908984893]
[1.4746157531852178, -0.23770926790530886, -0.5543248013160074, 1.7320474238658068]

[0.6923697913126852, -0.5125884833238845, -0.5616870261189465, 1.7320505064800968]
[1.426977755554605, -0.22012019747765996, -0.5758386858845415, 1.7320495068198665]
[1.4116927394090548, -0.2687134442337731, -0.5574018054536569, 1.7320498653862897]
[1.4004189534533826, -0.2231187505267937, -0.5650989477766363, 1.732049002620055]
[1.1934911841866855, -0.3837710992253692, -0.569716326244063, 1.7320498887835547]

[1.396903942956039, -0.27437763654167696, -0.5665676531133018, 1.7320493913520527]
[1.0552914457802294, -0.396290607203657, -0.5674578396427759, 1.7320505009617033]
[1.073727169797078, -0.4451668759503897, -0.5691717139024732, 1.7320498895299001]
[1.4386268240654496, -0.2912616628631799, -0.5599026808105001, 1.7320488947730834]
[1.4302892292749434, -0.20809063328950392, -0.5634737552596972, 1.7320484239918676]

##########################クラスタ数##########################
3
##########################クラスタリング結果##########################
=====クラスタ数1個のとき＝＝＝＝＝
cluster	[1, 1, 1, 1, 1, 1, 1, 1, 1, 1, 1, 1, 1, 1, 1, 1, 1, 1, 1, 1, 1, 1, 1, 1, 1, 1, 1, 1, 1, 1, 1, 1, 1, 1, 1, 1, 1, 1, 1, 1, 1, 1, 1, 1, 1, 1, 1, 1, 1, 1, 1, 1, 1, 1, 1, 1, 1, 1, 1, 1]
centers	[1.3763167674004178, -0.732976942941174, -0.9938767605694451, 0.35053693611020215]
totts	27.469787886692007
withinss	27.469787886691993
tot.withinss	27.469787886691993
betweenss	1.4210854715202004e-14
size	60
=====クラスタ数2個のとき＝＝＝＝＝
cluster	[2, 2, 2, 2, 2, 1, 1, 2, 1, 1, 1, 1, 1, 1, 1, 2, 1, 1, 1, 1, 1, 1, 1, 1, 1, 1, 1, 1, 1, 1, 2, 2, 1, 1, 2, 2, 1, 1, 1, 1, 1, 1, 2, 2, 2, 2, 1, 2, 2, 1, 2, 1, 1, 1, 2, 1, 2, 2, 1, 1]
centers	[[1.5917505178443, -0.6456997247394448, -0.9534192138971068, 0.007368420792251634], [0.9762255165760639, -0.8950632053158138, -1.069012204389503, 0.9878498931292532]]
totts	27.469787886692007
withinss	[5.473246871065692, 2.6714329905143432]
tot.withinss	8.144679861580036
betweenss	19.325108025111973
size	[39, 21]
=====クラスタ数3個のとき＝＝＝＝＝
cluster	[2, 2, 3, 2, 2, 1, 1, 3, 1, 1, 1, 1, 1, 1, 1, 3, 2, 1, 1, 1, 1, 1, 1, 1, 1, 1, 1, 2, 1, 1, 3, 3, 2, 1, 3, 3, 2, 2, 1, 2, 1, 2, 3, 3, 3, 3, 1, 3, 3, 2, 3, 2, 2, 2, 2, 2, 3, 3, 2, 2]
centers	[[1.6698556314525554, -0.5733811466345422, -0.8926191706480031, -0.20385531417001004], [1.3955243494159448, -0.7917303589904001, -1.075935306561305, 0.4721413161357606], [0.8948532886755132, -0.9125756931118302, -1.054647221456366, 1.072369625892683]]
totts	27.469787886692007
withinss	[1.1122564466640787, 0.8572918281186184, 1.6669731172037603]
tot.withinss	3.6365213919864576
betweenss	23.833266494705548
size	[25, 19, 16]
=====クラスタ数4個のとき＝＝＝＝＝
cluster	[2, 3, 1, 2, 2, 4, 4, 2, 4, 4, 4, 4, 4, 4, 4, 2, 3, 4, 4, 4, 4, 3, 4, 4, 4, 4, 4, 3, 4, 4, 2, 1, 3, 4, 2, 2, 3, 3, 4, 3, 4, 3, 2, 2, 1, 1, 4, 2, 2, 3, 1, 3, 3, 3, 2, 3, 2, 2, 3, 3]
centers	[[0.5789842820931341, -0.9135765740582377, -0.997945468195895, 1.332537760160999], [1.085099772370211, -0.8966417692970143, -1.0883699860750324, 0.8999119830018357], [1.4533004141536576, -0.7701016376169922, -1.061841926851174, 0.3786431503145088], [1.6731158925644871, -0.56831170686884, -0.8886607363517912, -0.2161434493438559]]
totts	27.469787886692007
withinss	[0.2930150233674758, 0.3630182672216015, 0.38371937698119346, 0.9904588525535637]
tot.withinss	2.0302115201238347
betweenss	25.439576366568172
size	[5, 15, 16, 24]
=====クラスタ数5個のとき＝＝＝＝＝
cluster	[5, 5, 3, 5, 5, 2, 4, 3, 2, 2, 2, 4, 2, 4, 4, 3, 1, 2, 4, 4, 2, 1, 2, 4, 2, 2, 4, 5, 2, 1, 3, 3, 1, 2, 3, 3, 1, 5, 2, 5, 2, 1, 3, 3, 3, 3, 2, 3, 3, 1, 3, 5, 5, 5, 5, 5, 3, 3, 5, 5]
centers	[[1.5371449511053377, -0.7238662944500687, -1.026536483926966, 0.21325782727169723], [1.6587478967527944, -0.6073047520896385, -0.9240264096879006, -0.12741673497525535], [0.8948532886755132, -0.9125756931118302, -1.054647221456366, 1.072369625892683], [1.7097928827500024, -0.48309932817029844, -0.8079663928483413, -0.4187271617313624], [1.3529840895848235, -0.8097125370588364, -1.0891691010907767, 0.5458975485647893]]
totts	27.469787886692007
withinss	[0.09762853327298962, 0.1451478443258414, 1.6669731172037603, 0.12064967419904918, 0.4130867490418468]
tot.withinss	2.4434859180434874
betweenss	25.026301968648518
size	[7, 15, 16, 8, 14]
=====クラスタ数6個のとき＝＝＝＝＝
cluster	[3, 3, 4, 3, 3, 2, 6, 4, 1, 2, 2, 1, 2, 1, 6, 4, 5, 2, 1, 6, 2, 5, 1, 1, 1, 2, 6, 3, 2, 5, 4, 4, 5, 2, 4, 4, 5, 3, 2, 3, 1, 5, 4, 4, 4, 4, 2, 4, 4, 5, 4, 3, 3, 3, 3, 3, 4, 4, 3, 3]
centers	[[1.691482207346756, -0.535288644095936, -0.8759352882433518, -0.2802582750074679], [1.6498695526778648, -0.6208692527580977, -0.9369165237228135, -0.0920837761969539], [1.3529840895848235, -0.8097125370588364, -1.0891691010907767, 0.5458975485647893], [0.8948532886755132, -0.9125756931118302, -1.054647221456366, 1.072369625892683], [1.5371449511053377, -0.7238662944500687, -1.026536483926966, 0.21325782727169723], [1.719784693765344, -0.4656237434001011, -0.7526408053018694, -0.5015201450633735]]
totts	27.469787886692007
withinss	[0.05237343864925107, 0.06775819448871687, 0.4130867490418468, 1.6669731172037603, 0.09762853327298962, 0.030177995850741633]
tot.withinss	2.3279980285073063
betweenss	25.1417898581847
size	[8, 11, 14, 16, 7, 4]
=====クラスタ数7個のとき＝＝＝＝＝
cluster	[2, 5, 6, 2, 2, 7, 1, 2, 3, 7, 7, 3, 7, 3, 1, 2, 5, 7, 3, 1, 7, 4, 3, 3, 3, 7, 1, 5, 7, 4, 2, 6, 4, 7, 2, 2, 4, 5, 7, 5, 3, 4, 2, 2, 6, 6, 7, 2, 2, 5, 6, 5, 5, 5, 2, 5, 2, 2, 5, 5]
centers	[[1.719784693765344, -0.4656237434001011, -0.7526408053018694, -0.5015201450633735], [1.085099772370211, -0.8966417692970143, -1.0883699860750324, 0.8999119830018357], [1.691482207346756, -0.535288644095936, -0.8759352882433518, -0.2802582750074679], [1.5585961981572978, -0.7027931504857977, -1.0206829266600446, 0.1648798789885446], [1.421253795327315, -0.7893979589656732, -1.0741488817213591, 0.4422930453597172], [0.5789842820931341, -0.9135765740582377, -0.997945468195895, 1.332537760160999], [1.6498695526778648, -0.6208692527580977, -0.9369165237228135, -0.0920837761969539]]
totts	27.469787886692007
withinss	[0.030177995850741633, 0.3630182672216015, 0.05237343864925107, 0.03940333724636859, 0.08963464286055305, 0.2930150233674758, 0.06775819448871687]
tot.withinss	0.9353808996847085
betweenss	26.534406987007298
size	[4, 15, 8, 5, 12, 5, 11]
=====クラスタ数8個のとき＝＝＝＝＝
cluster	[8, 3, 1, 8, 8, 5, 7, 2, 5, 5, 5, 7, 5, 7, 7, 4, 3, 5, 7, 7, 5, 6, 5, 7, 5, 5, 7, 3, 5, 6, 2, 4, 6, 5, 2, 2, 6, 3, 5, 3, 5, 6, 4, 2, 1, 1, 5, 4, 2, 3, 1, 3, 3, 3, 8, 3, 2, 2, 3, 3]
centers	[[0.5277398836933893, -0.9051070226521458, -0.9897965008828025, 1.3671636398415592], [1.0787483907698474, -0.9041033591705873, -1.0873791228072343, 0.912734091207974], [1.421253795327315, -0.7893979589656732, -1.0741488817213591, 0.4422930453597172], [0.8941764894689688, -0.9369890314540006, -1.0540341393281927, 1.0968466813132245], [1.6587478967527944, -0.6073047520896385, -0.9240264096879006, -0.12741673497525535], [1.5585961981572978, -0.7027931504857977, -1.0206829266600446, 0.1648798789885446], [1.7097928827500024, -0.48309932817029844, -0.8079663928483413, -0.4187271617313624], [1.213441344302656, -0.8540745799892802, -1.110230397200776, 0.7508636328874004]]
totts	27.469787886692007
withinss	[0.21375344576158187, 0.02737717902117967, 0.08963464286055305, 0.03375740575474549, 0.1451478443258414, 0.03940333724636859, 0.12064967419904918, 0.006835942766560002]
tot.withinss	0.6765594719358793
betweenss	26.79322841475613
size	[4, 8, 12, 4, 15, 5, 8, 4]
=====クラスタ数9個のとき＝＝＝＝＝
cluster	[5, 7, 2, 5, 5, 3, 9, 5, 3, 3, 3, 9, 3, 9, 9, 8, 1, 3, 9, 9, 3, 4, 3, 9, 3, 4, 9, 6, 4, 4, 8, 2, 1, 3, 8, 8, 1, 7, 3, 6, 3, 1, 8, 5, 2, 2, 3, 8, 8, 6, 2, 6, 6, 7, 5, 7, 8, 8, 6, 6]
centers	[[1.52464240788255, -0.733132722607045, -1.0360088492411674, 0.24449916396566243], [0.5789842820931341, -0.9135765740582377, -0.997945468195895, 1.332537760160999], [1.6643511320194062, -0.6009861307334811, -0.9164223163293894, -0.1469426849565356], [1.607870752015396, -0.6642285852414781, -0.9845645027828209, 0.04092233600890279], [1.1859305263534532, -0.8655387494745038, -1.1055663944577716, 0.7851746175788225], [1.4365248659308647, -0.786386750056803, -1.0682419579738416, 0.4181038420997801], [1.376738392161518, -0.7973350900086696, -1.0950300332700336, 0.515626731117185], [1.0178792697147163, -0.9173771158453545, -1.0769057138198728, 0.9764035599505111], [1.7097928827500024, -0.48309932817029844, -0.8079663928483413, -0.4187271617313624]]
totts	27.469787886692007
withinss	[0.019551048971866433, 0.2930150233674758, 0.09527655127849337, 0.010040534548558988, 0.03381136306035641, 0.014283397401182844, 0.015545816733681734, 0.08326072139735946, 0.12064967419904918]
tot.withinss	0.6854341309580242
betweenss	26.78435375573398
size	[4, 5, 13, 4, 6, 7, 4, 9, 8]
=====クラスタ数10個のとき＝＝＝＝＝
cluster	[8, 10, 7, 8, 8, 2, 4, 8, 9, 2, 2, 5, 2, 5, 6, 3, 10, 9, 5, 4, 2, 1, 9, 5, 9, 2, 6, 10, 2, 1, 3, 7, 1, 2, 3, 3, 1, 10, 9, 10, 9, 1, 3, 8, 7, 7, 2, 3, 3, 10, 7, 10, 10, 10, 8, 10, 3, 3, 10, 10]
centers	[[1.5585961981572978, -0.7027931504857977, -1.0206829266600446, 0.1648798789885446], [1.6465838328296192, -0.6317064453906748, -0.9369971607905939, -0.07788022664835022], [1.0178792697147163, -0.9173771158453545, -1.0769057138198728, 0.9764035599505111], [1.722360565273028, -0.5179473161040344, -0.7355100920056945, -0.468903157163299], [1.6998010717346603, -0.5005749129404959, -0.863291980394813, -0.33593417839935147], [1.71720882225766, -0.41330017069616776, -0.7697715185980444, -0.5341371329634479], [0.5789842820931341, -0.9135765740582377, -0.997945468195895, 1.332537760160999], [1.1859305263534532, -0.8655387494745038, -1.1055663944577716, 0.7851746175788225], [1.676993992637558, -0.5707022121380845, -0.9045702830338606, -0.201721497465613], [1.421253795327315, -0.7893979589656732, -1.0741488817213591, 0.4422930453597172]]
totts	27.469787886692007
withinss	[0.03940333724636859, 0.05111675355209757, 0.08326072139735946, 0.008718789386137864, 0.007905029733878554, 0.005052324015654767, 0.2930150233674758, 0.03381136306035641, 0.018307045383067662, 0.08963464286055305]
tot.withinss	0.6302250300029497
betweenss	26.839562856689057
size	[5, 9, 9, 2, 4, 2, 5, 6, 6, 12]
=====クラスタ数11個のとき＝＝＝＝＝
cluster	[10, 6, 5, 10, 10, 7, 1, 10, 3, 7, 7, 8, 7, 8, 4, 9, 11, 3, 8, 1, 7, 2, 3, 8, 3, 7, 4, 11, 7, 2, 10, 9, 2, 7, 10, 10, 11, 6, 3, 6, 3, 2, 9, 10, 5, 5, 7, 9, 10, 11, 5, 6, 6, 6, 10, 6, 10, 10, 6, 6]
centers	[[1.722360565273028, -0.5179473161040344, -0.7355100920056945, -0.468903157163299], [1.5714173990341151, -0.695037987464322, -1.0123600220670688, 0.1359806104972758], [1.676993992637558, -0.5707022121380845, -0.9045702830338606, -0.201721497465613], [1.71720882225766, -0.41330017069616776, -0.7697715185980444, -0.5341371329634479], [0.5277398836933893, -0.9051070226521458, -0.9897965008828025, 1.3671636398415592], [1.4042445852037446, -0.7905530472392064, -1.0847711615413198, 0.4710796235767815], [1.6465838328296192, -0.6317064453906748, -0.9369971607905939, -0.07788022664835022], [1.6998010717346603, -0.5005749129404959, -0.863291980394813, -0.33593417839935147], [0.8941764894689688, -0.9369890314540006, -1.0540341393281927, 1.0968466813132245], [1.12364604194745, -0.8874270994434851, -1.0949962142717482, 0.8587772717677827], [1.4810389179360266, -0.7729029712517304, -1.0452051679540943, 0.3370692212697982]]
totts	27.469787886692007
withinss	[0.008718789386137864, 0.016824053134216928, 0.018307045383067662, 0.005052324015654767, 0.21375344576158187, 0.04030685789239413, 0.05111675355209757, 0.007905029733878554, 0.03375740575474549, 0.16053124577729888, 0.012300870175023038]
tot.withinss	0.5685738205660967
betweenss	26.90121406612591
size	[2, 4, 6, 2, 4, 9, 9, 4, 4, 12, 4]
=====クラスタ数12個のとき＝＝＝＝＝
cluster	[2, 1, 11, 2, 2, 3, 12, 2, 9, 3, 3, 6, 3, 6, 12, 4, 8, 9, 6, 12, 3, 5, 9, 6, 9, 3, 12, 7, 3, 5, 4, 10, 5, 3, 4, 4, 8, 1, 9, 7, 9, 5, 4, 2, 11, 10, 3, 4, 4, 8, 10, 7, 7, 7, 2, 7, 4, 4, 7, 7]
centers	[[1.354815336118325, -0.8073601335470972, -1.0980308571480009, 0.5505756545767728], [1.1859305263534532, -0.8655387494745038, -1.1055663944577716, 0.7851746175788225], [1.6465838328296192, -0.6317064453906748, -0.9369971607905939, -0.07788022664835022], [1.0178792697147163, -0.9173771158453545, -1.0769057138198728, 0.9764035599505111], [1.5714173990341151, -0.695037987464322, -1.0123600220670688, 0.1359806104972758], [1.6998010717346603, -0.5005749129404959, -0.863291980394813, -0.33593417839935147], [1.422297650592532, -0.788119616471549, -1.0764230140214708, 0.44224497990048783], [1.4914483538669678, -0.7623040370977309, -1.045438433073496, 0.31629411630425913], [1.676993992637558, -0.5707022121380845, -0.9045702830338606, -0.201721497465613], [0.7227533586360245, -0.9405911974110882, -1.0238070423525087, 1.2416448811275724], [0.3633306672787984, -0.8730546390289624, -0.9591531069609744, 1.4688770787111385], [1.719784693765344, -0.4656237434001011, -0.7526408053018694, -0.5015201450633735]]
totts	27.469787886692007
withinss	[0.007679410231174388, 0.03381136306035641, 0.05111675355209757, 0.08326072139735946, 0.016824053134216928, 0.007905029733878554, 0.01335788711561398, 0.004472632248467672, 0.018307045383067662, 0.009158733396676815, 0.05638373705778661, 0.030177995850741633]
tot.withinss	0.3324553621614377
betweenss	27.13733252453057
size	[2, 6, 9, 9, 4, 4, 8, 3, 6, 3, 2, 4]
=====クラスタ数13個のとき＝＝＝＝＝
cluster	[10, 13, 4, 10, 10, 2, 3, 10, 7, 2, 2, 5, 1, 5, 3, 9, 6, 1, 5, 3, 7, 8, 7, 5, 7, 2, 3, 12, 2, 8, 9, 4, 8, 2, 9, 9, 6, 11, 1, 12, 1, 8, 9, 10, 4, 4, 1, 9, 9, 6, 4, 12, 11, 11, 10, 11, 9, 9, 12, 12]
centers	[[1.6626419483172774, -0.5672979776694311, -0.9420838509557697, -0.15326011969207654], [1.639721044346164, -0.6349646494802129, -0.950102663598993, -0.054653731266957994], [1.719784693765344, -0.4656237434001011, -0.7526408053018694, -0.5015201450633735], [0.5789842820931341, -0.9135765740582377, -0.997945468195895, 1.332537760160999], [1.6998010717346603, -0.5005749129404959, -0.863291980394813, -0.33593417839935147], [1.4914483538669678, -0.7623040370977309, -1.045438433073496, 0.31629411630425913], [1.6824206109071373, -0.6158233740290366, -0.8623402272364258, -0.20425700964167487], [1.5714173990341151, -0.695037987464322, -1.0123600220670688, 0.1359806104972758], [1.0178792697147163, -0.9173771158453545, -1.0769057138198728, 0.9764035599505111], [1.1859305263534532, -0.8655387494745038, -1.1055663944577716, 0.7851746175788225], [1.397332113994156, -0.802220810046904, -1.0803650495091888, 0.4852537455619368], [1.433873113784356, -0.7863952113586566, -1.0704012936712826, 0.42292339124558315], [1.329317852078503, -0.7788179018856879, -1.133979160074601, 0.5834792098817857]]
totts	27.469787886692007
withinss	[0.013920548541095461, 0.014716133516958378, 0.030177995850741633, 0.2930150233674758, 0.007905029733878554, 0.004472632248467672, 0.019483465985675838, 0.016824053134216928, 0.08326072139735946, 0.03381136306035641, 0.00497958938172575, 0.004836703813548398, 0.0]
tot.withinss	0.5274032600315003
betweenss	26.942384626660505
size	[5, 6, 4, 5, 4, 3, 4, 4, 9, 6, 4, 5, 1]
=====クラスタ数14個のとき＝＝＝＝＝
cluster	[7, 5, 6, 7, 7, 11, 1, 8, 9, 11, 3, 12, 11, 12, 1, 10, 13, 11, 12, 1, 11, 4, 9, 12, 9, 3, 1, 13, 3, 4, 2, 14, 4, 3, 2, 2, 13, 5, 11, 5, 9, 4, 10, 8, 6, 14, 11, 10, 2, 13, 14, 5, 5, 5, 7, 5, 2, 2, 5, 5]
centers	[[1.719784693765344, -0.4656237434001011, -0.7526408053018694, -0.5015201450633735], [1.0613615575414475, -0.9093154494124661, -1.0844260340857248, 0.932379925956743], [1.6325528089945012, -0.6392821079059917, -0.9609823327413034, -0.03228836834720613], [1.5714173990341151, -0.695037987464322, -1.0123600220670688, 0.1359806104972758], [1.4042445852037446, -0.7905530472392064, -1.0847711615413198, 0.4710796235767815], [0.3633306672787984, -0.8730546390289624, -0.9591531069609744, 1.4688770787111385], [1.213441344302656, -0.8540745799892802, -1.110230397200776, 0.7508636328874004], [1.1309088904550477, -0.8884670884449513, -1.0962383889717628, 0.8537965869616665], [1.6831633429588508, -0.5700023752513762, -0.8885785960918904, -0.22458237161558436], [0.9309146940612539, -0.9335004487111321, -1.0618650732881687, 1.064450827938047], [1.6597648347826446, -0.6103476212450154, -0.923164632855105, -0.12625258068252404], [1.6998010717346603, -0.5005749129404959, -0.863291980394813, -0.33593417839935147], [1.4810389179360266, -0.7729029712517304, -1.0452051679540943, 0.3370692212697982], [0.7227533586360245, -0.9405911974110882, -1.0238070423525087, 1.2416448811275724]]
totts	27.469787886692007
withinss	[0.030177995850741633, 0.008069447418011908, 0.006240519135971994, 0.016824053134216928, 0.04030685789239413, 0.05638373705778661, 0.006835942766560002, 0.001928193754174125, 0.00819716021703813, 0.00408523700902605, 0.03138674683196071, 0.007905029733878554, 0.012300870175023038, 0.009158733396676815]
tot.withinss	0.23980052437346064
betweenss	27.229987362318546
size	[4, 6, 4, 4, 9, 2, 4, 2, 4, 3, 7, 4, 4, 3]
=====クラスタ数15個のとき＝＝＝＝＝
cluster	[8, 6, 1, 8, 8, 11, 7, 2, 10, 11, 13, 5, 11, 5, 12, 3, 4, 11, 5, 7, 11, 15, 10, 5, 10, 13, 12, 14, 13, 15, 2, 9, 15, 13, 2, 2, 4, 6, 11, 14, 10, 15, 3, 2, 1, 9, 11, 3, 2, 4, 9, 14, 14, 14, 8, 14, 2, 2, 14, 14]
centers	[[0.3633306672787984, -0.8730546390289624, -0.9591531069609744, 1.4688770787111385], [1.0787483907698474, -0.9041033591705873, -1.0873791228072343, 0.912734091207974], [0.9309146940612539, -0.9335004487111321, -1.0618650732881687, 1.064450827938047], [1.4914483538669678, -0.7623040370977309, -1.045438433073496, 0.31629411630425913], [1.6998010717346603, -0.5005749129404959, -0.863291980394813, -0.33593417839935147], [1.354815336118325, -0.8073601335470972, -1.0980308571480009, 0.5505756545767728], [1.722360565273028, -0.5179473161040344, -0.7355100920056945, -0.468903157163299], [1.213441344302656, -0.8540745799892802, -1.110230397200776, 0.7508636328874004], [0.7227533586360245, -0.9405911974110882, -1.0238070423525087, 1.2416448811275724], [1.6831633429588508, -0.5700023752513762, -0.8885785960918904, -0.22458237161558436], [1.6597648347826446, -0.6103476212450154, -0.923164632855105, -0.12625258068252404], [1.71720882225766, -0.41330017069616776, -0.7697715185980444, -0.5341371329634479], [1.6325528089945012, -0.6392821079059917, -0.9609823327413034, -0.03228836834720613], [1.422297650592532, -0.788119616471549, -1.0764230140214708, 0.44224497990048783], [1.5714173990341151, -0.695037987464322, -1.0123600220670688, 0.1359806104972758]]
totts	27.469787886692007
withinss	[0.05638373705778661, 0.02737717902117967, 0.00408523700902605, 0.004472632248467672, 0.007905029733878554, 0.007679410231174388, 0.008718789386137864, 0.006835942766560002, 0.009158733396676815, 0.00819716021703813, 0.03138674683196071, 0.005052324015654767, 0.006240519135971994, 0.01335788711561398, 0.016824053134216928]
tot.withinss	0.21367538130134414
betweenss	27.256112505390664
size	[2, 8, 3, 3, 4, 2, 2, 4, 3, 4, 7, 2, 4, 8, 4]
=====クラスタ数16個のとき＝＝＝＝＝
cluster	[5, 6, 1, 5, 5, 15, 7, 16, 3, 15, 14, 10, 15, 12, 7, 13, 4, 15, 12, 7, 11, 8, 3, 10, 3, 14, 7, 4, 14, 8, 2, 9, 8, 14, 2, 2, 4, 6, 15, 6, 3, 8, 13, 16, 1, 9, 15, 13, 2, 4, 9, 6, 6, 6, 5, 6, 2, 2, 6, 6]
centers	[[0.3633306672787984, -0.8730546390289624, -0.9591531069609744, 1.4688770787111385], [1.0613615575414475, -0.9093154494124661, -1.0844260340857248, 0.932379925956743], [1.6831633429588508, -0.5700023752513762, -0.8885785960918904, -0.22458237161558436], [1.4810389179360266, -0.7729029712517304, -1.0452051679540943, 0.3370692212697982], [1.213441344302656, -0.8540745799892802, -1.110230397200776, 0.7508636328874004], [1.4042445852037446, -0.7905530472392064, -1.0847711615413198, 0.4710796235767815], [1.719784693765344, -0.4656237434001011, -0.7526408053018694, -0.5015201450633735], [1.5714173990341151, -0.695037987464322, -1.0123600220670688, 0.1359806104972758], [0.7227533586360245, -0.9405911974110882, -1.0238070423525087, 1.2416448811275724], [1.698569552877617, -0.5295247714872553, -0.8591142989928826, -0.30993048239747895], [1.6708175687258928, -0.703532913957735, -0.8340637089663522, -0.13322094580180552], [1.7010325905917039, -0.4716250543937366, -0.8674696617967432, -0.36193787440122405], [0.9309146940612539, -0.9335004487111321, -1.0618650732881687, 1.064450827938047], [1.6325528089945012, -0.6392821079059917, -0.9609823327413034, -0.03228836834720613], [1.6579227124587697, -0.5948167391262288, -0.9380147868365638, -0.1250911864959771], [1.1309088904550477, -0.8884670884449513, -1.0962383889717628, 0.8537965869616665]]
totts	27.469787886692007
withinss	[0.05638373705778661, 0.008069447418011908, 0.00819716021703813, 0.012300870175023038, 0.006835942766560002, 0.04030685789239413, 0.030177995850741633, 0.016824053134216928, 0.009158733396676815, 0.0006614155306738968, 0.0, 0.0011105894982987989, 0.00408523700902605, 0.006240519135971994, 0.011794686633480246, 0.001928193754174125]
tot.withinss	0.21407543947007432
betweenss	27.25571244722193
size	[2, 6, 4, 4, 4, 9, 4, 4, 3, 2, 1, 2, 3, 4, 6, 2]
=====クラスタ数17個のとき＝＝＝＝＝
cluster	[10, 11, 12, 10, 10, 4, 7, 16, 8, 4, 4, 13, 4, 5, 9, 1, 6, 17, 5, 15, 3, 2, 8, 13, 8, 2, 7, 11, 2, 2, 16, 1, 6, 4, 16, 16, 6, 11, 17, 11, 14, 6, 1, 16, 12, 12, 17, 1, 16, 6, 12, 11, 11, 11, 10, 11, 16, 16, 11, 11]
centers	[[0.8941764894689688, -0.9369890314540006, -1.0540341393281927, 1.0968466813132245], [1.607870752015396, -0.6642285852414781, -0.9845645027828209, 0.04092233600890279], [1.6708175687258928, -0.703532913957735, -0.8340637089663522, -0.13322094580180552], [1.6509933811895945, -0.6263025330926156, -0.9342517276112232, -0.0904391204857553], [1.7010325905917039, -0.4716250543937366, -0.8674696617967432, -0.36193787440122405], [1.5146370769430835, -0.7413802603987787, -1.0388806818787852, 0.2656238653344804], [1.717358885986093, -0.4646917151564902, -0.7829364002482455, -0.46973077058135726], [1.6862882916342186, -0.5865868607194704, -0.8717657333264502, -0.227935697588298], [1.7165064445517624, -0.3827157611660309, -0.7607981596060808, -0.5729925237796508], [1.213441344302656, -0.8540745799892802, -1.110230397200776, 0.7508636328874004], [1.4088011876976907, -0.7919677198866586, -1.0807445826467768, 0.4639111148357449], [0.5277398836933893, -0.9051070226521458, -0.9897965008828025, 1.3671636398415592], [1.698569552877617, -0.5295247714872553, -0.8591142989928826, -0.30993048239747895], [1.6737884969327477, -0.5202489188470935, -0.9390171843882107, -0.21452239369744347], [1.7279145585374274, -0.5503957821213931, -0.6838922611049058, -0.4936265153111285], [1.0787483907698474, -0.9041033591705873, -1.0873791228072343, 0.912734091207974], [1.659375623247671, -0.5659215397029788, -0.9512844602973444, -0.14216962324734772]]
totts	27.469787886692007
withinss	[0.03375740575474549, 0.010040534548558988, 0.0, 0.0048023362556590486, 0.0011105894982987989, 0.03200362812095735, 0.0022073258497759623, 0.0012524288740712096, 0.0, 0.006835942766560002, 0.048439688106036397, 0.21375344576158187, 0.0006614155306738968, 0.0, 0.0, 0.02737717902117967, 0.003153077082332937]
tot.withinss	0.38539499717043163
betweenss	27.084392889521574
size	[4, 4, 1, 5, 2, 5, 2, 3, 1, 4, 10, 4, 2, 1, 1, 8, 3]
=====クラスタ数18個のとき＝＝＝＝＝
cluster	[16, 5, 14, 16, 6, 13, 18, 15, 2, 13, 13, 12, 13, 12, 18, 1, 9, 2, 12, 18, 13, 8, 2, 12, 2, 8, 18, 7, 8, 8, 3, 4, 11, 13, 10, 10, 9, 17, 2, 7, 2, 11, 1, 15, 14, 4, 13, 1, 10, 9, 4, 7, 17, 17, 6, 17, 10, 10, 7, 7]
centers	[[0.9309146940612539, -0.9335004487111321, -1.0618650732881687, 1.064450827938047], [1.676993992637558, -0.5707022121380845, -0.9045702830338606, -0.201721497465613], [1.031362312205004, -0.9438139585809767, -1.0541391196519054, 0.9665907660278782], [0.7227533586360245, -0.9405911974110882, -1.0238070423525087, 1.2416448811275724], [1.329317852078503, -0.7788179018856879, -1.133979160074601, 0.5834792098817857], [1.1957006696596624, -0.87147774078475, -1.0997181815038233, 0.775495252628911], [1.433873113784356, -0.7863952113586566, -1.0704012936712826, 0.42292339124558315], [1.607870752015396, -0.6642285852414781, -0.9845645027828209, 0.04092233600890279], [1.4914483538669678, -0.7623040370977309, -1.045438433073496, 0.31629411630425913], [1.0673614066087365, -0.9024157475787637, -1.0904834169724886, 0.9255377579425161], [1.5494201615572574, -0.7099945953503505, -1.029044055086719, 0.1896184888798123], [1.6998010717346603, -0.5005749129404959, -0.863291980394813, -0.33593417839935147], [1.6535143943467048, -0.6269437752438212, -0.9265812020112714, -0.09998941709161206], [0.3633306672787984, -0.8730546390289624, -0.9591531069609744, 1.4688770787111385], [1.1309088904550477, -0.8884670884449513, -1.0962383889717628, 0.8537965869616665], [1.2311820189456495, -0.8366714191938104, -1.1207426128977291, 0.7262320131458899], [1.397332113994156, -0.802220810046904, -1.0803650495091888, 0.4852537455619368], [1.719784693765344, -0.4656237434001011, -0.7526408053018694, -0.5015201450633735]]
totts	27.469787886692007
withinss	[0.00408523700902605, 0.018307045383067662, 0.0, 0.009158733396676815, 0.0, 0.0001069806241788279, 0.004836703813548398, 0.010040534548558988, 0.004472632248467672, 0.0030561106741316224, 0.0006359977975859864, 0.007905029733878554, 0.029967300442117463, 0.05638373705778661, 0.001928193754174125, 0.0013896624927365057, 0.00497958938172575, 0.030177995850741633]
tot.withinss	0.18743148420840267
betweenss	27.282356402483604
size	[3, 6, 1, 3, 1, 2, 5, 4, 3, 5, 2, 4, 7, 2, 2, 2, 4, 4]
=====クラスタ数19個のとき＝＝＝＝＝
cluster	[1, 8, 15, 1, 1, 10, 9, 12, 5, 10, 10, 2, 10, 2, 9, 14, 11, 13, 2, 9, 6, 17, 5, 2, 5, 17, 9, 3, 17, 17, 7, 19, 4, 10, 7, 7, 11, 18, 13, 3, 16, 4, 14, 12, 15, 19, 13, 14, 7, 11, 19, 3, 18, 18, 1, 18, 7, 7, 3, 3]
centers	[[1.213441344302656, -0.8540745799892802, -1.110230397200776, 0.7508636328874004], [1.6998010717346603, -0.5005749129404959, -0.863291980394813, -0.33593417839935147], [1.433873113784356, -0.7863952113586566, -1.0704012936712826, 0.42292339124558315], [1.5494201615572574, -0.7099945953503505, -1.029044055086719, 0.1896184888798123], [1.6862882916342186, -0.5865868607194704, -0.8717657333264502, -0.227935697588298], [1.6708175687258928, -0.703532913957735, -0.8340637089663522, -0.13322094580180552], [1.0613615575414475, -0.9093154494124661, -1.0844260340857248, 0.932379925956743], [1.329317852078503, -0.7788179018856879, -1.133979160074601, 0.5834792098817857], [1.719784693765344, -0.4656237434001011, -0.7526408053018694, -0.5015201450633735], [1.6509933811895945, -0.6263025330926156, -0.9342517276112232, -0.0904391204857553], [1.4914483538669678, -0.7623040370977309, -1.045438433073496, 0.31629411630425913], [1.1309088904550477, -0.8884670884449513, -1.0962383889717628, 0.8537965869616665], [1.659375623247671, -0.5659215397029788, -0.9512844602973444, -0.14216962324734772], [0.9309146940612539, -0.9335004487111321, -1.0618650732881687, 1.064450827938047], [0.3633306672787984, -0.8730546390289624, -0.9591531069609744, 1.4688770787111385], [1.6737884969327477, -0.5202489188470935, -0.9390171843882107, -0.21452239369744347], [1.607870752015396, -0.6642285852414781, -0.9845645027828209, 0.04092233600890279], [1.397332113994156, -0.802220810046904, -1.0803650495091888, 0.4852537455619368], [0.7227533586360245, -0.9405911974110882, -1.0238070423525087, 1.2416448811275724]]
totts	27.469787886692007
withinss	[0.006835942766560002, 0.007905029733878554, 0.004836703813548398, 0.0006359977975859864, 0.0012524288740712096, 0.0, 0.008069447418011908, 0.0, 0.030177995850741633, 0.0048023362556590486, 0.004472632248467672, 0.001928193754174125, 0.003153077082332937, 0.00408523700902605, 0.05638373705778661, 0.0, 0.010040534548558988, 0.00497958938172575, 0.009158733396676815]
tot.withinss	0.15871761698880568
betweenss	27.3110702697032
size	[4, 4, 5, 2, 3, 1, 6, 1, 4, 5, 3, 2, 3, 3, 2, 1, 4, 4, 3]
=====クラスタ数20個のとき＝＝＝＝＝
cluster	[6, 8, 20, 6, 6, 9, 3, 7, 14, 9, 9, 12, 9, 12, 11, 5, 19, 2, 12, 3, 17, 18, 14, 12, 14, 18, 11, 10, 18, 18, 16, 1, 13, 9, 4, 4, 19, 15, 2, 10, 2, 13, 5, 7, 20, 1, 2, 5, 4, 19, 1, 10, 15, 15, 6, 15, 4, 4, 10, 10]
centers	[[0.7227533586360245, -0.9405911974110882, -1.0238070423525087, 1.2416448811275724], [1.6629788416689402, -0.5545033844890075, -0.9482176413200609, -0.16025781585987167], [1.722360565273028, -0.5179473161040344, -0.7355100920056945, -0.468903157163299], [1.0673614066087365, -0.9024157475787637, -1.0904834169724886, 0.9255377579425161], [0.9309146940612539, -0.9335004487111321, -1.0618650732881687, 1.064450827938047], [1.213441344302656, -0.8540745799892802, -1.110230397200776, 0.7508636328874004], [1.1309088904550477, -0.8884670884449513, -1.0962383889717628, 0.8537965869616665], [1.329317852078503, -0.7788179018856879, -1.133979160074601, 0.5834792098817857], [1.6509933811895945, -0.6263025330926156, -0.9342517276112232, -0.0904391204857553], [1.433873113784356, -0.7863952113586566, -1.0704012936712826, 0.42292339124558315], [1.71720882225766, -0.41330017069616776, -0.7697715185980444, -0.5341371329634479], [1.6998010717346603, -0.5005749129404959, -0.863291980394813, -0.33593417839935147], [1.5494201615572574, -0.7099945953503505, -1.029044055086719, 0.1896184888798123], [1.6862882916342186, -0.5865868607194704, -0.8717657333264502, -0.227935697588298], [1.397332113994156, -0.802220810046904, -1.0803650495091888, 0.4852537455619368], [1.031362312205004, -0.9438139585809767, -1.0541391196519054, 0.9665907660278782], [1.6708175687258928, -0.703532913957735, -0.8340637089663522, -0.13322094580180552], [1.607870752015396, -0.6642285852414781, -0.9845645027828209, 0.04092233600890279], [1.4914483538669678, -0.7623040370977309, -1.045438433073496, 0.31629411630425913], [0.3633306672787984, -0.8730546390289624, -0.9591531069609744, 1.4688770787111385]]
totts	27.469787886692007
withinss	[0.009158733396676815, 0.008912423587639808, 0.008718789386137864, 0.0030561106741316224, 0.00408523700902605, 0.006835942766560002, 0.001928193754174125, 0.0, 0.0048023362556590486, 0.004836703813548398, 0.005052324015654767, 0.007905029733878554, 0.0006359977975859864, 0.0012524288740712096, 0.00497958938172575, 0.0, 0.0, 0.010040534548558988, 0.004472632248467672, 0.05638373705778661]
tot.withinss	0.14305674430128326
betweenss	27.326731142390724
size	[3, 4, 2, 5, 3, 4, 2, 1, 5, 5, 2, 4, 2, 3, 4, 1, 1, 4, 3, 2]
=====クラスタ数21個のとき＝＝＝＝＝
cluster	[8, 11, 13, 8, 8, 7, 5, 6, 4, 7, 7, 9, 7, 9, 1, 10, 2, 14, 9, 5, 21, 17, 4, 9, 4, 17, 1, 12, 17, 17, 19, 18, 16, 7, 20, 20, 2, 15, 14, 12, 3, 16, 10, 6, 13, 18, 14, 10, 20, 2, 18, 12, 15, 15, 8, 15, 20, 20, 12, 12]
centers	[[1.71720882225766, -0.41330017069616776, -0.7697715185980444, -0.5341371329634479], [1.4914483538669678, -0.7623040370977309, -1.045438433073496, 0.31629411630425913], [1.6737884969327477, -0.5202489188470935, -0.9390171843882107, -0.21452239369744347], [1.6862882916342186, -0.5865868607194704, -0.8717657333264502, -0.227935697588298], [1.722360565273028, -0.5179473161040344, -0.7355100920056945, -0.468903157163299], [1.1309088904550477, -0.8884670884449513, -1.0962383889717628, 0.8537965869616665], [1.6509933811895945, -0.6263025330926156, -0.9342517276112232, -0.0904391204857553], [1.213441344302656, -0.8540745799892802, -1.110230397200776, 0.7508636328874004], [1.6998010717346603, -0.5005749129404959, -0.863291980394813, -0.33593417839935147], [0.9309146940612539, -0.9335004487111321, -1.0618650732881687, 1.064450827938047], [1.329317852078503, -0.7788179018856879, -1.133979160074601, 0.5834792098817857], [1.433873113784356, -0.7863952113586566, -1.0704012936712826, 0.42292339124558315], [0.3633306672787984, -0.8730546390289624, -0.9591531069609744, 1.4688770787111385], [1.659375623247671, -0.5659215397029788, -0.9512844602973444, -0.14216962324734772], [1.397332113994156, -0.802220810046904, -1.0803650495091888, 0.4852537455619368], [1.5494201615572574, -0.7099945953503505, -1.029044055086719, 0.1896184888798123], [1.607870752015396, -0.6642285852414781, -0.9845645027828209, 0.04092233600890279], [0.7227533586360245, -0.9405911974110882, -1.0238070423525087, 1.2416448811275724], [1.031362312205004, -0.9438139585809767, -1.0541391196519054, 0.9665907660278782], [1.0673614066087365, -0.9024157475787637, -1.0904834169724886, 0.9255377579425161], [1.6708175687258928, -0.703532913957735, -0.8340637089663522, -0.13322094580180552]]
totts	27.469787886692007
withinss	[0.005052324015654767, 0.004472632248467672, 0.0, 0.0012524288740712096, 0.008718789386137864, 0.001928193754174125, 0.0048023362556590486, 0.006835942766560002, 0.007905029733878554, 0.00408523700902605, 0.0, 0.004836703813548398, 0.05638373705778661, 0.003153077082332937, 0.00497958938172575, 0.0006359977975859864, 0.010040534548558988, 0.009158733396676815, 0.0, 0.0030561106741316224, 0.0]
tot.withinss	0.1372973977959764
betweenss	27.33249048889603
size	[2, 3, 1, 3, 2, 2, 5, 4, 4, 3, 1, 5, 2, 3, 4, 2, 4, 3, 1, 5, 1]
=====クラスタ数22個のとき＝＝＝＝＝
cluster	[20, 12, 22, 20, 20, 16, 8, 1, 4, 16, 16, 5, 16, 18, 7, 13, 21, 17, 18, 8, 9, 3, 4, 5, 11, 3, 7, 6, 3, 3, 10, 14, 15, 16, 10, 10, 21, 12, 17, 6, 19, 15, 2, 1, 22, 14, 17, 13, 10, 21, 14, 6, 6, 6, 20, 6, 10, 10, 6, 6]
centers	[[1.1309088904550477, -0.8884670884449513, -1.0962383889717628, 0.8537965869616665], [0.9591529627671813, -0.9500958054228263, -1.047913104741859, 1.038855947397504], [1.607870752015396, -0.6642285852414781, -0.9845645027828209, 0.04092233600890279], [1.6884666335496399, -0.5929625462186298, -0.8618494264334865, -0.2336546608975238], [1.698569552877617, -0.5295247714872553, -0.8591142989928826, -0.30993048239747895], [1.422297650592532, -0.788119616471549, -1.0764230140214708, 0.44224497990048783], [1.71720882225766, -0.41330017069616776, -0.7697715185980444, -0.5341371329634479], [1.722360565273028, -0.5179473161040344, -0.7355100920056945, -0.468903157163299], [1.6708175687258928, -0.703532913957735, -0.8340637089663522, -0.13322094580180552], [1.0613615575414475, -0.9093154494124661, -1.0844260340857248, 0.932379925956743], [1.6819316078033761, -0.5738354897211518, -0.8915983471123778, -0.21649777096984632], [1.354815336118325, -0.8073601335470972, -1.0980308571480009, 0.5505756545767728], [0.9167955597082903, -0.925202770355285, -1.0688410575613236, 1.0772482682083182], [0.7227533586360245, -0.9405911974110882, -1.0238070423525087, 1.2416448811275724], [1.5494201615572574, -0.7099945953503505, -1.029044055086719, 0.1896184888798123], [1.6509933811895945, -0.6263025330926156, -0.9342517276112232, -0.0904391204857553], [1.659375623247671, -0.5659215397029788, -0.9512844602973444, -0.14216962324734772], [1.7010325905917039, -0.4716250543937366, -0.8674696617967432, -0.36193787440122405], [1.6737884969327477, -0.5202489188470935, -0.9390171843882107, -0.21452239369744347], [1.213441344302656, -0.8540745799892802, -1.110230397200776, 0.7508636328874004], [1.4914483538669678, -0.7623040370977309, -1.045438433073496, 0.31629411630425913], [0.3633306672787984, -0.8730546390289624, -0.9591531069609744, 1.4688770787111385]]
totts	27.469787886692007
withinss	[0.001928193754174125, 0.0, 0.010040534548558988, 0.00019382353719690754, 0.0006614155306738968, 0.01335788711561398, 0.005052324015654767, 0.008718789386137864, 0.0, 0.008069447418011908, 0.0, 0.007679410231174388, 0.0012013954788784552, 0.009158733396676815, 0.0006359977975859864, 0.0048023362556590486, 0.003153077082332937, 0.0011105894982987989, 0.0, 0.006835942766560002, 0.004472632248467672, 0.05638373705778661]
tot.withinss	0.14345626711944315
betweenss	27.326331619572564
size	[2, 1, 4, 2, 2, 8, 2, 2, 1, 6, 1, 2, 2, 3, 2, 5, 3, 2, 1, 4, 3, 2]
=====クラスタ数23個のとき＝＝＝＝＝
cluster	[21, 3, 4, 21, 5, 12, 22, 8, 10, 12, 12, 2, 12, 2, 13, 11, 20, 14, 2, 22, 7, 23, 10, 2, 10, 17, 13, 9, 17, 23, 16, 6, 19, 12, 15, 15, 20, 1, 14, 18, 14, 19, 11, 8, 4, 6, 14, 11, 15, 20, 6, 18, 1, 1, 5, 1, 15, 15, 9, 18]
centers	[[1.397332113994156, -0.802220810046904, -1.0803650495091888, 0.4852537455619368], [1.6998010717346603, -0.5005749129404959, -0.863291980394813, -0.33593417839935147], [1.329317852078503, -0.7788179018856879, -1.133979160074601, 0.5834792098817857], [0.3633306672787984, -0.8730546390289624, -0.9591531069609744, 1.4688770787111385], [1.1957006696596624, -0.87147774078475, -1.0997181815038233, 0.775495252628911], [0.7227533586360245, -0.9405911974110882, -1.0238070423525087, 1.2416448811275724], [1.6708175687258928, -0.703532913957735, -0.8340637089663522, -0.13322094580180552], [1.1309088904550477, -0.8884670884449513, -1.0962383889717628, 0.8537965869616665], [1.4442187171043266, -0.8048470206456251, -1.0483549887414934, 0.40898329228279195], [1.6862882916342186, -0.5865868607194704, -0.8717657333264502, -0.227935697588298], [0.9309146940612539, -0.9335004487111321, -1.0618650732881687, 1.064450827938047], [1.6509933811895945, -0.6263025330926156, -0.9342517276112232, -0.0904391204857553], [1.71720882225766, -0.41330017069616776, -0.7697715185980444, -0.5341371329634479], [1.6629788416689402, -0.5545033844890075, -0.9482176413200609, -0.16025781585987167], [1.0673614066087365, -0.9024157475787637, -1.0904834169724886, 0.9255377579425161], [1.031362312205004, -0.9438139585809767, -1.0541391196519054, 0.9665907660278782], [1.6223268675198197, -0.6483757909046626, -0.9734530165182234, -0.0004980600969337399], [1.4269760449043754, -0.7740940051673443, -1.0850988302911417, 0.43221679055411055], [1.5494201615572574, -0.7099945953503505, -1.029044055086719, 0.1896184888798123], [1.4914483538669678, -0.7623040370977309, -1.045438433073496, 0.31629411630425913], [1.2311820189456495, -0.8366714191938104, -1.1207426128977291, 0.7262320131458899], [1.722360565273028, -0.5179473161040344, -0.7355100920056945, -0.468903157163299], [1.593414636510973, -0.6800813795782936, -0.9956759890474184, 0.08234273211473933]]
totts	27.469787886692007
withinss	[0.00497958938172575, 0.007905029733878554, 0.0, 0.05638373705778661, 0.0001069806241788279, 0.009158733396676815, 0.0, 0.001928193754174125, 0.0002761094754900717, 0.0012524288740712096, 0.00408523700902605, 0.0048023362556590486, 0.005052324015654767, 0.008912423587639808, 0.0030561106741316224, 0.0, 0.00010669051958764304, 0.0008010386908366687, 0.0006359977975859864, 0.004472632248467672, 0.0013896624927365057, 0.008718789386137864, 0.0007362252116299821]
tot.withinss	0.12476027018707558
betweenss	27.345027616504932
size	[4, 4, 1, 2, 2, 3, 1, 2, 2, 3, 3, 5, 2, 4, 5, 1, 2, 3, 2, 3, 2, 2, 2]
=====クラスタ数24個のとき＝＝＝＝＝
cluster	[4, 17, 6, 4, 1, 3, 18, 24, 15, 3, 3, 21, 3, 10, 23, 9, 14, 11, 10, 18, 3, 2, 15, 21, 15, 2, 23, 8, 2, 2, 7, 12, 16, 3, 19, 19, 14, 20, 11, 22, 5, 16, 9, 24, 6, 12, 11, 9, 19, 8, 12, 13, 22, 13, 1, 20, 19, 19, 22, 13]
centers	[[1.1957006696596624, -0.87147774078475, -1.0997181815038233, 0.775495252628911], [1.607870752015396, -0.6642285852414781, -0.9845645027828209, 0.04092233600890279], [1.6542974124456442, -0.6391742632368022, -0.9175537245037447, -0.097569424705097], [1.2311820189456495, -0.8366714191938104, -1.1207426128977291, 0.7262320131458899], [1.6737884969327477, -0.5202489188470935, -0.9390171843882107, -0.21452239369744347], [0.3633306672787984, -0.8730546390289624, -0.9591531069609744, 1.4688770787111385], [1.031362312205004, -0.9438139585809767, -1.0541391196519054, 0.9665907660278782], [1.4622131816642105, -0.7895350926397212, -1.0474366925125733, 0.3747586034880838], [0.9309146940612539, -0.9335004487111321, -1.0618650732881687, 1.064450827938047], [1.7010325905917039, -0.4716250543937366, -0.8674696617967432, -0.36193787440122405], [1.659375623247671, -0.5659215397029788, -0.9512844602973444, -0.14216962324734772], [0.7227533586360245, -0.9405911974110882, -1.0238070423525087, 1.2416448811275724], [1.4192286460943102, -0.7683256623129678, -1.0945082962301962, 0.44360531244885365], [1.4998646542078427, -0.7562708498637395, -1.0429736433956156, 0.29937983905151255], [1.6862882916342186, -0.5865868607194704, -0.8717657333264502, -0.227935697588298], [1.5494201615572574, -0.7099945953503505, -1.029044055086719, 0.1896184888798123], [1.329317852078503, -0.7788179018856879, -1.133979160074601, 0.5834792098817857], [1.722360565273028, -0.5179473161040344, -0.7355100920056945, -0.468903157163299], [1.0673614066087365, -0.9024157475787637, -1.0904834169724886, 0.9255377579425161], [1.388608381557093, -0.8183385927953103, -1.0721408504166603, 0.5018710616548774], [1.698569552877617, -0.5295247714872553, -0.8591142989928826, -0.30993048239747895], [1.4246602377860276, -0.798168450245882, -1.0670515680911228, 0.4405597805509773], [1.71720882225766, -0.41330017069616776, -0.7697715185980444, -0.5341371329634479], [1.1309088904550477, -0.8884670884449513, -1.0962383889717628, 0.8537965869616665]]
totts	27.469787886692007
withinss	[0.0001069806241788279, 0.010040534548558988, 0.0199902144201622, 0.0013896624927365057, 0.0, 0.05638373705778661, 0.0, 0.0019986262955906035, 0.00408523700902605, 0.0011105894982987989, 0.003153077082332937, 0.009158733396676815, 0.002194928961234435, 0.0020762237118646396, 0.0012524288740712096, 0.0006359977975859864, 0.0, 0.008718789386137864, 0.0030561106741316224, 0.001456289104855891, 0.0006614155306738968, 0.0017350880960930904, 0.005052324015654767, 0.001928193754174125]
tot.withinss	0.13618518233182586
betweenss	27.33360270436018
size	[2, 4, 6, 2, 1, 2, 1, 2, 3, 2, 3, 3, 3, 2, 3, 2, 1, 2, 5, 2, 2, 3, 2, 2]
=====クラスタ数25個のとき＝＝＝＝＝
cluster	[17, 15, 3, 17, 17, 14, 13, 23, 25, 14, 19, 24, 14, 8, 2, 20, 4, 1, 8, 13, 9, 6, 25, 24, 25, 12, 2, 7, 12, 6, 16, 5, 10, 19, 21, 21, 4, 18, 1, 22, 1, 10, 20, 23, 3, 5, 1, 20, 21, 4, 5, 22, 11, 11, 17, 11, 21, 21, 7, 22]
centers	[[1.6629788416689402, -0.5545033844890075, -0.9482176413200609, -0.16025781585987167], [1.71720882225766, -0.41330017069616776, -0.7697715185980444, -0.5341371329634479], [0.3633306672787984, -0.8730546390289624, -0.9591531069609744, 1.4688770787111385], [1.4914483538669678, -0.7623040370977309, -1.045438433073496, 0.31629411630425913], [0.7227533586360245, -0.9405911974110882, -1.0238070423525087, 1.2416448811275724], [1.593414636510973, -0.6800813795782936, -0.9956759890474184, 0.08234273211473933], [1.4442187171043266, -0.8048470206456251, -1.0483549887414934, 0.40898329228279195], [1.7010325905917039, -0.4716250543937366, -0.8674696617967432, -0.36193787440122405], [1.6708175687258928, -0.703532913957735, -0.8340637089663522, -0.13322094580180552], [1.5494201615572574, -0.7099945953503505, -1.029044055086719, 0.1896184888798123], [1.403005211939492, -0.7909936249930366, -1.0864592146051182, 0.4744476276586624], [1.6223268675198197, -0.6483757909046626, -0.9734530165182234, -0.0004980600969337399], [1.722360565273028, -0.5179473161040344, -0.7355100920056945, -0.468903157163299], [1.6564698016698685, -0.6237119385494788, -0.9247451133757831, -0.1080127497446065], [1.329317852078503, -0.7788179018856879, -1.133979160074601, 0.5834792098817857], [1.031362312205004, -0.9438139585809767, -1.0541391196519054, 0.9665907660278782], [1.213441344302656, -0.8540745799892802, -1.110230397200776, 0.7508636328874004], [1.3803128201581474, -0.8359023652085066, -1.0620825542214007, 0.51767209927176], [1.6427787504691829, -0.630188424907321, -0.9485116489643834, -0.06407867659747851], [0.9309146940612539, -0.9335004487111321, -1.0618650732881687, 1.064450827938047], [1.0673614066087365, -0.9024157475787637, -1.0904834169724886, 0.9255377579425161], [1.4269760449043754, -0.7740940051673443, -1.0850988302911417, 0.43221679055411055], [1.1309088904550477, -0.8884670884449513, -1.0962383889717628, 0.8537965869616665], [1.698569552877617, -0.5295247714872553, -0.8591142989928826, -0.30993048239747895], [1.6862882916342186, -0.5865868607194704, -0.8717657333264502, -0.227935697588298]]
totts	27.469787886692007
withinss	[0.008912423587639808, 0.005052324015654767, 0.05638373705778661, 0.004472632248467672, 0.009158733396676815, 0.0007362252116299821, 0.0002761094754900717, 0.0011105894982987989, 0.0, 0.0006359977975859864, 0.0012338522990808566, 0.00010669051958764304, 0.008718789386137864, 0.0008128051405700904, 0.0, 0.0, 0.006835942766560002, 0.0, 0.0007202022082435524, 0.00408523700902605, 0.0030561106741316224, 0.0008010386908366687, 0.001928193754174125, 0.0006614155306738968, 0.0012524288740712096]
tot.withinss	0.1169514791423241
betweenss	27.352836407549685
size	[4, 2, 2, 3, 3, 2, 2, 2, 1, 2, 3, 2, 2, 3, 1, 1, 4, 1, 2, 3, 5, 3, 2, 2, 3]
=====クラスタ数26個のとき＝＝＝＝＝
cluster	[17, 16, 26, 17, 18, 25, 19, 13, 22, 25, 8, 20, 25, 20, 19, 5, 14, 4, 20, 19, 10, 11, 22, 20, 22, 21, 19, 7, 21, 11, 24, 3, 12, 8, 9, 1, 14, 23, 4, 7, 4, 12, 5, 13, 15, 3, 6, 5, 9, 14, 3, 7, 23, 23, 18, 23, 2, 9, 7, 7]
centers	[[1.06855542566234, -0.8866858579120249, -1.104699850798838, 0.9228302830485229], [1.0552914457802294, -0.8845949011639851, -1.1074253658108064, 0.9367288211945621], [0.7227533586360245, -0.9405911974110882, -1.0238070423525087, 1.2416448811275724], [1.6676996936408972, -0.5548175635566984, -0.9373748327412708, -0.17550729734292805], [0.9309146940612539, -0.9335004487111321, -1.0618650732881687, 1.064450827938047], [1.6488162857530688, -0.5535608472859349, -0.9807460670564314, -0.11450937141070251], [1.433873113784356, -0.7863952113586566, -1.0704012936712826, 0.42292339124558315], [1.6427787504691829, -0.630188424907321, -0.9485116489643834, -0.06407867659747851], [1.070986720533704, -0.9135993262726029, -1.0800972894175997, 0.9227098951564985], [1.6708175687258928, -0.703532913957735, -0.8340637089663522, -0.13322094580180552], [1.593414636510973, -0.6800813795782936, -0.9956759890474184, 0.08234273211473933], [1.5494201615572574, -0.7099945953503505, -1.029044055086719, 0.1896184888798123], [1.1309088904550477, -0.8884670884449513, -1.0962383889717628, 0.8537965869616665], [1.4914483538669678, -0.7623040370977309, -1.045438433073496, 0.31629411630425913], [0.4982619913144023, -0.943094392537734, -0.9530347813918867, 1.3978671826152185], [1.329317852078503, -0.7788179018856879, -1.133979160074601, 0.5834792098817857], [1.2311820189456495, -0.8366714191938104, -1.1207426128977291, 0.7262320131458899], [1.1957006696596624, -0.87147774078475, -1.0997181815038233, 0.775495252628911], [1.719784693765344, -0.4656237434001011, -0.7526408053018694, -0.5015201450633735], [1.6998010717346603, -0.5005749129404959, -0.863291980394813, -0.33593417839935147], [1.6223268675198197, -0.6483757909046626, -0.9734530165182234, -0.0004980600969337399], [1.6862882916342186, -0.5865868607194704, -0.8717657333264502, -0.227935697588298], [1.397332113994156, -0.802220810046904, -1.0803650495091888, 0.4852537455619368], [1.031362312205004, -0.9438139585809767, -1.0541391196519054, 0.9665907660278782], [1.6564698016698685, -0.6237119385494788, -0.9247451133757831, -0.1080127497446065], [0.22839934324319455, -0.8030148855201908, -0.9652714325300621, 1.5398869748070583]]
totts	27.469787886692007
withinss	[0.0, 0.0, 0.009158733396676815, 0.0044424435651669505, 0.00408523700902605, 0.0, 0.004836703813548398, 0.0007202022082435524, 0.0009600307432341377, 0.0, 0.0007362252116299821, 0.0006359977975859864, 0.001928193754174125, 0.004472632248467672, 0.0, 0.0, 0.0013896624927365057, 0.0001069806241788279, 0.030177995850741633, 0.007905029733878554, 0.00010669051958764304, 0.0012524288740712096, 0.00497958938172575, 0.0, 0.0008128051405700904, 0.0]
tot.withinss	0.07870758236524389
betweenss	27.391080304326763
size	[1, 1, 3, 3, 3, 1, 5, 2, 3, 1, 2, 2, 2, 3, 1, 1, 2, 2, 4, 4, 2, 3, 4, 1, 3, 1]
=====クラスタ数27個のとき＝＝＝＝＝
cluster	[21, 10, 4, 21, 21, 3, 14, 9, 12, 3, 17, 27, 3, 26, 1, 7, 15, 23, 26, 20, 24, 22, 12, 27, 12, 13, 14, 11, 13, 16, 6, 25, 2, 17, 6, 6, 5, 18, 23, 8, 19, 2, 7, 9, 4, 25, 23, 7, 6, 15, 25, 8, 18, 18, 21, 18, 6, 6, 11, 8]
centers	[[1.7165064445517624, -0.3827157611660309, -0.7607981596060808, -0.5729925237796508], [1.5494201615572574, -0.7099945953503505, -1.029044055086719, 0.1896184888798123], [1.6564698016698685, -0.6237119385494788, -0.9247451133757831, -0.1080127497446065], [0.3633306672787984, -0.8730546390289624, -0.9591531069609744, 1.4688770787111385], [1.5073113946500285, -0.7338138025717006, -1.0539745450319475, 0.28047695295361974], [1.0613615575414475, -0.9093154494124661, -1.0844260340857248, 0.932379925956743], [0.9309146940612539, -0.9335004487111321, -1.0618650732881687, 1.064450827938047], [1.4269760449043754, -0.7740940051673443, -1.0850988302911417, 0.43221679055411055], [1.1309088904550477, -0.8884670884449513, -1.0962383889717628, 0.8537965869616665], [1.329317852078503, -0.7788179018856879, -1.133979160074601, 0.5834792098817857], [1.4442187171043266, -0.8048470206456251, -1.0483549887414934, 0.40898329228279195], [1.6862882916342186, -0.5865868607194704, -0.8717657333264502, -0.227935697588298], [1.6223268675198197, -0.6483757909046626, -0.9734530165182234, -0.0004980600969337399], [1.717358885986093, -0.4646917151564902, -0.7829364002482455, -0.46973077058135726], [1.4835168334754372, -0.7765491543607459, -1.0411703770942702, 0.3342026979795788], [1.5952199082557492, -0.6651150581451916, -1.0037303843377459, 0.07362553422718843], [1.6427787504691829, -0.630188424907321, -0.9485116489643834, -0.06407867659747851], [1.397332113994156, -0.802220810046904, -1.0803650495091888, 0.4852537455619368], [1.6737884969327477, -0.5202489188470935, -0.9390171843882107, -0.21452239369744347], [1.7279145585374274, -0.5503957821213931, -0.6838922611049058, -0.4936265153111285], [1.213441344302656, -0.8540745799892802, -1.110230397200776, 0.7508636328874004], [1.5916093647661964, -0.6950477010113958, -0.9876215937570909, 0.09105993000229022], [1.659375623247671, -0.5659215397029788, -0.9512844602973444, -0.14216962324734772], [1.6708175687258928, -0.703532913957735, -0.8340637089663522, -0.13322094580180552], [0.7227533586360245, -0.9405911974110882, -1.0238070423525087, 1.2416448811275724], [1.7010325905917039, -0.4716250543937366, -0.8674696617967432, -0.36193787440122405], [1.698569552877617, -0.5295247714872553, -0.8591142989928826, -0.30993048239747895]]
totts	27.469787886692007
withinss	[0.0, 0.0006359977975859864, 0.0008128051405700904, 0.05638373705778661, 0.0, 0.008069447418011908, 0.00408523700902605, 0.0008010386908366687, 0.001928193754174125, 0.0, 0.0002761094754900717, 0.0012524288740712096, 0.00010669051958764304, 0.0022073258497759623, 0.0008440363623373833, 0.0, 0.0007202022082435524, 0.00497958938172575, 0.0, 0.0, 0.006835942766560002, 0.0, 0.003153077082332937, 0.0, 0.009158733396676815, 0.0011105894982987989, 0.0006614155306738968]
tot.withinss	0.10402259781376547
betweenss	27.36576528887824
size	[1, 2, 3, 2, 1, 6, 3, 3, 2, 1, 2, 3, 2, 2, 2, 1, 2, 4, 1, 1, 4, 1, 3, 1, 3, 2, 2]
=====クラスタ数28個のとき＝＝＝＝＝
cluster	[11, 13, 5, 4, 14, 28, 12, 7, 23, 28, 2, 26, 9, 26, 12, 8, 27, 25, 26, 12, 24, 6, 23, 26, 23, 18, 12, 16, 18, 3, 15, 19, 20, 2, 22, 22, 27, 1, 25, 16, 21, 20, 8, 7, 5, 19, 10, 8, 22, 27, 19, 16, 17, 17, 14, 17, 22, 22, 16, 16]
centers	[[1.3803128201581474, -0.8359023652085066, -1.0620825542214007, 0.51767209927176], [1.6427787504691829, -0.630188424907321, -0.9485116489643834, -0.06407867659747851], [1.5952199082557492, -0.6651150581451916, -1.0037303843377459, 0.07362553422718843], [1.22011888116084, -0.8224141351888963, -1.1358316613355104, 0.7381269153635666], [0.3633306672787984, -0.8730546390289624, -0.9591531069609744, 1.4688770787111385], [1.5916093647661964, -0.6950477010113958, -0.9876215937570909, 0.09105993000229022], [1.1309088904550477, -0.8884670884449513, -1.0962383889717628, 0.8537965869616665], [0.9309146940612539, -0.9335004487111321, -1.0618650732881687, 1.064450827938047], [1.6612943749106264, -0.6184763503911255, -0.9175486894986049, -0.12526933502089602], [1.6488162857530688, -0.5535608472859349, -0.9807460670564314, -0.11450937141070251], [1.2422451567304589, -0.8509287031987245, -1.105653564459948, 0.7143371109282134], [1.719784693765344, -0.4656237434001011, -0.7526408053018694, -0.5015201450633735], [1.329317852078503, -0.7788179018856879, -1.133979160074601, 0.5834792098817857], [1.1957006696596624, -0.87147774078475, -1.0997181815038233, 0.775495252628911], [1.031362312205004, -0.9438139585809767, -1.0541391196519054, 0.9665907660278782], [1.433873113784356, -0.7863952113586566, -1.0704012936712826, 0.42292339124558315], [1.403005211939492, -0.7909936249930366, -1.0864592146051182, 0.4744476276586624], [1.6223268675198197, -0.6483757909046626, -0.9734530165182234, -0.0004980600969337399], [0.7227533586360245, -0.9405911974110882, -1.0238070423525087, 1.2416448811275724], [1.5494201615572574, -0.7099945953503505, -1.029044055086719, 0.1896184888798123], [1.6737884969327477, -0.5202489188470935, -0.9390171843882107, -0.21452239369744347], [1.0673614066087365, -0.9024157475787637, -1.0904834169724886, 0.9255377579425161], [1.6862882916342186, -0.5865868607194704, -0.8717657333264502, -0.227935697588298], [1.6708175687258928, -0.703532913957735, -0.8340637089663522, -0.13322094580180552], [1.664655291994972, -0.5721018859115008, -0.9365536569178008, -0.15599974916567033], [1.6998010717346603, -0.5005749129404959, -0.863291980394813, -0.33593417839935147], [1.4914483538669678, -0.7623040370977309, -1.045438433073496, 0.31629411630425913], [1.6540575150494896, -0.6263297326286554, -0.9283433253143722, -0.09938445710646174]]
totts	27.469787886692007
withinss	[0.0, 0.0007202022082435524, 0.0, 0.0, 0.05638373705778661, 0.0, 0.001928193754174125, 0.00408523700902605, 0.0, 0.0, 0.0, 0.030177995850741633, 0.0, 0.0001069806241788279, 0.0, 0.004836703813548398, 0.0012338522990808566, 0.00010669051958764304, 0.009158733396676815, 0.0006359977975859864, 0.0, 0.0030561106741316224, 0.0012524288740712096, 0.0, 0.0003070338875618401, 0.007905029733878554, 0.004472632248467672, 0.00021240592706429036]
tot.withinss	0.12657996567580568
betweenss	27.3432079210162
size	[1, 2, 1, 1, 2, 1, 2, 3, 1, 1, 1, 4, 1, 2, 1, 5, 3, 2, 3, 2, 1, 5, 3, 1, 2, 4, 3, 2]
=====クラスタ数29個のとき＝＝＝＝＝
cluster	[9, 12, 26, 9, 11, 25, 18, 16, 27, 25, 1, 21, 25, 20, 3, 17, 2, 19, 20, 18, 10, 4, 27, 21, 27, 28, 3, 14, 28, 4, 24, 8, 15, 1, 24, 24, 13, 22, 19, 5, 19, 29, 23, 16, 7, 8, 19, 17, 24, 2, 8, 5, 6, 6, 11, 6, 24, 24, 14, 5]
centers	[[1.6427787504691829, -0.630188424907321, -0.9485116489643834, -0.06407867659747851], [1.4835168334754372, -0.7765491543607459, -1.0411703770942702, 0.3342026979795788], [1.71720882225766, -0.41330017069616776, -0.7697715185980444, -0.5341371329634479], [1.593414636510973, -0.6800813795782936, -0.9956759890474184, 0.08234273211473933], [1.4269760449043754, -0.7740940051673443, -1.0850988302911417, 0.43221679055411055], [1.403005211939492, -0.7909936249930366, -1.0864592146051182, 0.4744476276586624], [0.4982619913144023, -0.943094392537734, -0.9530347813918867, 1.3978671826152185], [0.7227533586360245, -0.9405911974110882, -1.0238070423525087, 1.2416448811275724], [1.2311820189456495, -0.8366714191938104, -1.1207426128977291, 0.7262320131458899], [1.6708175687258928, -0.703532913957735, -0.8340637089663522, -0.13322094580180552], [1.1957006696596624, -0.87147774078475, -1.0997181815038233, 0.775495252628911], [1.329317852078503, -0.7788179018856879, -1.133979160074601, 0.5834792098817857], [1.5073113946500285, -0.7338138025717006, -1.0539745450319475, 0.28047695295361974], [1.4442187171043266, -0.8048470206456251, -1.0483549887414934, 0.40898329228279195], [1.54300922238159, -0.7162641362141412, -1.031569319226952, 0.20482423305950312], [1.1309088904550477, -0.8884670884449513, -1.0962383889717628, 0.8537965869616665], [0.9167955597082903, -0.925202770355285, -1.0688410575613236, 1.0772482682083182], [1.722360565273028, -0.5179473161040344, -0.7355100920056945, -0.468903157163299], [1.6629788416689402, -0.5545033844890075, -0.9482176413200609, -0.16025781585987167], [1.7010325905917039, -0.4716250543937366, -0.8674696617967432, -0.36193787440122405], [1.698569552877617, -0.5295247714872553, -0.8591142989928826, -0.30993048239747895], [1.3803128201581474, -0.8359023652085066, -1.0620825542214007, 0.51767209927176], [0.9591529627671813, -0.9500958054228263, -1.047913104741859, 1.038855947397504], [1.0613615575414475, -0.9093154494124661, -1.0844260340857248, 0.932379925956743], [1.6564698016698685, -0.6237119385494788, -0.9247451133757831, -0.1080127497446065], [0.22839934324319455, -0.8030148855201908, -0.9652714325300621, 1.5398869748070583], [1.6862882916342186, -0.5865868607194704, -0.8717657333264502, -0.227935697588298], [1.6223268675198197, -0.6483757909046626, -0.9734530165182234, -0.0004980600969337399], [1.5558311007329244, -0.7037250544865598, -1.0265187909464861, 0.17441274470012147]]
totts	27.469787886692007
withinss	[0.0007202022082435524, 0.0008440363623373833, 0.005052324015654767, 0.0007362252116299821, 0.0008010386908366687, 0.0012338522990808566, 0.0, 0.009158733396676815, 0.0013896624927365057, 0.0, 0.0001069806241788279, 0.0, 0.0, 0.0002761094754900717, 0.0, 0.001928193754174125, 0.0012013954788784552, 0.008718789386137864, 0.008912423587639808, 0.0011105894982987989, 0.0006614155306738968, 0.0, 0.0, 0.008069447418011908, 0.0008128051405700904, 0.0, 0.0012524288740712096, 0.00010669051958764304, 0.0]
tot.withinss	0.05309334396490923
betweenss	27.416694542727097
size	[2, 2, 2, 2, 3, 3, 1, 3, 2, 1, 2, 1, 1, 2, 1, 2, 2, 2, 4, 2, 2, 1, 1, 6, 3, 1, 3, 2, 1]
##########################クラスタ数3個の時の平均##########################
cl[1] = [1.6698556314525554, 0.338343420983475, -0.5481566396133059, 1.7320282316563915]
cl[2] = [1.3955243494159448, -0.2560892065761797, -0.559360725606329, 1.7320459890835884]
cl[3] = [0.8948532886755132, -0.46059872240857946, -0.5615685497479965, 1.7320491587550821]
##########################クラスタ数3個の時の標準偏差##########################
cl[1] = [0.03649614416093055, 0.4082212126125032, 0.019510400437890305, 3.566840944946268e-05]
cl[2] = [0.10819498488322399, 0.07085779940766267, 0.012106307751596124, 6.0428413684505784e-06]
cl[3] = [0.24755785845214537, 0.05131500736884926, 0.013555886207372874, 2.1789107988660374e-06]
##########################異常データ(標準化)##########################
[1.2422451567304589, -0.3229443005122076, -0.5235596203610945, 1.7320425368052303]
[1.329317852078503, -0.22343170712718313, -0.5605071502892086, 1.7320458043791052]
[0.22839934324319455, -0.4729682216645209, -0.574139045733151, 1.73205078887703]
[1.22011888116084, -0.29896545450236695, -0.5736304586811037, 1.7320503986076194]
[1.197910155132639, -0.3684658012983044, -0.5700303371555726, 1.732049248592003]

[1.652893457971079, 0.047190804569655256, -0.5349221970354432, 1.7320412712931827]
[1.7168065720086285, 0.8711400370968608, -0.4987593531523628, 1.7319568737874937]
[1.1308414460133926, -0.3660655609339244, -0.5707046659567273, 1.7320501706635867]
[1.6871853897366924, 0.16034660508405035, -0.5371518077225524, 1.7320267622877503]
[1.6552215721279, 0.09053724713906869, -0.5532718732968822, 1.7320422085045721]

[1.6435180931568554, 0.013474744202879953, -0.5418045597008693, 1.732045547604606]
[1.696856920766638, 0.528855302507538, -0.5570696458325611, 1.7320465730955972]
[1.6612943749106264, 0.10164758185463381, -0.5195645769465715, 1.7320434054472298]
[1.7030913981196114, 0.8158062797720951, -0.569613181011284, 1.7320406943271043]
[1.7165064445517624, 1.5087506189488498, -0.5533595237359057, 1.7318996799944737]

[0.9233701458825009, -0.44093223540724485, -0.5645647005918508, 1.7320506168248866]
[1.4924179137656566, -0.2606797693411234, -0.5676885269767605, 1.7320487614779247]
[1.6671790489838478, 0.22629737500589694, -0.5695084110215314, 1.7320426046519413]
[1.6989737830637963, 0.6829493804825478, -0.5395539574921507, 1.732046870004755]
[1.7279145585374274, 0.6333953210066178, -0.5530715602510222, 1.7320350260109674]

[1.6708175687258928, -0.2649009292656222, -0.5719154478010416, 1.732049297521173]
[1.5916093647661964, -0.10279512993027777, -0.5509494984502569, 1.7320494714103638]
[1.6897478773625876, 0.20326924874400362, -0.5634606147416088, 1.7320478279134803]
[1.7002821849885958, 0.416802767818803, -0.5629468195366736, 1.7320211054970585]
[1.6819316078033761, 0.25954954996864105, -0.5431553335987195, 1.732042483715511]

[1.6245388278986872, 0.005887017954465376, -0.5669502523656481, 1.732045784333991]
[1.7179111999635577, 1.1573801660553547, -0.5558262048044961, 1.7319563638392466]
[1.4498106101432036, -0.2918419350138606, -0.553373198247115, 1.732047179689066]
[1.6201149071409522, 0.001630760496052994, -0.573482607752615, 1.732048960036824]
[1.5952199082557492, -0.03046732443512897, -0.565659189996936, 1.7320498500022583]

[1.031362312205004, -0.48594639088187297, -0.5666893100976218, 1.7320505785989553]
[0.7839618756921134, -0.5165672470992609, -0.5724940693804084, 1.7320505895706786]
[1.54300922238159, -0.13194899286606437, -0.5488840069253421, 1.7320398248297362]
[1.6420394077815104, 0.11070143233154232, -0.5364247086940839, 1.7320392735396386]
[1.0558017223581522, -0.44190444702838283, -0.5608578765686634, 1.732048543512831]

[1.06855542566234, -0.4004677149443401, -0.5706852483308247, 1.7320502120950816]
[1.5073113946500285, -0.16777872447219147, -0.569784320889284, 1.7320495547857735]
[1.3803128201581474, -0.32882658426170697, -0.547782060158762, 1.7320477590901542]
[1.6621315350060963, 0.2671815380808393, -0.5537280614524226, 1.7320372611099235]
[1.4236611498835778, -0.25767479048036296, -0.5549719364617219, 1.7320321921161812]

[1.6737884969327477, 0.4497893263571507, -0.5083589592394909, 1.732019160246951]
[1.5558311007329244, -0.1059741730087767, -0.5453175145158811, 1.732028134622812]
[0.9591529627671813, -0.48354366453583564, -0.5358010089056319, 1.7320460645390605]
[1.1309763348967028, -0.4142037673685602, -0.5207776251692107, 1.7320425523954548]
[0.4982619913144023, -0.564722777460668, -0.5643317877326153, 1.7320498526115797]

[0.6919284089032752, -0.5125032267126454, -0.5600164957453192, 1.7320466396706244]
[1.6488162857530688, 0.30416580274035643, -0.5234076446995184, 1.7320314352337023]
[0.9102209735340797, -0.4862148568756715, -0.5592003621312085, 1.7320492428513525]
[1.083431269445882, -0.4294934811464121, -0.5665180199605149, 1.7320497908984893]
[1.4746157531852178, -0.23770926790530886, -0.5543248013160074, 1.7320474238658068]

[0.6923697913126852, -0.5125884833238845, -0.5616870261189465, 1.7320505064800968]
[1.426977755554605, -0.22012019747765996, -0.5758386858845415, 1.7320495068198665]
[1.4116927394090548, -0.2687134442337731, -0.5574018054536569, 1.7320498653862897]
[1.4004189534533826, -0.2231187505267937, -0.5650989477766363, 1.732049002620055]
[1.1934911841866855, -0.3837710992253692, -0.569716326244063, 1.7320498887835547]

[1.396903942956039, -0.27437763654167696, -0.5665676531133018, 1.7320493913520527]
[1.0552914457802294, -0.396290607203657, -0.5674578396427759, 1.7320505009617033]
[1.073727169797078, -0.4451668759503897, -0.5691717139024732, 1.7320498895299001]
[1.4386268240654496, -0.2912616628631799, -0.5599026808105001, 1.7320488947730834]
[1.4302892292749434, -0.20809063328950392, -0.5634737552596972, 1.7320484239918676]

##########################逸脱度##########################
3.4595972095038845
0.772504618923396
2.953843624220441
2.2172613561963566
2.261321242829966

1.1482468247606223
3.710935265993154
2.22987879705795
0.8575794445852101
0.8669292433713656

1.2230225641729633
1.1127803199035886
1.649188720699709
1.8785227415296002
4.786917936647169

0.8104284670669927
1.2206061933007941
1.2003156683907068
1.3478265986719997
1.7756317101335826

2.0040299169054
2.4777859342335864
1.1505177070900234
1.1604151619761403
0.6100058474045416

1.8371393141606311
3.1580908252079953
0.8886884126122753
2.135549867398085
2.484049264564596

1.056117304279572
1.571950749683164
2.591720645755212
1.161586634817881
0.7986755481269084

1.5973233460943694
1.9262121587708045
1.4401561737499045
0.4699047979863681
2.3264817669330906

2.0764599097867444
3.311651499717724
2.428413564107922
4.469292995668137
2.6127982820144204

1.7449215707460262
1.398751638844227
0.5339073743851659
1.0794349112276926
0.9116291472630059

1.4415715664417441
1.5917535838125214
0.701241816996868
0.8318141088424155
2.042131048036228

0.8591632109191718
1.5996021154521403
1.0196008434249069
0.7989479555580717
0.9164563713490463

##############################################################
タイムスロット0 = [11.901804884372764, 3.4595972095038845, 5.12474977276653]
タイムスロット1 = [9.465772069560563, 0.772504618923396, 5.178518525261253]
タイムスロット2 = [39.573567408256714, 11.307246077434277, 2.953843624220441]
タイムスロット3 = [12.50524099983356, 2.2172613561963566, 3.5725673172058556]
タイムスロット4 = [13.108110661429494, 2.630376500518174, 2.261321242829966]
タイムスロット5 = [1.1482468247606223, 5.353730271508273, 11.147444914350354]
タイムスロット6 = [3.710935265993154, 22.459560390783047, 49.998473168467164]
タイムスロット7 = [14.927055645639218, 3.1225673836512784, 2.22987879705795]
タイムスロット8 = [0.8575794445852101, 7.436097462016633, 16.29621392396826]
タイムスロット9 = [0.8669292433713656, 5.507809416864285, 11.633409712965108]
タイムスロット10 = [1.2230225641729633, 4.672761785511131, 9.968347818400177]
タイムスロット11 = [1.1127803199035886, 11.424459121462085, 19.591013444718705]
タイムスロット12 = [1.649188720699709, 6.520083321929954, 12.091693850629008]
タイムスロット13 = [1.8785227415296002, 15.44035852665477, 25.39318513526997]
タイムスロット14 = [4.786917936647169, 34.865661103672515, 78.6799320267985]
タイムスロット15 = [20.56948972081319, 5.159466612282414, 0.8104284670669927]
タイムスロット16 = [5.2080755344753955, 1.2206061933007941, 4.608886843924358]
タイムスロット17 = [1.2003156683907068, 7.325752413572778, 14.082099766475988]
タイムスロット18 = [1.3478265986719997, 13.645188466474554, 22.603249070988618]
タイムスロット19 = [1.7756317101335826, 13.060607644868465, 22.545390524829195]
タイムスロット20 = [2.0040299169054, 2.804412590153353, 4.99555440050477]
タイムスロット21 = [2.4777859342335864, 2.963050681630282, 7.561358213841471]
タイムスロット22 = [1.1505177070900234, 7.0448065591612385, 13.344345482549295]
タイムスロット23 = [1.1604151619761403, 10.731246908310675, 21.64975493745677]
タイムスロット24 = [0.6100058474045416, 7.879831790654358, 14.774569057425243]
タイムスロット25 = [1.8371393141606311, 4.306259967590541, 9.689350634689031]
タイムスロット26 = [3.1580908252079953, 25.037229388300805, 53.095303981981026]
タイムスロット27 = [6.252109794404875, 0.8886884126122753, 4.126862257009525]
タイムスロット28 = [2.135549867398085, 4.374945726889287, 9.5132593519351]
タイムスロット29 = [2.484049264564596, 3.771514560110444, 8.85756131526815]
タイムスロット30 = [17.64768125618476, 4.77439910142236, 1.056117304279572]
タイムスロット31 = [24.403763554477926, 6.87165760527899, 1.571950749683164]
タイムスロット32 = [3.6761571407066156, 2.591720645755212, 8.191424435397968]
タイムスロット33 = [1.161586634817881, 6.067213167347932, 12.53317476989318]
タイムスロット34 = [16.95546257112899, 4.114588918479074, 0.7986755481269084]
タイムスロット35 = [16.626421022201082, 3.8272480494338916, 1.5973233460943694]
タイムスロット36 = [4.791569530123684, 1.9262121587708045, 6.25165159556235]
タイムスロット37 = [8.118611227887087, 1.4401561737499045, 3.4476937092671283]
タイムスロット38 = [0.4699047979863681, 7.931574295641374, 15.52103333284361]
タイムスロット39 = [6.911687986296376, 2.3264817669330906, 9.003949450841292]
タイムスロット40 = [2.0764599097867444, 11.971363254108143, 23.013148779162478]
タイムスロット41 = [3.311651499717724, 4.093776045684607, 12.223990580183562]
タイムスロット42 = [19.593785039703963, 5.50982591561412, 2.428413564107922]
タイムスロット43 = [14.951428277641535, 4.630162502274552, 4.469292995668137]
タイムスロット44 = [32.194365553399535, 9.398050150490228, 2.6127982820144204]
タイムスロット45 = [26.8881246112088, 7.443056588549048, 1.7449215707460262]
タイムスロット46 = [1.398751638844227, 9.089418460181804, 17.4778014885473]
タイムスロット47 = [20.927837611307734, 5.563902127868938, 0.5339073743851659]
タイムスロット48 = [16.21645340502855, 3.8800506560708543, 1.0794349112276926]
タイムスロット49 = [5.567675203651977, 0.9116291472630059, 5.026985380135609]
タイムスロット50 = [26.880461604444275, 7.47903778927789, 1.4415715664417441]
タイムスロット51 = [6.966203317911195, 1.5917535838125214, 5.264560200999391]
タイムスロット52 = [7.269187792956519, 0.701241816996868, 4.305946384381133]
タイムスロット53 = [7.582068127691178, 0.8318141088424155, 5.065660222258471]
タイムスロット54 = [13.231990915250874, 2.8074893599190154, 2.042131048036228]
タイムスロット55 = [7.709052295597644, 0.8591632109191718, 4.174891529273882]
タイムスロット56 = [16.9753977198555, 3.8481791332521116, 1.5996021154521403]
タイムスロット57 = [16.492806153076724, 4.127936302663798, 1.0196008434249069]
タイムスロット58 = [6.574035603855645, 0.7989479555580717, 3.9679088184742284]
タイムスロット59 = [6.768807474926146, 0.9164563713490463, 5.38750573285286]
