##########################通常データ(標準化)##########################
[1.8045031479067497, -1.0052452387751818, 1.5814544307658003, 0.5483480869906026, 1.9999838997356294]
[1.4857354960778246, -0.4612090349582455, 1.9200749850204564, 1.9997634518307756, -0.96813341790942]
[1.6908976713497987, -0.31504096110107815, 1.991314743767119, 1.9984372546654878, -1.0564022935917419]
[1.3010137542037687, -0.5355844306148289, 1.8642803324434636, -0.04610703342891565, 1.9999782265326738]
[-0.47750306959609023, -0.5641345700970791, 1.9726568989634272, -0.019903747644868856, 1.9999015657073866]

[-0.5460166240602609, -0.1529599175612235, 1.9999990535885197, -0.29153783092419316, -0.22021659458110926]
[-0.49230069713087876, -0.3289893256682083, 1.9925348456531498, 1.9975169085061912, -0.5644726376828058]
[-0.20291677221436993, -0.23299795116846428, 1.9995926975987428, 1.9769018786900305, -0.6754793838167756]
[-0.5957270737877876, -0.34835205193057667, 1.9561087917090731, 1.9992791885050534, -0.5287832906627133]
[-0.5160257931467631, -0.5273326512953338, 1.94797707066038, 1.1662509448700658, 1.999910697283138]

[-0.5861360417114239, -0.4919352572377138, 1.916897792298714, 0.1327243402416185, 1.9999526840462503]
[-0.5794170853089015, -0.37287985497130854, 1.9945188894107744, 1.518821193853968, 1.9920897737655656]
[-0.6278976529076478, -0.3492373184342559, 1.9579221225268741, 1.9894891333594142, 1.9775024857016377]
[-0.6945243277696564, -0.3933565883221599, 1.9618002309112375, 0.140376277325947, 1.9999480610929332]
[-0.5876016232481183, -0.16312265332274548, 1.9997952141346425, 1.9739568423595066, -0.5793407644966934]

[-0.6658245357955233, -0.4163840251203759, 1.9530399824744276, 1.9996305790866105, -0.492944820439304]
[-0.5813325450599216, -0.3436000384654449, 1.9823898847795867, 1.9999245015787377, -0.5356389549965027]
[-0.5140898372851119, -0.5247457976965888, 1.9741438189783602, 1.201334346629977, 1.9996675484169515]
[-0.5369717353734218, -0.3366932407273089, 1.9985270760529938, 1.995529939488877, -0.5502993783681317]
[-0.5018923413193651, -0.44949255507831276, 1.9999998805121695, -0.22790538550288403, -0.17555201158027015]

[-0.5585794884115861, -0.2758031180735384, 1.998563874952359, 1.9934492643818076, -0.5598578574972174]
[-0.5854122647055602, -0.3429618570615832, 1.9963255671853122, 1.9983278037352683, -0.535454906468881]
[-0.5351520494509718, -0.26655366511421663, 1.9999984796223516, -0.26562400395389313, -0.20222877482924723]
[-0.5340274075270507, -0.6025028079176101, 1.8994425741486385, 1.9978466957697274, -0.4761660029279751]
[-0.5382403871387431, -0.4318907410781644, 1.9672469436663755, 1.999058946074292, -0.5236692728790742]

[-0.5722134456460473, -0.23664589096275826, 1.9992771582282407, -0.5174938467473724, 1.9966084537025461]
[-0.7910334032655765, -0.5696737811692076, 1.9330343653988258, 1.1996670611828502, 1.9999392698920888]
[-0.7242852357242276, -0.5605987197185978, 1.9409821736748258, 0.36418005860178804, 1.9999669789758332]
[-0.8580541025868073, -0.8267659682864801, 1.7791960394001833, 1.1504136990887308, 1.9998856720715688]
[-0.5659024863648123, -0.5222726710298194, 1.9937893769230377, 1.4159086844889557, 1.9998821510098408]

[-0.6173754330652711, -0.3127532825058085, 1.979619805344865, -0.02080759916594298, 1.999957515598014]
[-0.599440461594419, -0.4168478716800376, 1.9320935407535798, 1.9998825528058084, -0.5088933200087116]
[-0.5421824147249832, -0.4847665608024471, 1.996265163506497, 1.4778644282849838, 1.9967085747517688]
[-0.8200370957797252, -0.6180340582894741, 1.7201904180920504, -0.4319378988434787, 1.9999734089046282]
[-0.7433607262049463, -0.4292660260745834, 1.914372346739099, -0.45998805328640757, 1.9999881787235565]

[-0.5334304892830842, -0.30865231077533817, 1.9998659641897352, 1.7400862742257017, 1.8502113953577093]
[-0.6042223840832892, -0.6387112645086838, 1.8221007726050187, -0.19869616440291785, 1.9999863246700673]
[-0.5154766161427716, -0.38878412605701523, 1.9772517629017679, 1.9956000984298412, 1.9642382875532403]
[-0.7240074895831826, -0.5292190781742124, 1.90521568250481, -0.3997006682757941, 1.9999917716564493]
[-0.5867240310224889, -0.2660838601918447, 1.999017307058151, 1.956602253588785, 1.9194561530213723]

[-0.6006293760854289, -0.3699525548213535, 1.9899014570596392, 1.3109994677362558, 1.9997474527547996]
[-0.6450112990474405, -0.23089079699929604, 1.993092700867003, 1.9811123687565124, 1.989243159275487]
[-0.5881279809888369, -0.3007393564568809, 1.9936031113856976, 1.9647217983259397, 1.9893404944351551]
[-0.6119418897616893, -0.2893416179620764, 1.9896540862278764, 1.9955629187847663, 1.931725824295633]
[-0.6304722635723021, -0.2945654123972183, 1.9867235425856196, 1.9977749331469858, 1.769556130302842]

[-0.6440127362788091, -0.29883956757352037, 1.9905837337590553, -0.2905959123993611, 1.999657476768892]
[-0.7248247311612213, -0.438017291784972, 1.9363025314526068, 0.1728941220342228, 1.9999898048218856]
[-0.6100714240113294, -0.2650132644968339, 1.9945938009802684, 0.9542523742580735, 1.999867641993517]
[-0.7248528867799111, -0.47076879544546263, 1.926845311282279, -0.02032372480492766, 1.9999969822230588]
[-0.7295693682580469, -0.4904177244296174, 1.9450895756462467, -0.09657268990952374, 1.9999967850792535]

[-0.8783358843154199, -0.5761899770990178, 1.8681657796715168, 0.7904927847869493, 1.9999937653940587]
[-0.8055279807653007, -0.5424905931786035, 1.8691937678962725, -0.02655260855773102, 1.9999971720690888]
[-0.7660601369060227, -0.5164432259341095, 1.8844182706201091, -0.013590085901109947, 1.9999942967648894]
[-0.619323596142166, -0.3034122768733446, 1.9885979468597197, 0.6391948780806403, 1.999952967141884]
[-0.7772866895555501, -0.48532889918738875, 1.8699323614745929, -0.35766507029088945, 1.9999841296331455]

[-0.7933475623651507, -0.5316779050233141, 1.813825365546819, -0.2214028611590743, 1.9999963794726643]
[-0.8712621546166673, -0.7164814513897338, 1.7900633565968749, 0.17590317259987373, 1.9999950334835015]
[-0.8408177503739697, -0.6747631829556245, 1.5466164890789302, -0.4735210895472138, 1.9999959059863452]
[-0.736659730960852, -0.44044102172774474, 1.9354853063882012, -0.32744367092176485, 1.9999926974930042]
[-0.7816096225405978, -0.6217151806981508, 1.6646273582862465, -0.3896497305995268, 1.9999978446286362]

##########################クラスタ数##########################
3
##########################クラスタリング結果##########################
=====クラスタ数1個のとき＝＝＝＝＝
cluster	[1, 1, 1, 1, 1, 1, 1, 1, 1, 1, 1, 1, 1, 1, 1, 1, 1, 1, 1, 1, 1, 1, 1, 1, 1, 1, 1, 1, 1, 1, 1, 1, 1, 1, 1, 1, 1, 1, 1, 1, 1, 1, 1, 1, 1, 1, 1, 1, 1, 1, 1, 1, 1, 1, 1, 1, 1, 1, 1, 1]
centers	[-0.48921550271615594, -0.4890738305821349, 1.8592194878090351, -0.5290748751378951, -0.3518552793728491]
totts	39.663330910096775
withinss	39.66333091009682
tot.withinss	39.66333091009682
betweenss	-4.263256414560601e-14
size	60
=====クラスタ数2個のとき＝＝＝＝＝
cluster	[1, 1, 1, 1, 1, 1, 1, 1, 1, 1, 2, 1, 1, 2, 1, 1, 1, 1, 1, 1, 1, 1, 1, 1, 1, 1, 2, 2, 2, 1, 1, 1, 1, 2, 2, 1, 2, 1, 2, 1, 1, 1, 1, 1, 1, 1, 2, 1, 2, 2, 2, 2, 2, 1, 2, 2, 2, 2, 2, 2]
centers	[[-0.34300294506825163, -0.4366171027458742, 1.8490663561498775, -0.47417965584702515, -0.5952666524887266], [-0.7607531097765498, -0.5864934679923334, 1.8780753037474713, -0.6310231395352248, 0.10019441355663705]]
totts	39.663330910096775
withinss	[27.04569512714866, 2.979567113977203]
tot.withinss	30.025262241125866
betweenss	9.63806866897091
size	[39, 21]
=====クラスタ数3個のとき＝＝＝＝＝
cluster	[2, 2, 2, 2, 1, 1, 1, 1, 1, 1, 3, 1, 1, 1, 1, 1, 1, 1, 1, 1, 1, 1, 1, 1, 1, 1, 1, 3, 3, 1, 1, 1, 1, 3, 3, 1, 3, 1, 3, 1, 1, 1, 1, 1, 1, 1, 3, 1, 3, 3, 3, 3, 3, 1, 3, 3, 3, 3, 3, 3]
centers	[[-0.5714816934658159, -0.3912725466473304, 1.980294073624611, -0.4451071911413038, -0.5724326423701613], [1.5705375173845355, -0.892781363398027, 0.6949015415798727, -0.7345695361049176, -0.6380881594614636], [-0.7626451354880165, -0.5945379029149874, 1.8685622304269474, -0.6493288574539887, 0.13794966543004558]]
totts	39.663330910096775
withinss	[2.699161417615818, 1.226865154193539, 2.5215697053994237]
tot.withinss	6.447596277208781
betweenss	33.215734632887994
size	[37, 4, 19]
=====クラスタ数4個のとき＝＝＝＝＝
cluster	[2, 2, 2, 2, 4, 4, 4, 4, 3, 4, 1, 4, 3, 4, 4, 3, 3, 4, 4, 4, 4, 4, 4, 3, 3, 4, 4, 1, 1, 4, 4, 3, 4, 1, 1, 4, 1, 3, 1, 4, 4, 4, 4, 4, 4, 4, 1, 4, 1, 1, 1, 1, 1, 4, 1, 1, 1, 1, 1, 1]
centers	[[-0.7626451354880165, -0.5945379029149874, 1.8685622304269474, -0.6493288574539887, 0.13794966543004558], [1.5705375173845355, -0.892781363398027, 0.6949015415798727, -0.7345695361049176, -0.6380881594614636], [-0.5822458349942331, -0.4556580926682527, 1.961278842097284, -0.1843582776674168, -0.7390166367673816], [-0.5685122751131492, -0.37351101671052434, 1.9855396547355983, -0.517037925892721, -0.5264784370192042]]
totts	39.663330910096775
withinss	[2.5215697053994237, 1.226865154193539, 0.2129378383669292, 1.461827112234193]
tot.withinss	5.423199810194085
betweenss	34.24013109990269
size	[19, 4, 8, 29]
=====クラスタ数5個のとき＝＝＝＝＝
cluster	[2, 2, 2, 2, 1, 5, 5, 5, 5, 3, 1, 5, 5, 1, 5, 5, 5, 3, 5, 5, 5, 5, 5, 3, 5, 5, 3, 1, 3, 5, 5, 5, 5, 4, 1, 5, 4, 5, 1, 5, 5, 5, 5, 5, 5, 5, 1, 5, 1, 1, 1, 1, 1, 5, 1, 4, 4, 4, 1, 4]
centers	[[-0.7209238785208465, -0.5270270854862693, 1.9375979990704144, -0.6392771869721345, -0.0503698480911642], [1.5705375173845355, -0.892781363398027, 0.6949015415798727, -0.7345695361049176, -0.6380881594614636], [-0.6426461087622619, -0.6910037580729361, 1.9415447027512687, -0.23350054980751755, -0.37439428610855313], [-0.7852160949599, -0.6734516202397183, 1.748312120087414, -0.7590203743013942, 0.4693759694135983], [-0.5683102845046757, -0.3515869894427493, 1.9822449961598705, -0.4559583468192964, -0.6063893753931493]]
totts	39.663330910096775
withinss	[0.518178684252621, 1.226865154193539, 0.7261518210457163, 0.4612656054017481, 1.503769574638282]
tot.withinss	4.436230839531906
betweenss	35.227100070564866
size	[14, 4, 5, 6, 31]
=====クラスタ数6個のとき＝＝＝＝＝
cluster	[2, 2, 2, 2, 1, 5, 5, 5, 6, 1, 4, 5, 6, 1, 5, 6, 6, 1, 5, 5, 5, 5, 5, 6, 6, 5, 1, 4, 4, 1, 1, 6, 1, 3, 4, 5, 3, 6, 4, 5, 5, 5, 5, 5, 5, 5, 4, 5, 4, 4, 4, 4, 4, 5, 4, 3, 3, 3, 4, 3]
centers	[[-0.589829595652283, -0.5369680074714633, 1.985929063325681, -0.4939985847321074, -0.3651328754698274], [1.5705375173845355, -0.892781363398027, 0.6949015415798727, -0.7345695361049176, -0.6380881594614636], [-0.7852160949599, -0.6734516202397183, 1.748312120087414, -0.7590203743013942, 0.4693759694135983], [-0.7522277695779164, -0.5581161872266502, 1.9240622813528854, -0.598702003524417, -0.015016321023901845], [-0.5603913910982409, -0.31124168689683335, 1.9853913086060428, -0.5258148177634309, -0.5879434128475383], [-0.5822458349942331, -0.4556580926682527, 1.961278842097284, -0.1843582776674168, -0.7390166367673816]]
totts	39.663330910096775
withinss	[0.33996435213586945, 1.226865154193539, 0.4612656054017481, 0.8056680162089709, 0.5282082443772856, 0.2129378383669292]
tot.withinss	3.5749092106843423
betweenss	36.088421699412436
size	[8, 4, 6, 13, 21, 8]
=====クラスタ数7個のとき＝＝＝＝＝
cluster	[5, 5, 5, 5, 3, 2, 2, 2, 1, 3, 7, 2, 1, 7, 2, 1, 1, 3, 2, 3, 2, 2, 2, 1, 1, 2, 4, 7, 4, 3, 2, 1, 3, 6, 7, 2, 6, 1, 7, 2, 2, 2, 2, 2, 2, 2, 7, 2, 7, 7, 4, 7, 7, 2, 7, 6, 6, 6, 7, 6]
centers	[[-0.5822458349942331, -0.4556580926682527, 1.961278842097284, -0.1843582776674168, -0.7390166367673816], [-0.565890585943284, -0.3061784257675701, 1.9846028302450682, -0.5326194909983599, -0.579914327535855], [-0.519599323739521, -0.5636549785053326, 1.9945152586001687, -0.4824754835515686, -0.4287854728037465], [-0.8424744633892679, -0.7184346057350242, 1.9090531647675835, -0.24561758485009774, -0.10252651079319398], [1.5705375173845355, -0.892781363398027, 0.6949015415798727, -0.7345695361049176, -0.6380881594614636], [-0.7852160949599, -0.6734516202397183, 1.748312120087414, -0.7590203743013942, 0.4693759694135983], [-0.7280912787816952, -0.5100291074329684, 1.9352124303224716, -0.663375910823422, -0.033716133284385795]]
totts	39.663330910096775
withinss	[0.2129378383669292, 0.5751915339619469, 0.10547350362501053, 0.17629447952153077, 1.226865154193539, 0.4612656054017481, 0.2820224658492517]
tot.withinss	3.040050580919956
betweenss	36.62328032917682
size	[8, 21, 6, 3, 4, 6, 12]
=====クラスタ数8個のとき＝＝＝＝＝
cluster	[3, 3, 3, 3, 8, 6, 5, 6, 7, 8, 1, 8, 7, 1, 6, 7, 5, 8, 6, 8, 6, 5, 6, 7, 7, 6, 2, 1, 2, 8, 8, 7, 8, 4, 1, 6, 4, 5, 1, 6, 8, 5, 5, 5, 5, 8, 1, 6, 1, 1, 2, 1, 1, 8, 1, 4, 4, 4, 1, 4]
centers	[[-0.7280912787816952, -0.5100291074329684, 1.9352124303224716, -0.663375910823422, -0.033716133284385795], [-0.8424744633892679, -0.7184346057350242, 1.9090531647675835, -0.24561758485009774, -0.10252651079319398], [1.5705375173845355, -0.892781363398027, 0.6949015415798727, -0.7345695361049176, -0.6380881594614636], [-0.7852160949599, -0.6734516202397183, 1.748312120087414, -0.7590203743013942, 0.4693759694135983], [-0.5812594445511751, -0.33880033213764693, 1.9844462938648282, -0.4024331811325236, -0.6619533360434825], [-0.5269677682721678, -0.27460714328952346, 1.9820043317350542, -0.5769879307211837, -0.6034414894521796], [-0.5935262531251952, -0.4718300826105007, 1.9539517558462078, -0.13668086718331465, -0.7519145529271974], [-0.561668560847064, -0.4699533607125067, 1.9922415927435737, -0.5222998612947631, -0.4383198098892404]]
totts	39.663330910096775
withinss	[0.2820224658492517, 0.17629447952153077, 1.226865154193539, 0.4612656054017481, 0.07352012363271192, 0.21498013649920386, 0.13871004877659274, 0.32696731984056154]
tot.withinss	2.9006253337151398
betweenss	36.762705576381634
size	[12, 3, 4, 6, 8, 10, 6, 11]
=====クラスタ数9個のとき＝＝＝＝＝
cluster	[6, 6, 6, 6, 2, 5, 5, 1, 8, 2, 9, 5, 8, 9, 5, 8, 8, 2, 5, 2, 5, 5, 5, 7, 8, 5, 4, 9, 4, 2, 5, 8, 2, 3, 9, 5, 3, 8, 9, 5, 5, 5, 5, 5, 5, 5, 9, 5, 9, 9, 4, 9, 9, 5, 9, 3, 3, 3, 9, 3]
centers	[[-0.20291677221436993, -0.34898526583171796, 1.960476052172298, -0.6766524271895527, -0.7319215869366573], [-0.519599323739521, -0.5636549785053326, 1.9945152586001687, -0.4824754835515686, -0.4287854728037465], [-0.7852160949599, -0.6734516202397183, 1.748312120087414, -0.7590203743013942, 0.4693759694135983], [-0.8424744633892679, -0.7184346057350242, 1.9090531647675835, -0.24561758485009774, -0.10252651079319398], [-0.5840392766297298, -0.3040380837643627, 1.9858091691487072, -0.5254178441888003, -0.5723139645658148], [1.5705375173845355, -0.892781363398027, 0.6949015415798727, -0.7345695361049176, -0.6380881594614636], [-0.5340274075270507, -0.6709575120211662, 1.9135982103052647, 0.06504179963470483, -0.7736550903917528], [-0.5891341817752592, -0.4249010327606936, 1.9680903609247156, -0.21998686013914842, -0.7340682862496143], [-0.7280912787816952, -0.5100291074329684, 1.9352124303224716, -0.663375910823422, -0.033716133284385795]]
totts	39.663330910096775
withinss	[0.0, 0.10547350362501053, 0.4612656054017481, 0.17629447952153077, 0.3882745134117973, 1.226865154193539, 0.0, 0.08224924362751462, 0.2820224658492517]
tot.withinss	2.722444965630392
betweenss	36.94088594446638
size	[1, 6, 6, 3, 20, 4, 1, 7, 12]
=====クラスタ数10個のとき＝＝＝＝＝
cluster	[2, 2, 2, 2, 3, 5, 8, 5, 10, 3, 9, 8, 10, 9, 5, 10, 8, 3, 8, 3, 8, 8, 5, 10, 10, 5, 1, 9, 1, 3, 6, 10, 3, 7, 9, 5, 4, 10, 4, 8, 8, 8, 8, 8, 8, 6, 9, 6, 9, 9, 1, 4, 4, 6, 4, 4, 4, 7, 9, 7]
centers	[[-0.8424744633892679, -0.7184346057350242, 1.9090531647675835, -0.24561758485009774, -0.10252651079319398], [1.5705375173845355, -0.892781363398027, 0.6949015415798727, -0.7345695361049176, -0.6380881594614636], [-0.519599323739521, -0.5636549785053326, 1.9945152586001687, -0.4824754835515686, -0.4287854728037465], [-0.7631020568393091, -0.6025617070455828, 1.8745188625071196, -0.6906340892295185, 0.1817789906072908], [-0.49622183398380876, -0.2567718045169923, 1.9775660643056774, -0.6091935281554925, -0.6153788976493837], [-0.622695797374394, -0.31933570970416925, 1.9857385363019993, -0.6115222568528672, -0.43218477237056896], [-0.8141548228980975, -0.6619369195887962, 1.6580709771917805, -0.8360168037209729, 0.654037569016086], [-0.5830767213723713, -0.3318962690248159, 1.9875662448086615, -0.45171610369567133, -0.6208771507158031], [-0.7080266310712857, -0.49466453781855774, 1.9520721144086202, -0.6465180174899849, -0.10286292802879164], [-0.582376304984849, -0.4677546840355102, 1.9582492433112455, -0.1625760130874879, -0.7455422412033984]]
totts	39.663330910096775
withinss	[0.17629447952153077, 1.226865154193539, 0.10547350362501053, 0.2152823926599557, 0.16353990462407797, 0.02549586315908492, 0.0693085069291598, 0.11893141775131001, 0.11882732772016623, 0.17527371803171085]
tot.withinss	2.3952922682155458
betweenss	37.268038641881226
size	[3, 4, 6, 7, 6, 4, 3, 12, 8, 7]
=====クラスタ数11個のとき＝＝＝＝＝
cluster	[1, 1, 1, 1, 6, 7, 5, 9, 8, 6, 3, 10, 8, 3, 7, 8, 5, 6, 10, 10, 10, 5, 7, 8, 8, 7, 11, 3, 11, 6, 7, 8, 6, 4, 3, 10, 2, 5, 2, 10, 10, 5, 5, 5, 5, 7, 3, 7, 3, 3, 11, 2, 2, 7, 2, 2, 2, 4, 3, 4]
centers	[[1.5705375173845355, -0.892781363398027, 0.6949015415798727, -0.7345695361049176, -0.6380881594614636], [-0.7631020568393091, -0.6025617070455828, 1.8745188625071196, -0.6906340892295185, 0.1817789906072908], [-0.7080266310712857, -0.49466453781855774, 1.9520721144086202, -0.6465180174899849, -0.10286292802879164], [-0.8141548228980975, -0.6619369195887962, 1.6580709771917805, -0.8360168037209729, 0.654037569016086], [-0.5812594445511751, -0.33880033213764693, 1.9844462938648282, -0.4024331811325236, -0.6619533360434825], [-0.5231407202235522, -0.5854833379075401, 1.9935382013966092, -0.4746710780814518, -0.4102430651840653], [-0.5914708664878718, -0.2683164585017551, 1.98203527635067, -0.6080647453964436, -0.5141832059645993], [-0.5935262531251952, -0.4718300826105007, 1.9539517558462078, -0.13668086718331465, -0.7519145529271974], [-0.20291677221436993, -0.34898526583171796, 1.960476052172298, -0.6766524271895527, -0.7319215869366573], [-0.5568063638291824, -0.3560892539070498, 1.992893081081308, -0.5143788572408386, -0.5656186061042373], [-0.8424744633892679, -0.7184346057350242, 1.9090531647675835, -0.24561758485009774, -0.10252651079319398]]
totts	39.663330910096775
withinss	[1.226865154193539, 0.2152823926599557, 0.11882732772016623, 0.0693085069291598, 0.07352012363271192, 0.07863241275187606, 0.12462041283688845, 0.13871004877659274, 0.0, 0.04923987237263659, 0.17629447952153077]
tot.withinss	2.271300731395057
betweenss	37.39203017870172
size	[4, 7, 8, 3, 8, 5, 8, 6, 1, 7, 3]
=====クラスタ数12個のとき＝＝＝＝＝
cluster	[5, 5, 5, 5, 9, 10, 7, 10, 3, 9, 11, 7, 3, 6, 10, 3, 12, 9, 7, 9, 7, 7, 10, 8, 12, 10, 1, 11, 1, 9, 6, 3, 9, 4, 11, 7, 2, 12, 11, 7, 7, 7, 7, 7, 7, 6, 11, 7, 11, 11, 1, 2, 11, 6, 2, 2, 2, 4, 11, 4]
centers	[[-0.8424744633892679, -0.7184346057350242, 1.9090531647675835, -0.24561758485009774, -0.10252651079319398], [-0.7703293542771916, -0.6247283730221417, 1.8587140608541328, -0.6908615004158861, 0.22720516686108666], [-0.6222224310213444, -0.42021444023628807, 1.9585940673857956, -0.162206586241591, -0.753950609886572], [-0.8141548228980975, -0.6619369195887962, 1.6580709771917805, -0.8360168037209729, 0.654037569016086], [1.5705375173845355, -0.892781363398027, 0.6949015415798727, -0.7345695361049176, -0.6380881594614636], [-0.6438090233139756, -0.35218693273027324, 1.9824173266717486, -0.625359032117679, -0.36106233850982095], [-0.5814684634386883, -0.3248931306376518, 1.9882780340959765, -0.4776397888095968, -0.6042766512100396], [-0.5340274075270507, -0.6709575120211662, 1.9135982103052647, 0.06504179963470483, -0.7736550903917528], [-0.519599323739521, -0.5636549785053326, 1.9945152586001687, -0.4824754835515686, -0.4287854728037465], [-0.4887801029239537, -0.24363481900581632, 1.9747608235539318, -0.6190162725899266, -0.6233296290342352], [-0.7177507052544261, -0.5145356448484618, 1.9411344684433591, -0.6590499808297259, -0.04979813751074537], [-0.5450165161138121, -0.43114982279323427, 1.9807520856432754, -0.2970272253358917, -0.7075585214003373]]
totts	39.663330910096775
withinss	[0.17629447952153077, 0.16288692628934032, 0.021663403933889568, 0.0693085069291598, 1.226865154193539, 0.04022366993537265, 0.12739089701597653, 0.0, 0.10547350362501053, 0.15167401773583056, 0.13731515079360818, 0.014471306674107934]
tot.withinss	2.2335670166473656
betweenss	37.42976389344941
size	[3, 5, 4, 3, 4, 4, 13, 1, 6, 5, 9, 3]
=====クラスタ数13個のとき＝＝＝＝＝
cluster	[1, 1, 1, 1, 6, 9, 8, 5, 2, 6, 10, 13, 2, 10, 9, 2, 8, 6, 8, 13, 9, 8, 9, 2, 2, 9, 12, 10, 11, 13, 3, 2, 13, 7, 10, 9, 4, 8, 4, 9, 13, 8, 8, 8, 8, 3, 10, 9, 10, 10, 12, 4, 4, 3, 4, 4, 4, 7, 10, 7]
centers	[[1.5705375173845355, -0.892781363398027, 0.6949015415798727, -0.7345695361049176, -0.6380881594614636], [-0.5935262531251952, -0.4718300826105007, 1.9539517558462078, -0.13668086718331465, -0.7519145529271974], [-0.6269039218287488, -0.32932071593347223, 1.9850802913763645, -0.6268702311637232, -0.4019854224504204], [-0.7631020568393091, -0.6025617070455828, 1.8745188625071196, -0.6906340892295185, 0.1817789906072908], [-0.20291677221436993, -0.34898526583171796, 1.960476052172298, -0.6766524271895527, -0.7319215869366573], [-0.5025395666759884, -0.6289291229168642, 1.990262877421492, -0.49502049395027287, -0.3637736938783667], [-0.8141548228980975, -0.6619369195887962, 1.6580709771917805, -0.8360168037209729, 0.654037569016086], [-0.5763385879758691, -0.34033688180617705, 1.985427498935798, -0.41341755548432935, -0.6553344736694222], [-0.5662236468917359, -0.2555571109886373, 1.9832862657093366, -0.5739917912154385, -0.5875137166135248], [-0.7080266310712857, -0.49466453781855774, 1.9520721144086202, -0.6465180174899849, -0.10286292802879164], [-0.8580541025868073, -0.9281565619484745, 1.843227331482771, -0.06823306044535611, 0.011216393497866788], [-0.8346846437904982, -0.613573627628299, 1.9419660814099897, -0.3343098470524686, -0.15939796293872438], [-0.5580047407606982, -0.4589474902573129, 1.9977256027571488, -0.47592525978008127, -0.5048481119590565]]
totts	39.663330910096775
withinss	[1.226865154193539, 0.13871004877659274, 0.01031102718007343, 0.2152823926599557, 0.0, 0.04013769372411597, 0.0693085069291598, 0.08734444019779383, 0.04814391504588221, 0.11882732772016623, 0.0, 0.03685180625449533, 0.02856928759162177]
tot.withinss	2.020351600273396
betweenss	37.64297930982338
size	[4, 6, 3, 7, 1, 3, 3, 9, 8, 8, 1, 2, 5]
=====クラスタ数14個のとき＝＝＝＝＝
cluster	[10, 10, 10, 10, 5, 11, 8, 14, 1, 12, 5, 4, 1, 13, 11, 1, 8, 12, 4, 4, 11, 8, 11, 3, 1, 11, 6, 13, 6, 12, 7, 1, 12, 2, 13, 11, 9, 1, 9, 11, 4, 8, 8, 8, 8, 7, 13, 11, 13, 13, 6, 9, 9, 7, 9, 9, 9, 2, 13, 2]
centers	[[-0.5904344545611487, -0.43388754603790086, 1.965691082145576, -0.2005123152078534, -0.7408567663386728], [-0.8141548228980975, -0.6619369195887962, 1.6580709771917805, -0.8360168037209729, 0.654037569016086], [-0.5340274075270507, -0.6709575120211662, 1.9135982103052647, 0.06504179963470483, -0.7736550903917528], [-0.5547276345217793, -0.40168435241346845, 1.9962506946426821, -0.49815623516068536, -0.5416824725467491], [-0.531819555653757, -0.61080457045791, 1.9698184695190477, -0.6485576765011927, -0.17863666690618807], [-0.8424744633892679, -0.7184346057350242, 1.9090531647675835, -0.24561758485009774, -0.10252651079319398], [-0.6269039218287488, -0.32932071593347223, 1.9850802913763645, -0.6268702311637232, -0.4019854224504204], [-0.5906569914666614, -0.3238714806450869, 1.984505168973879, -0.4145026515068087, -0.6554740453553222], [-0.7631020568393091, -0.6025617070455828, 1.8745188625071196, -0.6906340892295185, 0.1817789906072908], [1.5705375173845355, -0.892781363398027, 0.6949015415798727, -0.7345695361049176, -0.6380881594614636], [-0.5662236468917359, -0.2555571109886373, 1.9832862657093366, -0.5739917912154385, -0.5875137166135248], [-0.5345501328804176, -0.5742942369621463, 1.996332444664971, -0.43979829828724704, -0.4476897765351602], [-0.725439572408409, -0.48084955761739395, 1.9513287435077182, -0.6413129977393951, -0.10372661574252037], [-0.20291677221436993, -0.34898526583171796, 1.960476052172298, -0.6766524271895527, -0.7319215869366573]]
totts	39.663330910096775
withinss	[0.06068031032300509, 0.0693085069291598, 0.0, 0.017322243875300163, 0.022725631123253008, 0.17629447952153077, 0.01031102718007343, 0.045585011721344035, 0.2152823926599557, 1.226865154193539, 0.04814391504588221, 0.021001504068456866, 0.08956984820536007, 0.0]
tot.withinss	2.00309002484686
betweenss	37.66024088524991
size	[6, 3, 1, 4, 2, 3, 3, 7, 7, 4, 8, 4, 7, 1]
=====クラスタ数15個のとき＝＝＝＝＝
cluster	[6, 6, 6, 6, 14, 7, 11, 9, 10, 13, 14, 4, 10, 2, 7, 10, 11, 13, 4, 4, 7, 11, 7, 3, 10, 7, 12, 2, 15, 13, 5, 10, 13, 1, 2, 7, 8, 10, 8, 7, 4, 11, 11, 11, 11, 5, 2, 7, 2, 2, 12, 8, 8, 5, 8, 8, 8, 1, 2, 1]
centers	[[-0.8141548228980975, -0.6619369195887962, 1.6580709771917805, -0.8360168037209729, 0.654037569016086], [-0.725439572408409, -0.48084955761739395, 1.9513287435077182, -0.6413129977393951, -0.10372661574252037], [-0.5340274075270507, -0.6709575120211662, 1.9135982103052647, 0.06504179963470483, -0.7736550903917528], [-0.5547276345217793, -0.40168435241346845, 1.9962506946426821, -0.49815623516068536, -0.5416824725467491], [-0.6269039218287488, -0.32932071593347223, 1.9850802913763645, -0.6268702311637232, -0.4019854224504204], [1.5705375173845355, -0.892781363398027, 0.6949015415798727, -0.7345695361049176, -0.6380881594614636], [-0.5662236468917359, -0.2555571109886373, 1.9832862657093366, -0.5739917912154385, -0.5875137166135248], [-0.7631020568393091, -0.6025617070455828, 1.8745188625071196, -0.6906340892295185, 0.1817789906072908], [-0.20291677221436993, -0.34898526583171796, 1.960476052172298, -0.6766524271895527, -0.7319215869366573], [-0.5904344545611487, -0.43388754603790086, 1.965691082145576, -0.2005123152078534, -0.7408567663386728], [-0.5906569914666614, -0.3238714806450869, 1.984505168973879, -0.4145026515068087, -0.6554740453553222], [-0.8346846437904982, -0.613573627628299, 1.9419660814099897, -0.3343098470524686, -0.15939796293872438], [-0.5345501328804176, -0.5742942369621463, 1.996332444664971, -0.43979829828724704, -0.4476897765351602], [-0.531819555653757, -0.61080457045791, 1.9698184695190477, -0.6485576765011927, -0.17863666690618807], [-0.8580541025868073, -0.9281565619484745, 1.843227331482771, -0.06823306044535611, 0.011216393497866788]]
totts	39.663330910096775
withinss	[0.0693085069291598, 0.08956984820536007, 0.0, 0.017322243875300163, 0.01031102718007343, 1.226865154193539, 0.04814391504588221, 0.2152823926599557, 0.0, 0.06068031032300509, 0.045585011721344035, 0.03685180625449533, 0.021001504068456866, 0.022725631123253008, 0.0]
tot.withinss	1.8636473515798246
betweenss	37.79968355851695
size	[3, 7, 1, 4, 3, 4, 8, 7, 1, 6, 7, 2, 4, 2, 1]
=====クラスタ数16個のとき＝＝＝＝＝
cluster	[12, 9, 9, 9, 14, 6, 13, 10, 15, 3, 14, 13, 15, 8, 6, 15, 13, 3, 13, 3, 6, 13, 6, 16, 15, 6, 7, 8, 4, 3, 1, 15, 3, 5, 11, 6, 2, 15, 11, 6, 13, 13, 13, 13, 13, 1, 8, 6, 8, 8, 7, 11, 11, 1, 11, 2, 2, 5, 8, 5]
centers	[[-0.6269039218287488, -0.32932071593347223, 1.9850802913763645, -0.6268702311637232, -0.4019854224504204], [-0.7562773670217023, -0.6849663208906405, 1.8385532629830472, -0.6820239448818154, 0.2847143698111106], [-0.5280185745682071, -0.5503380258685759, 1.99694606465557, -0.4561381408102282, -0.46245132340855866], [-0.8580541025868073, -0.9281565619484745, 1.843227331482771, -0.06823306044535611, 0.011216393497866788], [-0.8141548228980975, -0.6619369195887962, 1.6580709771917805, -0.8360168037209729, 0.654037569016086], [-0.5662236468917359, -0.2555571109886373, 1.9832862657093366, -0.5739917912154385, -0.5875137166135248], [-0.8346846437904982, -0.613573627628299, 1.9419660814099897, -0.3343098470524686, -0.15939796293872438], [-0.7224527134423192, -0.48822059981721894, 1.956442173407449, -0.6226196725457602, -0.1231491876021505], [1.492548973877131, -0.8279667302659331, 0.8541075542779509, -0.7579243188534157, -0.7607654790357329], [-0.20291677221436993, -0.34898526583171796, 1.960476052172298, -0.6766524271895527, -0.7319215869366573], [-0.7632486046030006, -0.5199312582131204, 1.905324082542006, -0.7083679477724778, 0.08622372804659281], [1.8045031479067497, -1.0872252627943084, 0.21728350348563813, -0.6645051878594238, -0.27005620073865566], [-0.5851617137034382, -0.3419324592675188, 1.987713841676992, -0.4372645990288249, -0.6233550696772099], [-0.531819555653757, -0.61080457045791, 1.9698184695190477, -0.6485576765011927, -0.17863666690618807], [-0.5904344545611487, -0.43388754603790086, 1.965691082145576, -0.2005123152078534, -0.7408567663386728], [-0.5340274075270507, -0.6709575120211662, 1.9135982103052647, 0.06504179963470483, -0.7736550903917528]]
totts	39.663330910096775
withinss	[0.01031102718007343, 0.0971059463446772, 0.04303813513265156, 0.0, 0.0693085069291598, 0.04814391504588221, 0.03685180625449533, 0.05529459491174215, 0.6121666580235566, 0.0, 0.03821757040156445, 0.0, 0.0988977326449883, 0.022725631123253008, 0.06068031032300509, 0.0]
tot.withinss	1.192741834315049
betweenss	38.470589075781724
size	[3, 3, 5, 1, 3, 8, 2, 6, 3, 1, 5, 1, 10, 2, 6, 1]
=====クラスタ数17個のとき＝＝＝＝＝
cluster	[16, 16, 16, 16, 11, 17, 3, 12, 14, 6, 11, 15, 14, 7, 17, 14, 3, 6, 15, 15, 17, 10, 17, 14, 14, 17, 13, 7, 8, 6, 9, 14, 6, 2, 4, 17, 1, 3, 4, 17, 15, 10, 10, 10, 10, 9, 7, 17, 7, 7, 13, 4, 4, 9, 4, 1, 1, 5, 7, 2]
centers	[[-0.7562773670217023, -0.6849663208906405, 1.8385532629830472, -0.6820239448818154, 0.2847143698111106], [-0.8008233591601615, -0.649789265555454, 1.7098759562020285, -0.8280385022551477, 0.568775170768735], [-0.5297032861111907, -0.39596536516574227, 1.9854548429627694, -0.36687941779228206, -0.6929067738935545], [-0.7632486046030006, -0.5199312582131204, 1.905324082542006, -0.7083679477724778, 0.08622372804659281], [-0.8408177503739697, -0.6862322276554802, 1.5544610191712849, -0.8519734066526236, 0.8245623655107882], [-0.5345501328804176, -0.5742942369621463, 1.996332444664971, -0.43979829828724704, -0.4476897765351602], [-0.7224527134423192, -0.48822059981721894, 1.956442173407449, -0.6226196725457602, -0.1231491876021505], [-0.8580541025868073, -0.9281565619484745, 1.843227331482771, -0.06823306044535611, 0.011216393497866788], [-0.6269039218287488, -0.32932071593347223, 1.9850802913763645, -0.6268702311637232, -0.4019854224504204], [-0.6121931396151657, -0.3045013123207898, 1.9838411644060634, -0.4237654391366684, -0.6433812733334393], [-0.531819555653757, -0.61080457045791, 1.9698184695190477, -0.6485576765011927, -0.17863666690618807], [-0.20291677221436993, -0.34898526583171796, 1.960476052172298, -0.6766524271895527, -0.7319215869366573], [-0.8346846437904982, -0.613573627628299, 1.9419660814099897, -0.3343098470524686, -0.15939796293872438], [-0.5935262531251952, -0.4718300826105007, 1.9539517558462078, -0.13668086718331465, -0.7519145529271974], [-0.5547276345217793, -0.40168435241346845, 1.9962506946426821, -0.49815623516068536, -0.5416824725467491], [1.5705375173845355, -0.892781363398027, 0.6949015415798727, -0.7345695361049176, -0.6380881594614636], [-0.5662236468917359, -0.2555571109886373, 1.9832862657093366, -0.5739917912154385, -0.5875137166135248]]
totts	39.663330910096775
withinss	[0.0971059463446772, 0.007254232189171497, 0.01762386096201728, 0.03821757040156445, 0.0, 0.021001504068456866, 0.05529459491174215, 0.0, 0.01031102718007343, 0.01678067364093236, 0.022725631123253008, 0.0, 0.03685180625449533, 0.13871004877659274, 0.017322243875300163, 1.226865154193539, 0.04814391504588221]
tot.withinss	1.7542082089676976
betweenss	37.90912270112908
size	[3, 2, 3, 5, 1, 4, 6, 1, 3, 5, 2, 1, 2, 6, 4, 4, 8]
=====クラスタ数18個のとき＝＝＝＝＝
cluster	[15, 2, 2, 2, 4, 1, 16, 7, 6, 4, 5, 12, 6, 5, 1, 6, 18, 4, 16, 12, 16, 16, 1, 13, 18, 1, 10, 5, 17, 12, 8, 6, 12, 3, 11, 1, 14, 18, 11, 1, 12, 9, 16, 9, 9, 8, 5, 1, 5, 5, 10, 11, 11, 8, 11, 14, 14, 3, 5, 3]
centers	[[-0.5673156695317573, -0.2505830541726545, 1.982674261908933, -0.581813060714697, -0.5829624774898242], [1.492548973877131, -0.8279667302659331, 0.8541075542779509, -0.7579243188534157, -0.7607654790357329], [-0.8141548228980975, -0.6619369195887962, 1.6580709771917805, -0.8360168037209729, 0.654037569016086], [-0.5025395666759884, -0.6289291229168642, 1.990262877421492, -0.49502049395027287, -0.3637736938783667], [-0.7029789031950485, -0.5029561425900027, 1.956561250165661, -0.6312387415740964, -0.11938746280651337], [-0.6222224310213444, -0.42021444023628807, 1.9585940673857956, -0.162206586241591, -0.753950609886572], [-0.20291677221436993, -0.34898526583171796, 1.960476052172298, -0.6766524271895527, -0.7319215869366573], [-0.6269039218287488, -0.32932071593347223, 1.9850802913763645, -0.6268702311637232, -0.4019854224504204], [-0.6291418174604774, -0.2841902011193978, 1.9800154836262325, -0.4072994056309545, -0.659384059415403], [-0.8346846437904982, -0.613573627628299, 1.9419660814099897, -0.3343098470524686, -0.15939796293872438], [-0.7632486046030006, -0.5199312582131204, 1.905324082542006, -0.7083679477724778, 0.08622372804659281], [-0.5580047407606982, -0.4589474902573129, 1.9977256027571488, -0.47592525978008127, -0.5048481119590565], [-0.5340274075270507, -0.6709575120211662, 1.9135982103052647, 0.06504179963470483, -0.7736550903917528], [-0.7562773670217023, -0.6849663208906405, 1.8385532629830472, -0.6820239448818154, 0.2847143698111106], [1.8045031479067497, -1.0872252627943084, 0.21728350348563813, -0.6645051878594238, -0.27005620073865566], [-0.5522784333220567, -0.33731051918298005, 1.9899702260309238, -0.47266433378945666, -0.6277169397364301], [-0.8580541025868073, -0.9281565619484745, 1.843227331482771, -0.06823306044535611, 0.011216393497866788], [-0.5450165161138121, -0.43114982279323427, 1.9807520856432754, -0.2970272253358917, -0.7075585214003373]]
totts	39.663330910096775
withinss	[0.04208503214880619, 0.6121666580235566, 0.0693085069291598, 0.04013769372411597, 0.0840569765310251, 0.021663403933889568, 0.0, 0.01031102718007343, 0.006825132216466135, 0.03685180625449533, 0.03821757040156445, 0.02856928759162177, 0.0, 0.0971059463446772, 0.0, 0.018942581887888714, 0.0, 0.014471306674107934]
tot.withinss	1.1207129298414482
betweenss	38.54261798025533
size	[7, 3, 3, 3, 7, 4, 1, 3, 3, 2, 5, 5, 1, 3, 1, 5, 1, 3]
=====クラスタ数19個のとき＝＝＝＝＝
cluster	[2, 16, 16, 16, 19, 7, 3, 4, 10, 8, 19, 11, 10, 1, 7, 10, 3, 8, 11, 11, 7, 3, 7, 5, 10, 7, 9, 1, 13, 8, 6, 10, 8, 14, 18, 7, 17, 10, 18, 7, 11, 3, 3, 3, 3, 6, 1, 7, 1, 1, 9, 18, 18, 6, 18, 17, 12, 15, 1, 14]
centers	[[-0.7224527134423192, -0.48822059981721894, 1.956442173407449, -0.6226196725457602, -0.1231491876021505], [1.8045031479067497, -1.0872252627943084, 0.21728350348563813, -0.6645051878594238, -0.27005620073865566], [-0.5906569914666614, -0.3238714806450869, 1.984505168973879, -0.4145026515068087, -0.6554740453553222], [-0.20291677221436993, -0.34898526583171796, 1.960476052172298, -0.6766524271895527, -0.7319215869366573], [-0.5340274075270507, -0.6709575120211662, 1.9135982103052647, 0.06504179963470483, -0.7736550903917528], [-0.6269039218287488, -0.32932071593347223, 1.9850802913763645, -0.6268702311637232, -0.4019854224504204], [-0.5662236468917359, -0.2555571109886373, 1.9832862657093366, -0.5739917912154385, -0.5875137166135248], [-0.5345501328804176, -0.5742942369621463, 1.996332444664971, -0.43979829828724704, -0.4476897765351602], [-0.8346846437904982, -0.613573627628299, 1.9419660814099897, -0.3343098470524686, -0.15939796293872438], [-0.5904344545611487, -0.43388754603790086, 1.965691082145576, -0.2005123152078534, -0.7408567663386728], [-0.5547276345217793, -0.40168435241346845, 1.9962506946426821, -0.49815623516068536, -0.5416824725467491], [-0.8712621546166673, -0.7445901437682181, 1.817803675680413, -0.5262317250675579, 0.3242803477720301], [-0.8580541025868073, -0.9281565619484745, 1.843227331482771, -0.06823306044535611, 0.011216393497866788], [-0.8008233591601615, -0.649789265555454, 1.7098759562020285, -0.8280385022551477, 0.568775170768735], [-0.8408177503739697, -0.6862322276554802, 1.5544610191712849, -0.8519734066526236, 0.8245623655107882], [1.492548973877131, -0.8279667302659331, 0.8541075542779509, -0.7579243188534157, -0.7607654790357329], [-0.69878497322422, -0.6551544094518515, 1.8489280566343647, -0.7599200547889441, 0.2649313808306508], [-0.7632486046030006, -0.5199312582131204, 1.905324082542006, -0.7083679477724778, 0.08622372804659281], [-0.531819555653757, -0.61080457045791, 1.9698184695190477, -0.6485576765011927, -0.17863666690618807]]
totts	39.663330910096775
withinss	[0.05529459491174215, 0.0, 0.045585011721344035, 0.0, 0.0, 0.01031102718007343, 0.04814391504588221, 0.021001504068456866, 0.03685180625449533, 0.06068031032300509, 0.017322243875300163, 0.0, 0.0, 0.007254232189171497, 0.0, 0.6121666580235566, 0.032540352285651976, 0.03821757040156445, 0.022725631123253008]
tot.withinss	1.008094857403497
betweenss	38.655236052693276
size	[6, 1, 7, 1, 1, 3, 8, 4, 2, 6, 4, 1, 1, 2, 1, 3, 2, 5, 2]
=====クラスタ数20個のとき＝＝＝＝＝
cluster	[14, 1, 1, 1, 18, 4, 5, 16, 6, 18, 20, 9, 6, 20, 4, 6, 5, 18, 15, 9, 15, 11, 15, 19, 7, 4, 17, 20, 2, 9, 12, 13, 9, 8, 10, 15, 3, 7, 10, 15, 9, 11, 11, 11, 11, 12, 20, 15, 20, 20, 17, 10, 10, 12, 10, 3, 3, 8, 20, 8]
centers	[[1.492548973877131, -0.8279667302659331, 0.8541075542779509, -0.7579243188534157, -0.7607654790357329], [-0.8580541025868073, -0.9281565619484745, 1.843227331482771, -0.06823306044535611, 0.011216393497866788], [-0.7562773670217023, -0.6849663208906405, 1.8385532629830472, -0.6820239448818154, 0.2847143698111106], [-0.5686105643181422, -0.1966967973079635, 1.9754506783666574, -0.6106887212912031, -0.599454595449349], [-0.5368166210954002, -0.37229690145582994, 1.9861651803934188, -0.3913456824321593, -0.6857059754100294], [-0.6298164208303195, -0.4046488843682005, 1.9628578337839249, -0.18750411853282004, -0.7408884100525848], [-0.5268585016407574, -0.4612337576411265, 1.979885111665136, -0.2771237731403781, -0.714669079242874], [-0.8141548228980975, -0.6619369195887962, 1.6580709771917805, -0.8360168037209729, 0.654037569016086], [-0.5580047407606982, -0.4589474902573129, 1.9977256027571488, -0.47592525978008127, -0.5048481119590565], [-0.7632486046030006, -0.5199312582131204, 1.905324082542006, -0.7083679477724778, 0.08622372804659281], [-0.6121931396151657, -0.3045013123207898, 1.9838411644060634, -0.4237654391366684, -0.6433812733334393], [-0.6269039218287488, -0.32932071593347223, 1.9850802913763645, -0.6268702311637232, -0.4019854224504204], [-0.599440461594419, -0.4669111078405509, 1.9458027681914078, -0.0863139893679039, -0.793137209388534], [1.8045031479067497, -1.0872252627943084, 0.21728350348563813, -0.6645051878594238, -0.27005620073865566], [-0.560154869592147, -0.30116596252327094, 1.9888692050130456, -0.5435267860247791, -0.5840215868728483], [-0.20291677221436993, -0.34898526583171796, 1.960476052172298, -0.6766524271895527, -0.7319215869366573], [-0.8346846437904982, -0.613573627628299, 1.9419660814099897, -0.3343098470524686, -0.15939796293872438], [-0.5025395666759884, -0.6289291229168642, 1.990262877421492, -0.49502049395027287, -0.3637736938783667], [-0.5340274075270507, -0.6709575120211662, 1.9135982103052647, 0.06504179963470483, -0.7736550903917528], [-0.7029789031950485, -0.5029561425900027, 1.956561250165661, -0.6312387415740964, -0.11938746280651337]]
totts	39.663330910096775
withinss	[0.6121666580235566, 0.0, 0.0971059463446772, 0.00990146129303748, 0.010053361607141814, 0.008118750504353745, 0.004378012404833058, 0.0693085069291598, 0.02856928759162177, 0.03821757040156445, 0.01678067364093236, 0.01031102718007343, 0.0, 0.0, 0.020533736283042066, 0.0, 0.03685180625449533, 0.04013769372411597, 0.0, 0.0840569765310251]
tot.withinss	1.0864914687136302
betweenss	38.57683944138314
size	[3, 1, 3, 3, 2, 3, 2, 3, 5, 5, 5, 3, 1, 1, 6, 1, 2, 3, 1, 7]
=====クラスタ数21個のとき＝＝＝＝＝
cluster	[3, 16, 16, 16, 20, 8, 14, 21, 10, 20, 4, 2, 10, 4, 8, 10, 14, 20, 5, 2, 5, 9, 5, 19, 10, 8, 1, 4, 12, 2, 15, 10, 2, 6, 18, 5, 11, 14, 18, 5, 2, 17, 9, 9, 9, 15, 4, 5, 4, 4, 13, 18, 18, 15, 18, 11, 7, 6, 4, 6]
centers	[[-0.7910334032655765, -0.5993570893335636, 1.962470568026994, -0.293412203634389, -0.27866787179346497], [-0.5580047407606982, -0.4589474902573129, 1.9977256027571488, -0.47592525978008127, -0.5048481119590565], [1.8045031479067497, -1.0872252627943084, 0.21728350348563813, -0.6645051878594238, -0.27005620073865566], [-0.7029789031950485, -0.5029561425900027, 1.956561250165661, -0.6312387415740964, -0.11938746280651337], [-0.560154869592147, -0.30116596252327094, 1.9888692050130456, -0.5435267860247791, -0.5840215868728483], [-0.8141548228980975, -0.6619369195887962, 1.6580709771917805, -0.8360168037209729, 0.654037569016086], [-0.8712621546166673, -0.7445901437682181, 1.817803675680413, -0.5262317250675579, 0.3242803477720301], [-0.5686105643181422, -0.1966967973079635, 1.9754506783666574, -0.6106887212912031, -0.599454595449349], [-0.6039885997570971, -0.3209386720185034, 1.9854992981843744, -0.41789610365744007, -0.6426759227513338], [-0.6054260222448242, -0.43200459672836766, 1.9620224649543967, -0.17702540054691857, -0.7475664454342864], [-0.69878497322422, -0.6551544094518515, 1.8489280566343647, -0.7599200547889441, 0.2649313808306508], [-0.8580541025868073, -0.9281565619484745, 1.843227331482771, -0.06823306044535611, 0.011216393497866788], [-0.8783358843154199, -0.6277901659230344, 1.9214615947929856, -0.37520749047054813, -0.04012805408398379], [-0.5297032861111907, -0.39596536516574227, 1.9854548429627694, -0.36687941779228206, -0.6929067738935545], [-0.6269039218287488, -0.32932071593347223, 1.9850802913763645, -0.6268702311637232, -0.4019854224504204], [1.492548973877131, -0.8279667302659331, 0.8541075542779509, -0.7579243188534157, -0.7607654790357329], [-0.6450112990474405, -0.2387518735299355, 1.977208629292819, -0.44724278105358173, -0.6462026756618613], [-0.7632486046030006, -0.5199312582131204, 1.905324082542006, -0.7083679477724778, 0.08622372804659281], [-0.5340274075270507, -0.6709575120211662, 1.9135982103052647, 0.06504179963470483, -0.7736550903917528], [-0.5025395666759884, -0.6289291229168642, 1.990262877421492, -0.49502049395027287, -0.3637736938783667], [-0.20291677221436993, -0.34898526583171796, 1.960476052172298, -0.6766524271895527, -0.7319215869366573]]
totts	39.663330910096775
withinss	[0.0, 0.02856928759162177, 0.0, 0.0840569765310251, 0.020533736283042066, 0.0693085069291598, 0.0, 0.00990146129303748, 0.009276727757875615, 0.035528121152963395, 0.032540352285651976, 0.0, 0.0, 0.01762386096201728, 0.01031102718007343, 0.6121666580235566, 0.0, 0.03821757040156445, 0.0, 0.04013769372411597, 0.0]
tot.withinss	1.008171980115705
betweenss	38.65515892998107
size	[1, 5, 1, 7, 6, 3, 1, 3, 4, 5, 2, 1, 1, 3, 3, 3, 1, 5, 1, 3, 1]
=====クラスタ数22個のとき＝＝＝＝＝
cluster	[13, 13, 13, 13, 5, 4, 14, 3, 22, 15, 17, 16, 22, 12, 4, 22, 19, 15, 16, 16, 8, 14, 8, 20, 19, 8, 21, 12, 11, 15, 10, 2, 15, 9, 1, 8, 18, 19, 7, 8, 16, 14, 14, 14, 14, 10, 12, 8, 1, 12, 6, 7, 7, 10, 7, 18, 18, 9, 1, 9]
centers	[[-0.7349577813152365, -0.4615139992572097, 1.9365738121881602, -0.7006387592787111, -0.039463272337002704], [-0.599440461594419, -0.4669111078405509, 1.9458027681914078, -0.0863139893679039, -0.793137209388534], [-0.20291677221436993, -0.34898526583171796, 1.960476052172298, -0.6766524271895527, -0.7319215869366573], [-0.5668091236541896, -0.17145960669878008, 1.9717101931377585, -0.6073298378701644, -0.6261116249146248], [-0.47750306959609023, -0.6302397416891157, 1.9823612283231622, -0.6141621972582709, -0.2604562197796856], [-0.8783358843154199, -0.6277901659230344, 1.9214615947929856, -0.37520749047054813, -0.04012805408398379], [-0.768220574202514, -0.5407582466617896, 1.9014930621501738, -0.697091697490296, 0.10457745620442588], [-0.566028487970918, -0.28358961241858976, 1.9871449565665291, -0.5628791089971966, -0.5746477471798247], [-0.8141548228980975, -0.6619369195887962, 1.6580709771917805, -0.8360168037209729, 0.654037569016086], [-0.6269039218287488, -0.32932071593347223, 1.9850802913763645, -0.6268702311637232, -0.4019854224504204], [-0.8580541025868073, -0.9281565619484745, 1.843227331482771, -0.06823306044535611, 0.011216393497866788], [-0.718300915728288, -0.49535122638753204, 1.962394941997387, -0.5968186765849081, -0.1519241232966586], [1.5705375173845355, -0.892781363398027, 0.6949015415798727, -0.7345695361049176, -0.6380881594614636], [-0.5922110658677845, -0.3160197352363598, 1.9848416915362666, -0.42744740513679025, -0.649163485295332], [-0.5345501328804176, -0.5742942369621463, 1.996332444664971, -0.43979829828724704, -0.4476897765351602], [-0.5547276345217793, -0.40168435241346845, 1.9962506946426821, -0.49815623516068536, -0.5416824725467491], [-0.5861360417114239, -0.5913693992267044, 1.9572757107149332, -0.6829531557441144, -0.09681711403269054], [-0.7562773670217023, -0.6849663208906405, 1.8385532629830472, -0.6820239448818154, 0.2847143698111106], [-0.5450165161138121, -0.43114982279323427, 1.9807520856432754, -0.2970272253358917, -0.7075585214003373], [-0.5340274075270507, -0.6709575120211662, 1.9135982103052647, 0.06504179963470483, -0.7736550903917528], [-0.7910334032655765, -0.5993570893335636, 1.962470568026994, -0.293412203634389, -0.27866787179346497], [-0.6298164208303195, -0.4046488843682005, 1.9628578337839249, -0.18750411853282004, -0.7408884100525848]]
totts	39.663330910096775
withinss	[0.012215211760987303, 0.0, 0.0, 0.0016452721381995622, 0.0, 0.0, 0.019474094311561274, 0.02034407664907685, 0.0693085069291598, 0.01031102718007343, 0.0, 0.03361430657329794, 1.226865154193539, 0.03417915087226103, 0.021001504068456866, 0.017322243875300163, 0.0, 0.0971059463446772, 0.014471306674107934, 0.0, 0.0, 0.008118750504353745]
tot.withinss	1.585976552075052
betweenss	38.07735435802172
size	[3, 1, 1, 2, 1, 1, 4, 6, 3, 3, 1, 4, 4, 6, 4, 4, 1, 3, 3, 1, 1, 3]
=====クラスタ数23個のとき＝＝＝＝＝
cluster	[7, 7, 7, 7, 17, 14, 8, 1, 13, 20, 17, 12, 13, 6, 14, 13, 10, 20, 8, 12, 15, 8, 15, 22, 19, 15, 4, 18, 2, 20, 3, 13, 12, 9, 5, 15, 23, 19, 5, 15, 12, 21, 8, 21, 21, 3, 18, 15, 18, 18, 4, 5, 5, 3, 5, 16, 11, 9, 18, 9]
centers	[[-0.20291677221436993, -0.34898526583171796, 1.960476052172298, -0.6766524271895527, -0.7319215869366573], [-0.8580541025868073, -0.9281565619484745, 1.843227331482771, -0.06823306044535611, 0.011216393497866788], [-0.6269039218287488, -0.32932071593347223, 1.9850802913763645, -0.6268702311637232, -0.4019854224504204], [-0.8346846437904982, -0.613573627628299, 1.9419660814099897, -0.3343098470524686, -0.15939796293872438], [-0.7632486046030006, -0.5199312582131204, 1.905324082542006, -0.7083679477724778, 0.08622372804659281], [-0.6945243277696564, -0.42078558312067615, 1.9744284325579016, -0.6208254349795463, -0.2382930866880226], [1.5705375173845355, -0.892781363398027, 0.6949015415798727, -0.7345695361049176, -0.6380881594614636], [-0.5507031695496745, -0.34904427180359576, 1.9905702094606141, -0.4610196910566635, -0.6298030770506805], [-0.8141548228980975, -0.6619369195887962, 1.6580709771917805, -0.8360168037209729, 0.654037569016086], [-0.5813325450599216, -0.37098195309745, 1.9824860335995542, -0.3368341297269189, -0.6933374057152637], [-0.8712621546166673, -0.7445901437682181, 1.817803675680413, -0.5262317250675579, 0.3242803477720301], [-0.5560303043596697, -0.43929771296371234, 1.9977558233413875, -0.4875255314701225, -0.5149022745478831], [-0.6222224310213444, -0.42021444023628807, 1.9585940673857956, -0.162206586241591, -0.753950609886572], [-0.5668091236541896, -0.17145960669878008, 1.9717101931377585, -0.6073298378701644, -0.6261116249146248], [-0.566028487970918, -0.28358961241858976, 1.9871449565665291, -0.5628791089971966, -0.5746477471798247], [-0.7933475623651507, -0.5712502624344276, 1.84180688816424, -0.7573317839980064, 0.2801227206333445], [-0.531819555653757, -0.61080457045791, 1.9698184695190477, -0.6485576765011927, -0.17863666690618807], [-0.7280383905768518, -0.5017076031565275, 1.9528449215773585, -0.622978520059003, -0.10012040778497608], [-0.5268585016407574, -0.4612337576411265, 1.979885111665136, -0.2771237731403781, -0.714669079242874], [-0.5320060389322291, -0.598031408831064, 1.9953440414538361, -0.43347448587082127, -0.43183210781972187], [-0.6291418174604774, -0.2841902011193978, 1.9800154836262325, -0.4072994056309545, -0.659384059415403], [-0.5340274075270507, -0.6709575120211662, 1.9135982103052647, 0.06504179963470483, -0.7736550903917528], [-0.6042223840832892, -0.7390585564692755, 1.8560492251044893, -0.7625083255798818, 0.24974004102795722]]
totts	39.663330910096775
withinss	[0.0, 0.0, 0.01031102718007343, 0.03685180625449533, 0.03821757040156445, 0.0, 1.226865154193539, 0.013333140689916912, 0.0693085069291598, 0.0, 0.0, 0.016055976617244807, 0.021663403933889568, 0.0016452721381995622, 0.02034407664907685, 0.0, 0.022725631123253008, 0.03259981270392684, 0.004378012404833058, 0.010653196742541738, 0.006825132216466135, 0.0, 0.0]
tot.withinss	1.5317777201781804
betweenss	38.13155318991859
size	[1, 1, 3, 2, 5, 1, 4, 4, 3, 1, 1, 4, 4, 2, 6, 1, 2, 5, 2, 3, 3, 1, 1]
=====クラスタ数24個のとき＝＝＝＝＝
cluster	[9, 20, 20, 10, 19, 24, 15, 5, 23, 17, 19, 16, 23, 8, 21, 23, 3, 17, 15, 16, 6, 15, 6, 2, 3, 12, 7, 8, 11, 17, 22, 23, 16, 14, 1, 6, 13, 3, 1, 6, 16, 4, 15, 4, 4, 22, 8, 12, 8, 8, 18, 1, 1, 22, 1, 13, 13, 14, 8, 14]
centers	[[-0.7632486046030006, -0.5199312582131204, 1.905324082542006, -0.7083679477724778, 0.08622372804659281], [-0.5340274075270507, -0.6709575120211662, 1.9135982103052647, 0.06504179963470483, -0.7736550903917528], [-0.5450165161138121, -0.43114982279323427, 1.9807520856432754, -0.2970272253358917, -0.7075585214003373], [-0.6291418174604774, -0.2841902011193978, 1.9800154836262325, -0.4072994056309545, -0.659384059415403], [-0.20291677221436993, -0.34898526583171796, 1.960476052172298, -0.6766524271895527, -0.7319215869366573], [-0.5534715145420328, -0.29124645124223697, 1.9880562048739536, -0.5485974579823999, -0.5947407811072841], [-0.7910334032655765, -0.5993570893335636, 1.962470568026994, -0.293412203634389, -0.27866787179346497], [-0.7224527134423192, -0.48822059981721894, 1.956442173407449, -0.6226196725457602, -0.1231491876021505], [1.8045031479067497, -1.0872252627943084, 0.21728350348563813, -0.6645051878594238, -0.27005620073865566], [1.3010137542037687, -0.9596789081451637, 1.076059961322008, -1.0433394096301158, -0.3740553977504978], [-0.8580541025868073, -0.9281565619484745, 1.843227331482771, -0.06823306044535611, 0.011216393497866788], [-0.5911424348286883, -0.26827593477129535, 1.9853224599516794, -0.5914424110267898, -0.534461679324906], [-0.7562773670217023, -0.6849663208906405, 1.8385532629830472, -0.6820239448818154, 0.2847143698111106], [-0.8141548228980975, -0.6619369195887962, 1.6580709771917805, -0.8360168037209729, 0.654037569016086], [-0.5507031695496745, -0.34904427180359576, 1.9905702094606141, -0.4610196910566635, -0.6298030770506805], [-0.5560303043596697, -0.43929771296371234, 1.9977558233413875, -0.4875255314701225, -0.5149022745478831], [-0.5320060389322291, -0.598031408831064, 1.9953440414538361, -0.43347448587082127, -0.43183210781972187], [-0.8783358843154199, -0.6277901659230344, 1.9214615947929856, -0.37520749047054813, -0.04012805408398379], [-0.531819555653757, -0.61080457045791, 1.9698184695190477, -0.6485576765011927, -0.17863666690618807], [1.5883165837138118, -0.7621106413263179, 0.7431313507559224, -0.6152167734650655, -0.9541205196783504], [-0.5876016232481183, -0.17171919583506653, 1.972087639668342, -0.5876016232481183, -0.625165197337039], [-0.6269039218287488, -0.32932071593347223, 1.9850802913763645, -0.6268702311637232, -0.4019854224504204], [-0.6222224310213444, -0.42021444023628807, 1.9585940673857956, -0.162206586241591, -0.753950609886572], [-0.5460166240602609, -0.17120001756249364, 1.9713327466071753, -0.6270580524922105, -0.6270580524922105]]
totts	39.663330910096775
withinss	[0.03821757040156445, 0.0, 0.014471306674107934, 0.006825132216466135, 0.0, 0.007206183498683073, 0.0, 0.05529459491174215, 0.0, 0.0, 0.0, 0.003239924701658194, 0.0971059463446772, 0.0693085069291598, 0.013333140689916912, 0.016055976617244807, 0.010653196742541738, 0.0, 0.022725631123253008, 0.11071190275300304, 0.0, 0.01031102718007343, 0.021663403933889568, 0.0]
tot.withinss	0.4971234447179814
betweenss	39.1662074653788
size	[5, 1, 3, 3, 1, 4, 1, 6, 1, 1, 1, 2, 3, 3, 4, 4, 3, 1, 2, 2, 1, 3, 4, 1]
=====クラスタ数25個のとき＝＝＝＝＝
cluster	[25, 20, 20, 20, 22, 15, 1, 24, 11, 21, 22, 16, 11, 6, 15, 11, 14, 21, 4, 16, 19, 9, 19, 12, 13, 2, 23, 6, 23, 21, 17, 11, 16, 5, 3, 19, 8, 13, 3, 19, 16, 7, 9, 7, 7, 17, 6, 2, 6, 6, 23, 3, 3, 17, 3, 8, 18, 10, 6, 5]
centers	[[-0.49230069713087876, -0.37361184981420986, 1.9898443271872834, -0.4458572351373996, -0.6780745451047953], [-0.5911424348286883, -0.26827593477129535, 1.9853224599516794, -0.5914424110267898, -0.534461679324906], [-0.7632486046030006, -0.5199312582131204, 1.905324082542006, -0.7083679477724778, 0.08622372804659281], [-0.5369717353734218, -0.3526292791544176, 1.9932771395035547, -0.5012925502987758, -0.6023835746769394], [-0.8008233591601615, -0.649789265555454, 1.7098759562020285, -0.8280385022551477, 0.568775170768735], [-0.7224527134423192, -0.48822059981721894, 1.956442173407449, -0.6226196725457602, -0.1231491876021505], [-0.6291418174604774, -0.2841902011193978, 1.9800154836262325, -0.4072994056309545, -0.659384059415403], [-0.69878497322422, -0.6551544094518515, 1.8489280566343647, -0.7599200547889441, 0.2649313808306508], [-0.5867701228471985, -0.3349679791228779, 1.9895796855758094, -0.44846448939523925, -0.6193770942104937], [-0.8408177503739697, -0.6862322276554802, 1.5544610191712849, -0.8519734066526236, 0.8245623655107882], [-0.6222224310213444, -0.42021444023628807, 1.9585940673857956, -0.162206586241591, -0.753950609886572], [-0.5340274075270507, -0.6709575120211662, 1.9135982103052647, 0.06504179963470483, -0.7736550903917528], [-0.5268585016407574, -0.4612337576411265, 1.979885111665136, -0.2771237731403781, -0.714669079242874], [-0.5813325450599216, -0.37098195309745, 1.9824860335995542, -0.3368341297269189, -0.6933374057152637], [-0.5668091236541896, -0.17145960669878008, 1.9717101931377585, -0.6073298378701644, -0.6261116249146248], [-0.5560303043596697, -0.43929771296371234, 1.9977558233413875, -0.4875255314701225, -0.5149022745478831], [-0.6269039218287488, -0.32932071593347223, 1.9850802913763645, -0.6268702311637232, -0.4019854224504204], [-0.8712621546166673, -0.7445901437682181, 1.817803675680413, -0.5262317250675579, 0.3242803477720301], [-0.5534715145420328, -0.29124645124223697, 1.9880562048739536, -0.5485974579823999, -0.5947407811072841], [1.492548973877131, -0.8279667302659331, 0.8541075542779509, -0.7579243188534157, -0.7607654790357329], [-0.5320060389322291, -0.598031408831064, 1.9953440414538361, -0.43347448587082127, -0.43183210781972187], [-0.531819555653757, -0.61080457045791, 1.9698184695190477, -0.6485576765011927, -0.17863666690618807], [-0.8424744633892679, -0.7184346057350242, 1.9090531647675835, -0.24561758485009774, -0.10252651079319398], [-0.20291677221436993, -0.34898526583171796, 1.960476052172298, -0.6766524271895527, -0.7319215869366573], [1.8045031479067497, -1.0872252627943084, 0.21728350348563813, -0.6645051878594238, -0.27005620073865566]]
totts	39.663330910096775
withinss	[0.0, 0.003239924701658194, 0.03821757040156445, 0.0, 0.007254232189171497, 0.05529459491174215, 0.006825132216466135, 0.032540352285651976, 0.0006431351182285949, 0.0, 0.021663403933889568, 0.0, 0.004378012404833058, 0.0, 0.0016452721381995622, 0.016055976617244807, 0.01031102718007343, 0.0, 0.007206183498683073, 0.6121666580235566, 0.010653196742541738, 0.022725631123253008, 0.17629447952153077, 0.0, 0.0]
tot.withinss	1.0271147830082887
betweenss	38.63621612708849
size	[1, 2, 5, 1, 2, 6, 3, 2, 2, 1, 4, 1, 2, 1, 2, 4, 3, 1, 4, 3, 3, 2, 3, 1, 1]
=====クラスタ数26個のとき＝＝＝＝＝
cluster	[10, 10, 10, 10, 20, 15, 8, 21, 1, 7, 20, 13, 1, 23, 15, 1, 2, 7, 6, 13, 12, 6, 12, 18, 3, 17, 25, 14, 11, 7, 4, 1, 13, 5, 24, 12, 16, 3, 22, 12, 13, 26, 6, 19, 19, 4, 14, 17, 14, 14, 9, 22, 22, 4, 22, 16, 16, 5, 24, 5]
centers	[[-0.6222224310213444, -0.42021444023628807, 1.9585940673857956, -0.162206586241591, -0.753950609886572], [-0.5813325450599216, -0.37098195309745, 1.9824860335995542, -0.3368341297269189, -0.6933374057152637], [-0.5268585016407574, -0.4612337576411265, 1.979885111665136, -0.2771237731403781, -0.714669079242874], [-0.6269039218287488, -0.32932071593347223, 1.9850802913763645, -0.6268702311637232, -0.4019854224504204], [-0.8141548228980975, -0.6619369195887962, 1.6580709771917805, -0.8360168037209729, 0.654037569016086], [-0.5701706603559397, -0.34085507913339114, 1.9908121702183912, -0.46607384302975147, -0.6137125876993089], [-0.5320060389322291, -0.598031408831064, 1.9953440414538361, -0.43347448587082127, -0.43183210781972187], [-0.49230069713087876, -0.37361184981420986, 1.9898443271872834, -0.4458572351373996, -0.6780745451047953], [-0.8783358843154199, -0.6277901659230344, 1.9214615947929856, -0.37520749047054813, -0.04012805408398379], [1.5705375173845355, -0.892781363398027, 0.6949015415798727, -0.7345695361049176, -0.6380881594614636], [-0.8580541025868073, -0.9281565619484745, 1.843227331482771, -0.06823306044535611, 0.011216393497866788], [-0.5534715145420328, -0.29124645124223697, 1.9880562048739536, -0.5485974579823999, -0.5947407811072841], [-0.5560303043596697, -0.43929771296371234, 1.9977558233413875, -0.4875255314701225, -0.5149022745478831], [-0.7258830554808517, -0.5156300799641144, 1.955566125611755, -0.6049663442638363, -0.10908664590295244], [-0.5668091236541896, -0.17145960669878008, 1.9717101931377585, -0.6073298378701644, -0.6261116249146248], [-0.7562773670217023, -0.6849663208906405, 1.8385532629830472, -0.6820239448818154, 0.2847143698111106], [-0.5911424348286883, -0.26827593477129535, 1.9853224599516794, -0.5914424110267898, -0.534461679324906], [-0.5340274075270507, -0.6709575120211662, 1.9135982103052647, 0.06504179963470483, -0.7736550903917528], [-0.6212070766669957, -0.3069093649141289, 1.9814189107929394, -0.38732771791964093, -0.6659747512921739], [-0.531819555653757, -0.61080457045791, 1.9698184695190477, -0.6485576765011927, -0.17863666690618807], [-0.20291677221436993, -0.34898526583171796, 1.960476052172298, -0.6766524271895527, -0.7319215869366573], [-0.768220574202514, -0.5407582466617896, 1.9014930621501738, -0.697091697490296, 0.10457745620442588], [-0.6945243277696564, -0.42078558312067615, 1.9744284325579016, -0.6208254349795463, -0.2382930866880226], [-0.7400102285828991, -0.4413205001723118, 1.931304134774553, -0.7242500860704371, -0.02572331994890506], [-0.7910334032655765, -0.5993570893335636, 1.962470568026994, -0.293412203634389, -0.27866787179346497], [-0.6450112990474405, -0.2387518735299355, 1.977208629292819, -0.44724278105358173, -0.6462026756618613]]
totts	39.663330910096775
withinss	[0.021663403933889568, 0.0, 0.004378012404833058, 0.01031102718007343, 0.0693085069291598, 0.004566505654432149, 0.010653196742541738, 0.0, 0.0, 1.226865154193539, 0.0, 0.007206183498683073, 0.016055976617244807, 0.0203854590220289, 0.0016452721381995622, 0.0971059463446772, 0.003239924701658194, 0.0, 0.0006847583029266448, 0.022725631123253008, 0.0, 0.019474094311561274, 0.0, 0.004971080721663512, 0.0, 0.0]
tot.withinss	1.5412401338203647
betweenss	38.12209077627641
size	[4, 1, 2, 3, 3, 3, 3, 1, 1, 4, 1, 4, 4, 4, 2, 3, 2, 1, 2, 2, 1, 4, 1, 2, 1, 1]
=====クラスタ数27個のとき＝＝＝＝＝
cluster	[14, 14, 14, 14, 25, 16, 8, 9, 13, 27, 25, 11, 13, 12, 16, 13, 23, 27, 18, 5, 1, 18, 1, 17, 20, 6, 4, 12, 7, 15, 10, 21, 15, 22, 3, 1, 26, 20, 2, 1, 11, 19, 18, 23, 23, 10, 12, 6, 3, 12, 24, 2, 2, 10, 2, 26, 26, 22, 3, 22]
centers	[[-0.5534715145420328, -0.29124645124223697, 1.9880562048739536, -0.5485974579823999, -0.5947407811072841], [-0.768220574202514, -0.5407582466617896, 1.9014930621501738, -0.697091697490296, 0.10457745620442588], [-0.7349577813152365, -0.4615139992572097, 1.9365738121881602, -0.7006387592787111, -0.039463272337002704], [-0.7910334032655765, -0.5993570893335636, 1.962470568026994, -0.293412203634389, -0.27866787179346497], [-0.5018923413193651, -0.45451318149429487, 1.9994005446179657, -0.5214975109021529, -0.5214975109021529], [-0.5911424348286883, -0.26827593477129535, 1.9853224599516794, -0.5914424110267898, -0.534461679324906], [-0.8580541025868073, -0.9281565619484745, 1.843227331482771, -0.06823306044535611, 0.011216393497866788], [-0.49230069713087876, -0.37361184981420986, 1.9898443271872834, -0.4458572351373996, -0.6780745451047953], [-0.20291677221436993, -0.34898526583171796, 1.960476052172298, -0.6766524271895527, -0.7319215869366573], [-0.6269039218287488, -0.32932071593347223, 1.9850802913763645, -0.6268702311637232, -0.4019854224504204], [-0.5900232306971651, -0.39979747450258074, 1.9961625472246043, -0.4849174397209064, -0.521424402303952], [-0.718300915728288, -0.49535122638753204, 1.962394941997387, -0.5968186765849081, -0.1519241232966586], [-0.6298164208303195, -0.4046488843682005, 1.9628578337839249, -0.18750411853282004, -0.7408884100525848], [1.5705375173845355, -0.892781363398027, 0.6949015415798727, -0.7345695361049176, -0.6380881594614636], [-0.5540424505448978, -0.5203146603935541, 1.998451187359285, -0.44414695427822015, -0.4799471221426129], [-0.5668091236541896, -0.17145960669878008, 1.9717101931377585, -0.6073298378701644, -0.6261116249146248], [-0.5340274075270507, -0.6709575120211662, 1.9135982103052647, 0.06504179963470483, -0.7736550903917528], [-0.5701706603559397, -0.34085507913339114, 1.9908121702183912, -0.46607384302975147, -0.6137125876993089], [-0.6450112990474405, -0.2387518735299355, 1.977208629292819, -0.44724278105358173, -0.6462026756618613], [-0.5268585016407574, -0.4612337576411265, 1.979885111665136, -0.2771237731403781, -0.714669079242874], [-0.599440461594419, -0.4669111078405509, 1.9458027681914078, -0.0863139893679039, -0.793137209388534], [-0.8141548228980975, -0.6619369195887962, 1.6580709771917805, -0.8360168037209729, 0.654037569016086], [-0.6079155661313044, -0.32826689430856926, 1.9817746183951443, -0.3704965218554002, -0.6750956360998704], [-0.8783358843154199, -0.6277901659230344, 1.9214615947929856, -0.37520749047054813, -0.04012805408398379], [-0.531819555653757, -0.61080457045791, 1.9698184695190477, -0.6485576765011927, -0.17863666690618807], [-0.7562773670217023, -0.6849663208906405, 1.8385532629830472, -0.6820239448818154, 0.2847143698111106], [-0.5150578152159375, -0.6282738135307384, 1.9942137019706572, -0.4354496422962738, -0.41543243092770743]]
totts	39.663330910096775
withinss	[0.007206183498683073, 0.019474094311561274, 0.012215211760987303, 0.0, 0.0, 0.003239924701658194, 0.0, 0.0, 0.0, 0.01031102718007343, 0.0006826420266114847, 0.03361430657329794, 0.008118750504353745, 1.226865154193539, 0.001773423736826793, 0.0016452721381995622, 0.0, 0.004566505654432149, 0.0, 0.004378012404833058, 0.0, 0.0693085069291598, 0.006681245559014006, 0.0, 0.022725631123253008, 0.0971059463446772, 0.001797354893115315]
tot.withinss	1.5317091935342761
betweenss	38.1316217165625
size	[4, 4, 3, 1, 1, 2, 1, 1, 1, 3, 2, 4, 3, 4, 2, 2, 1, 3, 1, 2, 1, 3, 3, 1, 2, 3, 2]
=====クラスタ数28個のとき＝＝＝＝＝
cluster	[27, 19, 19, 19, 20, 11, 22, 24, 28, 13, 20, 18, 28, 14, 17, 8, 26, 13, 10, 18, 10, 6, 25, 5, 28, 25, 7, 1, 9, 21, 4, 8, 21, 16, 2, 10, 23, 22, 12, 10, 18, 6, 6, 6, 26, 4, 14, 15, 2, 14, 3, 12, 12, 15, 12, 23, 23, 16, 2, 16]
centers	[[-0.7242852357242276, -0.5864684668908694, 1.960651092029271, -0.5200507469711786, -0.1298466424429954], [-0.7349577813152365, -0.4615139992572097, 1.9365738121881602, -0.7006387592787111, -0.039463272337002704], [-0.8783358843154199, -0.6277901659230344, 1.9214615947929856, -0.37520749047054813, -0.04012805408398379], [-0.6306940846720401, -0.3261800471967681, 1.9826134902084518, -0.6500086698453229, -0.375730688494321], [-0.5340274075270507, -0.6709575120211662, 1.9135982103052647, 0.06504179963470483, -0.7736550903917528], [-0.6076233586258817, -0.303664694164134, 1.9847822173121388, -0.4367367678667168, -0.6367573966554063], [-0.7910334032655765, -0.5993570893335636, 1.962470568026994, -0.293412203634389, -0.27866787179346497], [-0.6326324986949712, -0.44884115663799157, 1.951970460146614, -0.11463239514038781, -0.7558644096732634], [-0.8580541025868073, -0.9281565619484745, 1.843227331482771, -0.06823306044535611, 0.011216393497866788], [-0.5539264360226452, -0.309629161712473, 1.9896314821254952, -0.527329902585476, -0.598745981804901], [-0.5460166240602609, -0.17120001756249364, 1.9713327466071753, -0.6270580524922105, -0.6270580524922105], [-0.768220574202514, -0.5407582466617896, 1.9014930621501738, -0.697091697490296, 0.10457745620442588], [-0.5150578152159375, -0.6282738135307384, 1.9942137019706572, -0.4354496422962738, -0.41543243092770743], [-0.7163061423963081, -0.46497881288641946, 1.962976225320092, -0.6224079864561513, -0.15928328358121302], [-0.6146975100767478, -0.31249137221157053, 1.9888635823955467, -0.5730358438604115, -0.488638856246817], [-0.8141548228980975, -0.6619369195887962, 1.6580709771917805, -0.8360168037209729, 0.654037569016086], [-0.5876016232481183, -0.17171919583506653, 1.972087639668342, -0.5876016232481183, -0.625165197337039], [-0.5606462675712318, -0.41803604349981877, 1.997241879689058, -0.4971107967813219, -0.5214487718366857], [1.492548973877131, -0.8279667302659331, 0.8541075542779509, -0.7579243188534157, -0.7607654790357329], [-0.531819555653757, -0.61080457045791, 1.9698184695190477, -0.6485576765011927, -0.17863666690618807], [-0.5540424505448978, -0.5203146603935541, 1.998451187359285, -0.44414695427822015, -0.4799471221426129], [-0.5038886566368252, -0.40845707119988844, 1.986939247644377, -0.38190206182496356, -0.6926914579827], [-0.7562773670217023, -0.6849663208906405, 1.8385532629830472, -0.6820239448818154, 0.2847143698111106], [-0.20291677221436993, -0.34898526583171796, 1.960476052172298, -0.6766524271895527, -0.7319215869366573], [-0.5536827475485095, -0.2631348078999018, 1.9849538396609216, -0.601884630009876, -0.5662516542026343], [-0.6059024043161119, -0.33941486902243156, 1.9812814931906577, -0.35435712697169697, -0.6816070928804174], [1.8045031479067497, -1.0872252627943084, 0.21728350348563813, -0.6645051878594238, -0.27005620073865566], [-0.5872883712780596, -0.4207802234552851, 1.9687238014929183, -0.21862073748460573, -0.7420344692749682]]
totts	39.663330910096775
withinss	[0.0, 0.012215211760987303, 0.0, 0.0027809513267408274, 0.0, 0.012088683239515013, 0.0, 0.007314937183022702, 0.0, 0.008353096557055994, 0.0, 0.019474094311561274, 0.001797354893115315, 0.01398506018197724, 0.0035595076730345404, 0.0693085069291598, 0.0, 0.008755611249102653, 0.6121666580235566, 0.022725631123253008, 0.001773423736826793, 0.011321656163166018, 0.0971059463446772, 0.0, 0.0024953972492683567, 0.0040925307402176125, 0.0, 0.011258356485776826]
tot.withinss	0.922572615172015
betweenss	38.74075829492476
size	[1, 3, 1, 2, 1, 4, 1, 2, 1, 4, 1, 4, 2, 3, 2, 3, 1, 3, 3, 2, 2, 2, 3, 1, 2, 2, 1, 3]
=====クラスタ数29個のとき＝＝＝＝＝
cluster	[15, 1, 1, 14, 11, 28, 23, 4, 9, 3, 11, 5, 9, 24, 28, 9, 25, 3, 21, 5, 26, 23, 2, 7, 18, 2, 10, 29, 12, 27, 20, 9, 27, 13, 16, 21, 19, 18, 16, 26, 5, 22, 23, 25, 25, 20, 29, 6, 29, 29, 17, 16, 16, 6, 16, 19, 8, 13, 29, 13]
centers	[[1.5883165837138118, -0.7621106413263179, 0.7431313507559224, -0.6152167734650655, -0.9541205196783504], [-0.5536827475485095, -0.2631348078999018, 1.9849538396609216, -0.601884630009876, -0.5662516542026343], [-0.5150578152159375, -0.6282738135307384, 1.9942137019706572, -0.4354496422962738, -0.41543243092770743], [-0.20291677221436993, -0.34898526583171796, 1.960476052172298, -0.6766524271895527, -0.7319215869366573], [-0.5606462675712318, -0.41803604349981877, 1.997241879689058, -0.4971107967813219, -0.5214487718366857], [-0.6146975100767478, -0.31249137221157053, 1.9888635823955467, -0.5730358438604115, -0.488638856246817], [-0.5340274075270507, -0.6709575120211662, 1.9135982103052647, 0.06504179963470483, -0.7736550903917528], [-0.8712621546166673, -0.7445901437682181, 1.817803675680413, -0.5262317250675579, 0.3242803477720301], [-0.6222224310213444, -0.42021444023628807, 1.9585940673857956, -0.162206586241591, -0.753950609886572], [-0.7910334032655765, -0.5993570893335636, 1.962470568026994, -0.293412203634389, -0.27866787179346497], [-0.531819555653757, -0.61080457045791, 1.9698184695190477, -0.6485576765011927, -0.17863666690618807], [-0.8580541025868073, -0.9281565619484745, 1.843227331482771, -0.06823306044535611, 0.011216393497866788], [-0.8141548228980975, -0.6619369195887962, 1.6580709771917805, -0.8360168037209729, 0.654037569016086], [1.3010137542037687, -0.9596789081451637, 1.076059961322008, -1.0433394096301158, -0.3740553977504978], [1.8045031479067497, -1.0872252627943084, 0.21728350348563813, -0.6645051878594238, -0.27005620073865566], [-0.7632486046030006, -0.5199312582131204, 1.905324082542006, -0.7083679477724778, 0.08622372804659281], [-0.8783358843154199, -0.6277901659230344, 1.9214615947929856, -0.37520749047054813, -0.04012805408398379], [-0.5268585016407574, -0.4612337576411265, 1.979885111665136, -0.2771237731403781, -0.714669079242874], [-0.69878497322422, -0.6551544094518515, 1.8489280566343647, -0.7599200547889441, 0.2649313808306508], [-0.6306940846720401, -0.3261800471967681, 1.9826134902084518, -0.6500086698453229, -0.375730688494321], [-0.535201112328253, -0.33754300561364475, 1.9924347037839796, -0.5306861781410488, -0.589004407701033], [-0.6450112990474405, -0.2387518735299355, 1.977208629292819, -0.44724278105358173, -0.6462026756618613], [-0.555280314275092, -0.3478492693533219, 1.9896678994463006, -0.44759540464262604, -0.6389429111752608], [-0.6945243277696564, -0.42078558312067615, 1.9744284325579016, -0.6208254349795463, -0.2382930866880226], [-0.6079155661313044, -0.32826689430856926, 1.9817746183951443, -0.3704965218554002, -0.6750956360998704], [-0.5726517597170375, -0.2817153178113013, 1.986828260467011, -0.5239736270299034, -0.6084875559087691], [-0.5540424505448978, -0.5203146603935541, 1.998451187359285, -0.44414695427822015, -0.4799471221426129], [-0.5668091236541896, -0.17145960669878008, 1.9717101931377585, -0.6073298378701644, -0.6261116249146248], [-0.7280383905768518, -0.5017076031565275, 1.9528449215773585, -0.622978520059003, -0.10012040778497608]]
totts	39.663330910096775
withinss	[0.11071190275300304, 0.0024953972492683567, 0.001797354893115315, 0.0, 0.008755611249102653, 0.0035595076730345404, 0.0, 0.0, 0.021663403933889568, 0.0, 0.022725631123253008, 0.0, 0.0693085069291598, 0.0, 0.0, 0.03821757040156445, 0.0, 0.004378012404833058, 0.032540352285651976, 0.0027809513267408274, 0.002548855839911891, 0.0, 0.009889854910639356, 0.0, 0.006681245559014006, 0.0008288753887783748, 0.001773423736826793, 0.0016452721381995622, 0.03259981270392684]
tot.withinss	0.3749015424999134
betweenss	39.28842936759686
size	[2, 2, 2, 1, 3, 2, 1, 1, 4, 1, 2, 1, 3, 1, 1, 5, 1, 2, 2, 2, 2, 1, 3, 1, 3, 2, 2, 2, 5]
##########################クラスタ数3個の時の平均##########################
cl[1] = [-0.5714816934658159, -0.3590061062664675, 1.9807986140961884, 1.3227853029722447, 0.9796247326645133]
cl[2] = [1.5705375173845355, -0.5792699163623335, 1.8392811229992099, 1.1251104400144876, 0.49385660369178536]
cl[3] = [-0.7626451354880165, -0.5578560853233414, 1.844711615750284, -0.03318084942879877, 1.9999829376893627]
##########################クラスタ数3個の時の標準偏差##########################
cl[1] = [0.0860387147673493, 0.11070515909948475, 0.023391567341354197, 0.8683123155858593, 1.2056716445633437]
cl[2] = [0.19304204507375136, 0.2584176413705584, 0.1555164249243208, 0.8989052784126595, 1.506447746068997]
cl[3] = [0.07652804426905946, 0.10146293072279752, 0.1039598470448838, 0.4234402041625487, 2.5687843208782494e-05]
##########################異常データ(標準化)##########################
[1.7882974315594882, -0.6328603947455873, 1.7263018753257988, -0.2062065211988931, 1.9999953799133579]
[1.783852303934138, -0.2678337348534132, 1.9819608665012767, -0.08049041379860919, 1.9999315265731534]
[1.9232002363970768, -0.21846049603344836, 1.9956039308077271, -0.5293880814381325, 1.9988778594410783]
[1.8236828177052313, -0.17463325561977236, 1.999930955676612, -0.644073880143778, 1.9710037029026382]
[1.323574142540898, -0.26304343048379364, 1.9942171637987456, -0.5097500466126464, 1.9998546502605254]

[1.5227757626471325, -0.23225558205058827, 1.9970841537405928, -0.5173022163463178, 1.9995794879844242]
[1.4168687912209488, -0.14163080819045634, 1.9999775749809832, 1.5976333645360268, 1.9318012889048242]
[0.8218770752466589, -0.28653655578856635, 1.9951519886915148, 1.984223399631198, 1.9887635155393146]
[1.2912830207268904, -0.24401366625494195, 1.9987027347091562, 1.9993293787276645, -0.2531526516649456]
[1.2030227540508893, -0.2074601024146428, 1.9995127825540882, 0.7778427483437359, 1.9983696749775257]

[1.3547442393023081, -0.37824727321038876, 1.9817632455866758, -0.03880417061502829, 1.9998811292475143]
[1.2889944423423323, -0.2572584519695189, 1.9900752746089254, -0.22862378001260586, 1.9998842558556835]
[0.3745740348164853, -0.23211327935644946, 1.9989363816069585, 0.44312201064775164, 1.9998393094274407]
[0.8379343140460381, -0.648788195967621, 1.6752658359213828, -0.2634156937369433, 1.999997440326671]
[1.5660424987446906, -0.5064861491245127, 1.909734447394646, -0.18049468483505124, 1.9999864921520312]

[0.36643168647090096, -0.4556660809556243, 1.970405043046354, 1.6937447390579137, 1.9999400571648789]
[1.0389905018031582, -0.3205320196047053, 1.9897971619888235, 0.735741081863254, 1.9999395960521784]
[-0.1316674254092705, -0.4424139103034247, 1.9981461401934788, 1.7691963285252184, 1.9998522202332276]
[0.6693418996170796, -0.29215951324680134, 1.9977969518191074, 1.9994213957372624, 1.322854778057657]
[0.8820124324038918, -0.43795070516588847, 1.9609559957008533, 1.2134979318905998, 1.9999875034286396]

[-0.18077744913128624, -0.5255833446960432, 1.875119727125469, 1.8482427341861476, 1.9999704430663765]
[0.9839141918192075, -0.4949932450550885, 1.925308404190136, 0.654208585994302, 1.9999937886335248]
[0.7697972197564023, -0.4486543213232201, 1.9321172218103106, 0.14959351782552574, 1.9999950698658415]
[0.44066058607883635, -0.6448954339542751, 1.8979062692478883, 1.0007524918652893, 1.9999887432279029]
[0.8524022034463045, -0.46986985541227877, 1.9687027556980854, 0.9350984783027759, 1.999980395511921]

[0.6772016132819096, -0.35539632764324003, 1.9867977776112091, 0.9201858611131473, 1.9999657683109748]
[0.41601854240511876, -0.5111143732588642, 1.9845154154809794, 0.3891535980814859, 1.9999780306523052]
[0.6168895155888031, -0.48763551465919136, 1.93249068323137, -0.13348404140258432, 1.999990900022459]
[0.73769799087902, -0.40979117762891515, 1.8902625631661392, -0.29297921274320704, 1.999994829329821]
[0.07725527548993781, -0.5661379174595287, 1.8485729925557919, -0.15197425093745276, 1.9999971319689833]

##########################逸脱度##########################
2.244178335197188
2.512669310096832
3.268501939235179
3.1739023944068387
2.904105642860498

2.689143019478143
2.3993551902858696
4.384811195858644
2.4532266765679824
2.811200241520244

2.3173491636909094
2.8084589101293234
6.543395308270017
4.3557623466669195
1.8423522053259855

6.422317715670634
3.2723502549576096
5.3130663391770465
5.031507238408233
3.826469541613633

6.661692162584821
3.3046794680131284
4.471590450810783
5.9567641357508965
3.96927810192443

4.910925029938222
6.195149724953182
5.277270606324187
4.758047619718035
7.928591653689872

##############################################################
タイムスロット0 = [29.67397365853005, 2.244178335197188, 33.36709778107877]
タイムスロット1 = [27.448399710303608, 2.512669310096832, 33.4840314025927]
タイムスロット2 = [29.120094564167328, 3.268501939235179, 55.65151981060604]
タイムスロット3 = [28.003858615729065, 3.1739023944068387, 1128.6446531595832]
タイムスロット4 = [22.167055977641756, 2.904105642860498, 27.926191425971076]
タイムスロット5 = [24.484284327942074, 2.689143019478143, 33.945193667023965]
タイムスロット6 = [23.223296844718234, 2.3993551902858696, 2654.397143299169]
タイムスロット7 = [16.25882855688047, 4.384811195858644, 437.287016209606]
タイムスロット8 = [21.72678537422067, 2.4532266765679824, 87712.14000400736]
タイムスロット9 = [20.71210578531345, 2.811200241520244, 67.98326939777289]
タイムスロット10 = [22.459404317953933, 2.3173491636909094, 28.037580015218477]
タイムスロット11 = [21.736953600374154, 2.8084589101293234, 27.28415398620503]
タイムスロット12 = [11.16076970612011, 6.543395308270017, 16.305216880707682]
タイムスロット13 = [21.209794506070214, 4.3557623466669195, 21.012113369670274]
タイムスロット14 = [25.13821135142233, 1.8423522053259855, 30.4421467570461]
タイムスロット15 = [10.985973716325049, 6.422317715670634, 15.47801828602863]
タイムスロット16 = [18.756474291136396, 3.2723502549576096, 23.828477990957825]
タイムスロット17 = [5.3130663391770465, 8.977209323062077, 10.745526404250274]
タイムスロット18 = [14.476397138037099, 5.031507238408233, 26359.87538378194]
タイムスロット19 = [16.95140579934913, 3.826469541613633, 21.753297070088255]
タイムスロット20 = [6.661692162584821, 9.167752716886886, 8.830389869493738]
タイムスロット21 = [18.30995672987367, 3.3046794680131284, 22.9055434327228]
タイムスロット22 = [15.828878134445713, 4.471590450810783, 20.081300725154474]
タイムスロット23 = [12.588386443473606, 5.9567641357508965, 15.94510465308134]
タイムスロット24 = [16.61524794740924, 3.96927810192443, 21.278905026279798]
タイムスロット25 = [14.547382692140538, 4.910925029938222, 19.114282120998606]
タイムスロット26 = [11.641134300723095, 6.195149724953182, 15.500483739423649]
タイムスロット27 = [14.139193535039418, 5.277270606324187, 18.063767058494]
タイムスロット28 = [15.839872254577067, 4.758047619718035, 19.679274533737818]
タイムスロット29 = [9.793219831222565, 7.928591653689872, 10.992914679638337]
