##########################通常データ(標準化)##########################
[1.2944154593156476, -0.3145816616561089, -0.5553248496702361, 1.7320508017049019]
[1.524449326813631, -0.13360953788776253, -0.5543206678020551, 1.7320290086283583]
[1.4542339260757453, -0.4258050548910809, -0.5565833391329765, 1.732033404055333]
[1.2655408980516214, -0.38353853208937316, -0.5393197856765862, 1.7320433324843116]
[1.6451098942268525, 0.0732429697472754, -0.5712174321675506, 1.7320460057277223]

[1.6576231322382748, 0.09954466557068095, -0.4741064592999424, 1.7320184234737923]
[1.073071830394253, -0.43631612199891545, -0.5525564214822001, 1.7320492576413469]
[1.5150737410568345, -0.1542132129650587, -0.5585574697965705, 1.7320431517506]
[1.4272146019872485, -0.31219785418951984, -0.5666111641832525, 1.7320493346597567]
[1.7067960237980755, 0.7716849843332605, -0.5183283369280066, 1.731997866556035]

[1.644478949069517, 0.09027368849886219, -0.5530493175282077, 1.7320421528750585]
[1.7084708847543792, 1.151932508131331, -0.5646806740708981, 1.7320179730300445]
[1.6607835189274316, 0.2782411400027703, -0.5463558516325776, 1.7320368431025321]
[1.6878763903888925, 0.49247575056608356, -0.5191773978263108, 1.7320275915857366]
[1.7002539562154688, 0.6661562119742496, -0.5713116220138283, 1.7319826893984365]

[1.6901963432920997, 0.5174218917839958, -0.5607990827320741, 1.7320110842135061]
[1.5523639669298055, -0.054598655389488486, -0.5534430058605592, 1.7320490168908362]
[1.6936379730707878, 0.6800243098766073, -0.5495335290930391, 1.7320428301296682]
[1.5546138440231925, -0.11394211305956904, -0.5648112898078461, 1.7320501734621188]
[1.1625487654820412, -0.3149497583836133, -0.5737664960797308, 1.7320506167665062]

[1.3452243898925063, -0.22184306903750717, -0.5681143133755397, 1.7320501515131206]
[1.5036368515986274, -0.19641704417205358, -0.568292794539364, 1.7320500547531963]
[1.4784695063136386, -0.19207609278705148, -0.554918325047804, 1.732049562042792]
[1.6867188944236509, 0.5158409680373804, -0.5628096594749273, 1.7320453883697726]
[1.5479485392037322, -0.12258222526032825, -0.5746733105235475, 1.7320455599129718]

[1.4364540499119414, -0.20775235142947826, -0.5604919933707058, 1.7320497786875824]
[1.132216291935047, -0.42126803553509085, -0.5706584768956969, 1.7320501468231455]
[1.1497184631053199, -0.423625013228289, -0.5701705668185, 1.7320493781264692]
[1.6098131046491833, -0.03972625459991083, -0.5584998185764246, 1.7320489148394278]
[1.2653268739822763, -0.34913906271823325, -0.5710422050456754, 1.7320501258866123]

##########################クラスタ数##########################
3
##########################クラスタリング結果##########################
=====クラスタ数1個のとき＝＝＝＝＝
cluster	[1, 1, 1, 1, 1, 1, 1, 1, 1, 1, 1, 1, 1, 1, 1, 1, 1, 1, 1, 1, 1, 1, 1, 1, 1, 1, 1, 1, 1, 1]
centers	[1.492476013037591, -0.6953721576045488, -1.0041913023548605, 0.20708744692181869]
totts	7.130625916141913
withinss	7.130625916141914
tot.withinss	7.130625916141914
betweenss	-8.881784197001252e-16
size	30
=====クラスタ数2個のとき＝＝＝＝＝
cluster	[1, 1, 1, 1, 2, 2, 1, 1, 1, 2, 2, 2, 2, 2, 2, 2, 2, 2, 2, 1, 1, 1, 1, 2, 2, 1, 1, 1, 2, 1]
centers	[[1.3351729983944254, -0.8190595178297411, -1.074920737410704, 0.5588072568460197], [1.649779027680757, -0.5716847973793567, -0.933461867299017, -0.1446323630023824]]
totts	7.130625916141913
withinss	[1.1810164288741059, 0.8870411121156272]
tot.withinss	2.068057540989733
betweenss	5.06256837515218
size	[15, 15]
=====クラスタ数3個のとき＝＝＝＝＝
cluster	[3, 1, 1, 3, 2, 2, 3, 1, 1, 2, 2, 2, 2, 2, 2, 2, 1, 2, 1, 3, 3, 1, 1, 2, 1, 1, 3, 3, 1, 3]
centers	[[1.5094792235057801, -0.7410557421701406, -1.0386759392360096, 0.27025245790037045], [1.680176905491403, -0.52865166120232, -0.9013041559004846, -0.2502210883885982], [1.211007871519839, -0.8617979113799249, -1.0982447530180472, 0.7490347928781332]]
totts	7.130625916141913
withinss	[0.22467239357256213, 0.24830534127852028, 0.18855709267622675]
tot.withinss	0.6615348275273092
betweenss	6.469091088614603
size	[11, 11, 8]
=====クラスタ数4個のとき＝＝＝＝＝
cluster	[4, 1, 1, 4, 3, 3, 4, 1, 1, 2, 3, 2, 2, 2, 2, 2, 3, 2, 3, 4, 1, 1, 1, 2, 3, 1, 4, 4, 3, 4]
centers	[[1.4605945492062717, -0.770898797857986, -1.0583957808451019, 0.36870002949681624], [1.6918417481088481, -0.49354315916898833, -0.8864285376011117, -0.31187005133874807], [1.6017073471915082, -0.660989526762635, -0.9872142440966231, 0.04649642366774976], [1.1918340831808865, -0.8741003406546038, -1.0938064020571063, 0.7760726595308238]]
totts	7.130625916141913
withinss	[0.1298981250269943, 0.0885453455824979, 0.14610776811184062, 0.11745226208465767]
tot.withinss	0.48200350080599047
betweenss	6.648622415335923
size	[8, 8, 7, 7]
=====クラスタ数5個のとき＝＝＝＝＝
cluster	[3, 4, 5, 3, 2, 2, 3, 4, 5, 1, 2, 1, 2, 1, 1, 1, 4, 1, 4, 3, 5, 4, 4, 1, 4, 5, 3, 3, 2, 3]
centers	[[1.6962786379919077, -0.4835867590680195, -0.8773209666531774, -0.3353709122707108], [1.6435617198222516, -0.6194585825594887, -0.9507674209954292, -0.07333571626733403], [1.1918340831808865, -0.8741003406546038, -1.0938064020571063, 0.7760726595308238], [1.5252222537056372, -0.7199975114599232, -1.0454272191944252, 0.24020247694871083], [1.4157817419668606, -0.8050198842652995, -1.064004962583927, 0.4532431048823661]]
totts	7.130625916141913
withinss	[0.046318309938973456, 0.028195607607842902, 0.11745226208465767, 0.03279751809410853, 0.03987669009654112]
tot.withinss	0.2646403878221237
betweenss	6.865985528319789
size	[7, 5, 7, 7, 4]
=====クラスタ数6個のとき＝＝＝＝＝
cluster	[3, 6, 2, 3, 1, 1, 5, 6, 2, 4, 1, 4, 1, 4, 4, 4, 6, 4, 6, 5, 3, 6, 2, 4, 6, 2, 5, 5, 1, 3]
centers	[[1.6435617198222516, -0.6194585825594887, -0.9507674209954292, -0.07333571626733403], [1.4490930210721436, -0.7991632934834655, -1.0478590370183256, 0.39792930942964777], [1.2926269053105128, -0.8358642375810295, -1.1003128823567472, 0.6435502146272639], [1.6962786379919077, -0.4835867590680195, -0.8773209666531774, -0.3353709122707108], [1.1293888377291652, -0.8877315851788203, -1.0961766236793473, 0.8545193711290026], [1.5330143782709704, -0.7146213394816042, -1.042210171146458, 0.22381713235709166]]
totts	7.130625916141913
withinss	[0.028195607607842902, 0.020444599458159716, 0.0224053686937612, 0.046318309938973456, 0.018427759811617272, 0.017322645565839692]
tot.withinss	0.15311429107619423
betweenss	6.977511625065718
size	[5, 4, 4, 7, 4, 6]
=====クラスタ数7個のとき＝＝＝＝＝
cluster	[6, 2, 7, 6, 1, 1, 5, 2, 7, 4, 1, 4, 1, 4, 4, 4, 3, 4, 3, 5, 6, 2, 2, 4, 3, 7, 5, 5, 3, 6]
centers	[[1.651998873615519, -0.6075152399373458, -0.9432747370832721, -0.10120889659490101], [1.505407356445683, -0.7367777114506724, -1.052786599106277, 0.28415695411126657], [1.5661848637014784, -0.6900259218662079, -1.0218955736449815, 0.14573663180971086], [1.6962786379919077, -0.4835867590680195, -0.8773209666531774, -0.3353709122707108], [1.1293888377291652, -0.8877315851788203, -1.0961766236793473, 0.8545193711290026], [1.2926269053105128, -0.8358642375810295, -1.1003128823567472, 0.6435502146272639], [1.4393008593249785, -0.8147995435346754, -1.0422355468636912, 0.4177342310733884]]
totts	7.130625916141913
withinss	[0.007257937789808915, 0.007209988964709932, 0.02167788231450768, 0.046318309938973456, 0.018427759811617272, 0.0224053686937612, 0.011273751735992762]
tot.withinss	0.13457099924937121
betweenss	6.996054916892541
size	[4, 4, 4, 7, 4, 4, 3]
=====クラスタ数8個のとき＝＝＝＝＝
cluster	[8, 6, 2, 8, 5, 5, 3, 6, 2, 4, 5, 4, 5, 1, 1, 1, 7, 1, 7, 3, 8, 6, 6, 1, 7, 2, 3, 3, 7, 8]
centers	[[1.69173671147818, -0.5004529948635646, -0.8928060279545766, -0.29847768866003865], [1.4393008593249785, -0.8147995435346754, -1.0422355468636912, 0.4177342310733884], [1.1293888377291652, -0.8877315851788203, -1.0961766236793473, 0.8545193711290026], [1.7076334542762273, -0.4414211695791568, -0.8386083133996793, -0.42760397129739125], [1.651998873615519, -0.6075152399373458, -0.9432747370832721, -0.10120889659490101], [1.505407356445683, -0.7367777114506724, -1.052786599106277, 0.28415695411126657], [1.5661848637014784, -0.6900259218662079, -1.0218955736449815, 0.14573663180971086], [1.2926269053105128, -0.8358642375810295, -1.1003128823567472, 0.6435502146272639]]
totts	7.130625916141913
withinss	[0.00691082394607667, 0.011273751735992762, 0.018427759811617272, 0.006052554623308612, 0.007257937789808915, 0.007209988964709932, 0.02167788231450768, 0.0224053686937612]
tot.withinss	0.10121606787978304
betweenss	7.02940984826213
size	[5, 3, 4, 2, 4, 4, 4, 4]
=====クラスタ数9個のとき＝＝＝＝＝
cluster	[2, 3, 8, 2, 7, 7, 9, 3, 8, 6, 7, 6, 7, 6, 6, 6, 5, 6, 5, 9, 2, 3, 1, 6, 5, 1, 9, 9, 4, 2]
centers	[[1.45746177811279, -0.7580010812269786, -1.0758782710543122, 0.37641757416850097], [1.2926269053105128, -0.8358642375810295, -1.1003128823567472, 0.6435502146272639], [1.514386639823031, -0.7316187674909513, -1.0488056296476265, 0.26603775731554674], [1.6098131046491833, -0.6672319530480599, -0.9807381566440572, 0.03815700504293388], [1.55164211671891, -0.6976239114722572, -1.0356147126452895, 0.18159650739863653], [1.6962786379919077, -0.4835867590680195, -0.8773209666531774, -0.3353709122707108], [1.651998873615519, -0.6075152399373458, -0.9432747370832721, -0.10120889659490101], [1.440724264031497, -0.8403255057399523, -1.0198398029823392, 0.41944104469079463], [1.1293888377291652, -0.8877315851788203, -1.0961766236793473, 0.8545193711290026]]
totts	7.130625916141913
withinss	[0.00407056385864164, 0.0224053686937612, 0.0017932412474739876, 0.0, 0.0007574856583200773, 0.046318309938973456, 0.007257937789808915, 0.004325251430868093, 0.018427759811617272]
tot.withinss	0.10535591842946464
betweenss	7.025269997712448
size	[2, 4, 3, 1, 3, 7, 4, 2, 4]
=====クラスタ数10個のとき＝＝＝＝＝
cluster	[8, 5, 2, 8, 3, 3, 7, 5, 4, 3, 3, 3, 3, 3, 3, 3, 6, 3, 6, 10, 8, 5, 9, 3, 6, 4, 1, 1, 6, 8]
centers	[[1.1409673775201834, -0.9013674710892903, -1.0833466823427247, 0.8437467759118316], [1.4542339260757453, -0.8649814315169968, -0.9886729172552764, 0.39942042269652783], [1.680176905491403, -0.52865166120232, -0.9013041559004846, -0.2502210883885982], [1.431834325949595, -0.7897085995435147, -1.0690168616678988, 0.42689113526181865], [1.514386639823031, -0.7316187674909513, -1.0488056296476265, 0.26603775731554674], [1.5661848637014784, -0.6900259218662079, -1.0218955736449815, 0.14573663180971086], [1.073071830394253, -0.9161712036328872, -1.0776595680188543, 0.9207589412574886], [1.2926269053105128, -0.8358642375810295, -1.1003128823567472, 0.6435502146272639], [1.4784695063136386, -0.7522545433298357, -1.064729507482229, 0.33851454449842605], [1.1625487654820412, -0.8320201949038137, -1.1403535620130858, 0.8098249914348584]]
totts	7.130625916141913
withinss	[0.0003629389844266219, 0.0, 0.24830534127852028, 0.002355397888164176, 0.0017932412474739876, 0.02167788231450768, 0.0, 0.0224053686937612, 0.0, 0.0]
tot.withinss	0.29690017040685396
betweenss	6.833725745735059
size	[2, 1, 11, 2, 3, 4, 1, 4, 1, 1]
=====クラスタ数11個のとき＝＝＝＝＝
cluster	[1, 3, 5, 1, 8, 8, 6, 3, 5, 10, 8, 10, 7, 4, 4, 4, 3, 4, 3, 11, 1, 3, 5, 4, 3, 5, 2, 2, 9, 1]
centers	[[1.2926269053105128, -0.8358642375810295, -1.1003128823567472, 0.6435502146272639], [1.1409673775201834, -0.9013674710892903, -1.0833466823427247, 0.8437467759118316], [1.5330143782709704, -0.7146213394816042, -1.042210171146458, 0.22381713235709166], [1.69173671147818, -0.5004529948635646, -0.8928060279545766, -0.29847768866003865], [1.4490930210721436, -0.7991632934834655, -1.0478590370183256, 0.39792930942964777], [1.073071830394253, -0.9161712036328872, -1.0776595680188543, 0.9207589412574886], [1.6607835189274316, -0.5632379598757702, -0.9501815342366524, -0.1473640248150089], [1.6490706585115482, -0.6222743332912043, -0.9409724713654787, -0.08582385385486506], [1.6098131046491833, -0.6672319530480599, -0.9807381566440572, 0.03815700504293388], [1.7076334542762273, -0.4414211695791568, -0.8386083133996793, -0.42760397129739125], [1.1625487654820412, -0.8320201949038137, -1.1403535620130858, 0.8098249914348584]]
totts	7.130625916141913
withinss	[0.0224053686937612, 0.0003629389844266219, 0.017322645565839692, 0.00691082394607667, 0.020444599458159716, 0.0, 0.0, 0.0016370748153557828, 0.0, 0.006052554623308612, 0.0]
tot.withinss	0.07513600608692829
betweenss	7.055489910054985
size	[4, 2, 6, 5, 4, 1, 1, 3, 1, 2, 1]
=====クラスタ数12個のとき＝＝＝＝＝
cluster	[2, 12, 8, 2, 5, 5, 11, 12, 6, 3, 5, 10, 1, 9, 3, 9, 4, 3, 4, 11, 2, 12, 12, 9, 4, 6, 11, 11, 7, 2]
centers	[[1.6607835189274316, -0.5632379598757702, -0.9501815342366524, -0.1473640248150089], [1.2926269053105128, -0.8358642375810295, -1.1003128823567472, 0.6435502146272639], [1.7002293176947774, -0.4806122463658411, -0.8679438723625413, -0.351673198966395], [1.55164211671891, -0.6976239114722572, -1.0356147126452895, 0.18159650739863653], [1.6490706585115482, -0.6222743332912043, -0.9409724713654787, -0.08582385385486506], [1.431834325949595, -0.7897085995435147, -1.0690168616678988, 0.42689113526181865], [1.6098131046491833, -0.6672319530480599, -0.9807381566440572, 0.03815700504293388], [1.4542339260757453, -0.8649814315169968, -0.9886729172552764, 0.39942042269652783], [1.688263876034881, -0.5128853441630414, -0.9006400199013535, -0.2747385119704862], [1.7084708847543792, -0.40461454188948937, -0.8354950897805575, -0.4683612530843323], [1.1293888377291652, -0.8877315851788203, -1.0961766236793473, 0.8545193711290026], [1.505407356445683, -0.7367777114506724, -1.052786599106277, 0.28415695411126657]]
totts	7.130625916141913
withinss	[0.0, 0.0224053686937612, 0.0036945943541728914, 0.0007574856583200773, 0.0016370748153557828, 0.002355397888164176, 0.0, 0.0, 0.0002400396323144075, 0.0, 0.018427759811617272, 0.007209988964709932]
tot.withinss	0.05672770981841574
betweenss	7.073898206323497
size	[1, 4, 3, 3, 3, 2, 1, 1, 3, 1, 4, 4]
=====クラスタ数13個のとき＝＝＝＝＝
cluster	[9, 13, 3, 9, 12, 12, 5, 13, 1, 4, 12, 4, 10, 4, 4, 4, 6, 4, 6, 8, 9, 13, 11, 4, 6, 1, 2, 2, 7, 9]
centers	[[1.431834325949595, -0.7897085995435147, -1.0690168616678988, 0.42689113526181865], [1.1409673775201834, -0.9013674710892903, -1.0833466823427247, 0.8437467759118316], [1.4542339260757453, -0.8649814315169968, -0.9886729172552764, 0.39942042269652783], [1.6962786379919077, -0.4835867590680195, -0.8773209666531774, -0.3353709122707108], [1.073071830394253, -0.9161712036328872, -1.0776595680188543, 0.9207589412574886], [1.55164211671891, -0.6976239114722572, -1.0356147126452895, 0.18159650739863653], [1.6098131046491833, -0.6672319530480599, -0.9807381566440572, 0.03815700504293388], [1.1625487654820412, -0.8320201949038137, -1.1403535620130858, 0.8098249914348584], [1.2926269053105128, -0.8358642375810295, -1.1003128823567472, 0.6435502146272639], [1.6607835189274316, -0.5632379598757702, -0.9501815342366524, -0.1473640248150089], [1.4784695063136386, -0.7522545433298357, -1.064729507482229, 0.33851454449842605], [1.6490706585115482, -0.6222743332912043, -0.9409724713654787, -0.08582385385486506], [1.514386639823031, -0.7316187674909513, -1.0488056296476265, 0.26603775731554674]]
totts	7.130625916141913
withinss	[0.002355397888164176, 0.0003629389844266219, 0.0, 0.046318309938973456, 0.0, 0.0007574856583200773, 0.0, 0.0, 0.0224053686937612, 0.0, 0.0, 0.0016370748153557828, 0.0017932412474739876]
tot.withinss	0.0756298172264753
betweenss	7.054996098915438
size	[2, 2, 1, 7, 1, 3, 1, 1, 4, 1, 1, 3, 3]
=====クラスタ数14個のとき＝＝＝＝＝
cluster	[13, 11, 6, 13, 10, 10, 12, 11, 9, 7, 10, 3, 10, 4, 7, 4, 1, 7, 1, 5, 2, 11, 11, 4, 1, 9, 8, 14, 1, 13]
centers	[[1.5661848637014784, -0.6900259218662079, -1.0218955736449815, 0.14573663180971086], [1.3452243898925063, -0.7756809064571717, -1.1293132097446337, 0.5597697263092992], [1.7084708847543792, -0.40461454188948937, -0.8354950897805575, -0.4683612530843323], [1.688263876034881, -0.5128853441630414, -0.9006400199013535, -0.2747385119704862], [1.1625487654820412, -0.8320201949038137, -1.1403535620130858, 0.8098249914348584], [1.4542339260757453, -0.8649814315169968, -0.9886729172552764, 0.39942042269652783], [1.7002293176947774, -0.4806122463658411, -0.8679438723625413, -0.351673198966395], [1.132216291935047, -0.9007458716760645, -1.0852592854385947, 0.8537888651796122], [1.431834325949595, -0.7897085995435147, -1.0690168616678988, 0.42689113526181865], [1.651998873615519, -0.6075152399373458, -0.9432747370832721, -0.10120889659490101], [1.505407356445683, -0.7367777114506724, -1.052786599106277, 0.28415695411126657], [1.073071830394253, -0.9161712036328872, -1.0776595680188543, 0.9207589412574886], [1.2750944104498483, -0.8559253479556488, -1.0906461065607849, 0.6714770440665855], [1.1497184631053199, -0.9019890705025162, -1.0814340792468549, 0.8337046866440511]]
totts	7.130625916141913
withinss	[0.02167788231450768, 0.0, 0.0, 0.0002400396323144075, 0.0, 0.0, 0.0036945943541728914, 0.0, 0.002355397888164176, 0.007257937789808915, 0.007209988964709932, 0.0, 0.0034070781058703242, 0.0]
tot.withinss	0.04584291904954833
betweenss	7.084782997092365
size	[4, 1, 1, 3, 1, 1, 3, 1, 2, 4, 4, 1, 3, 1]
=====クラスタ数15個のとき＝＝＝＝＝
cluster	[5, 10, 9, 5, 13, 13, 1, 10, 9, 14, 13, 8, 12, 4, 15, 4, 7, 15, 7, 11, 3, 10, 10, 4, 7, 9, 2, 2, 6, 5]
centers	[[1.073071830394253, -0.9161712036328872, -1.0776595680188543, 0.9207589412574886], [1.1409673775201834, -0.9013674710892903, -1.0833466823427247, 0.8437467759118316], [1.3452243898925063, -0.7756809064571717, -1.1293132097446337, 0.5597697263092992], [1.688263876034881, -0.5128853441630414, -0.9006400199013535, -0.2747385119704862], [1.2750944104498483, -0.8559253479556488, -1.0906461065607849, 0.6714770440665855], [1.6098131046491833, -0.6672319530480599, -0.9807381566440572, 0.03815700504293388], [1.55164211671891, -0.6976239114722572, -1.0356147126452895, 0.18159650739863653], [1.7084708847543792, -0.40461454188948937, -0.8354950897805575, -0.4683612530843323], [1.4393008593249785, -0.8147995435346754, -1.0422355468636912, 0.4177342310733884], [1.505407356445683, -0.7367777114506724, -1.052786599106277, 0.28415695411126657], [1.1625487654820412, -0.8320201949038137, -1.1403535620130858, 0.8098249914348584], [1.6607835189274316, -0.5632379598757702, -0.9501815342366524, -0.1473640248150089], [1.6490706585115482, -0.6222743332912043, -0.9409724713654787, -0.08582385385486506], [1.7067960237980755, -0.47822779726882425, -0.841721537018801, -0.3868466895104502], [1.6969459646431284, -0.4818044709143495, -0.8810550400344116, -0.3340864536943673]]
totts	7.130625916141913
withinss	[0.0, 0.0003629389844266219, 0.0, 0.0002400396323144075, 0.0034070781058703242, 0.0, 0.0007574856583200773, 0.0, 0.011273751735992762, 0.007209988964709932, 0.0, 0.0, 0.0016370748153557828, 0.0, 0.0007342055524593754]
tot.withinss	0.025622563449449284
betweenss	7.105003352692464
size	[1, 2, 1, 3, 3, 1, 3, 1, 3, 4, 1, 1, 3, 1, 2]
=====クラスタ数16個のとき＝＝＝＝＝
cluster	[10, 13, 4, 10, 3, 2, 15, 13, 4, 16, 6, 5, 14, 8, 16, 8, 7, 16, 7, 9, 11, 13, 13, 8, 7, 4, 1, 1, 12, 10]
centers	[[1.1409673775201834, -0.9013674710892903, -1.0833466823427247, 0.8437467759118316], [1.6576231322382748, -0.624280477103521, -0.9220482607514815, -0.11129439438327234], [1.6451098942268525, -0.6228948889567528, -0.9488023933573395, -0.07341261191276015], [1.4393008593249785, -0.8147995435346754, -1.0422355468636912, 0.4177342310733884], [1.7084708847543792, -0.40461454188948937, -0.8354950897805575, -0.4683612530843323], [1.644478949069517, -0.6196476338133392, -0.9520667599876151, -0.0727645552685627], [1.55164211671891, -0.6976239114722572, -1.0356147126452895, 0.18159650739863653], [1.688263876034881, -0.5128853441630414, -0.9006400199013535, -0.2747385119704862], [1.1625487654820412, -0.8320201949038137, -1.1403535620130858, 0.8098249914348584], [1.2750944104498483, -0.8559253479556488, -1.0906461065607849, 0.6714770440665855], [1.3452243898925063, -0.7756809064571717, -1.1293132097446337, 0.5597697263092992], [1.6098131046491833, -0.6672319530480599, -0.9807381566440572, 0.03815700504293388], [1.505407356445683, -0.7367777114506724, -1.052786599106277, 0.28415695411126657], [1.6607835189274316, -0.5632379598757702, -0.9501815342366524, -0.1473640248150089], [1.073071830394253, -0.9161712036328872, -1.0776595680188543, 0.9207589412574886], [1.7002293176947774, -0.4806122463658411, -0.8679438723625413, -0.351673198966395]]
totts	7.130625916141913
withinss	[0.0003629389844266219, 0.0, 0.0, 0.011273751735992762, 0.0, 0.0, 0.0007574856583200773, 0.0002400396323144075, 0.0, 0.0034070781058703242, 0.0, 0.0, 0.007209988964709932, 0.0, 0.0, 0.0036945943541728914]
tot.withinss	0.026945877435807015
betweenss	7.103680038706106
size	[2, 1, 1, 3, 1, 1, 3, 3, 1, 3, 1, 1, 4, 1, 1, 3]
=====クラスタ数17個のとき＝＝＝＝＝
cluster	[5, 1, 6, 14, 17, 17, 2, 1, 6, 4, 17, 12, 16, 9, 4, 9, 7, 4, 3, 13, 10, 1, 11, 9, 3, 11, 15, 15, 8, 14]
centers	[[1.514386639823031, -0.7316187674909513, -1.0488056296476265, 0.26603775731554674], [1.073071830394253, -0.9161712036328872, -1.0776595680188543, 0.9207589412574886], [1.5512811916134623, -0.7055912752053211, -1.0302970175621373, 0.18460710115399603], [1.7002293176947774, -0.4806122463658411, -0.8679438723625413, -0.351673198966395], [1.2944154593156476, -0.8348922072656588, -1.1020754489535431, 0.6425521969035544], [1.440724264031497, -0.8403255057399523, -1.0198398029823392, 0.41944104469079463], [1.5523639669298055, -0.6816891840061297, -1.0462501028115936, 0.17557531988791755], [1.6098131046491833, -0.6672319530480599, -0.9807381566440572, 0.03815700504293388], [1.688263876034881, -0.5128853441630414, -0.9006400199013535, -0.2747385119704862], [1.3452243898925063, -0.7756809064571717, -1.1293132097446337, 0.5597697263092992], [1.45746177811279, -0.7580010812269786, -1.0758782710543122, 0.37641757416850097], [1.7084708847543792, -0.40461454188948937, -0.8354950897805575, -0.4683612530843323], [1.1625487654820412, -0.8320201949038137, -1.1403535620130858, 0.8098249914348584], [1.265433886016949, -0.8664419183006438, -1.084931435364406, 0.685939467648101], [1.1409673775201834, -0.9013674710892903, -1.0833466823427247, 0.8437467759118316], [1.6607835189274316, -0.5632379598757702, -0.9501815342366524, -0.1473640248150089], [1.6490706585115482, -0.6222743332912043, -0.9409724713654787, -0.08582385385486506]]
totts	7.130625916141913
withinss	[0.0017932412474739876, 0.0, 0.00015178141305684565, 0.0036945943541728914, 0.0, 0.004325251430868093, 0.0, 0.0, 0.0002400396323144075, 0.0, 0.00407056385864164, 0.0, 0.0, 0.0007326192246276491, 0.0003629389844266219, 0.0, 0.0016370748153557828]
tot.withinss	0.01700810496093792
betweenss	7.1136178111809745
size	[3, 1, 2, 3, 1, 2, 1, 1, 3, 1, 2, 1, 1, 2, 2, 1, 3]
=====クラスタ数18個のとき＝＝＝＝＝
cluster	[3, 13, 11, 3, 15, 15, 4, 13, 16, 8, 15, 18, 2, 17, 8, 17, 7, 8, 1, 6, 5, 9, 12, 17, 14, 16, 6, 6, 10, 3]
centers	[[1.5546138440231925, -0.7042584581753547, -1.0275246356984684, 0.17716924985063062], [1.6607835189274316, -0.5632379598757702, -0.9501815342366524, -0.1473640248150089], [1.2750944104498483, -0.8559253479556488, -1.0906461065607849, 0.6714770440665855], [1.073071830394253, -0.9161712036328872, -1.0776595680188543, 0.9207589412574886], [1.3452243898925063, -0.7756809064571717, -1.1293132097446337, 0.5597697263092992], [1.1481611735074693, -0.8782517123607981, -1.1023489755661784, 0.8324395144195073], [1.5523639669298055, -0.6816891840061297, -1.0462501028115936, 0.17557531988791755], [1.7002293176947774, -0.4806122463658411, -0.8679438723625413, -0.351673198966395], [1.5036368515986274, -0.7476455205682351, -1.0467037287955292, 0.290712397765137], [1.6098131046491833, -0.6672319530480599, -0.9807381566440572, 0.03815700504293388], [1.4542339260757453, -0.8649814315169968, -0.9886729172552764, 0.39942042269652783], [1.4784695063136386, -0.7522545433298357, -1.064729507482229, 0.33851454449842605], [1.5197615339352328, -0.7236053909523095, -1.049856580073675, 0.2537004370907516], [1.5479485392037322, -0.7069240922352873, -1.0330693994258062, 0.19204495245736142], [1.6490706585115482, -0.6222743332912043, -0.9409724713654787, -0.08582385385486506], [1.431834325949595, -0.7897085995435147, -1.0690168616678988, 0.42689113526181865], [1.688263876034881, -0.5128853441630414, -0.9006400199013535, -0.2747385119704862], [1.7084708847543792, -0.40461454188948937, -0.8354950897805575, -0.4683612530843323]]
totts	7.130625916141913
withinss	[0.0, 0.0, 0.0034070781058703242, 0.0, 0.0, 0.006813120859465441, 0.0, 0.0036945943541728914, 0.0, 0.0, 0.0, 0.0, 0.00031473530310645596, 0.0, 0.0016370748153557828, 0.002355397888164176, 0.0002400396323144075, 0.0]
tot.withinss	0.01846204095844948
betweenss	7.112163875183463
size	[1, 1, 3, 1, 1, 3, 1, 3, 1, 1, 1, 1, 2, 1, 3, 2, 3, 1]
=====クラスタ数19個のとき＝＝＝＝＝
cluster	[14, 2, 15, 7, 3, 10, 5, 2, 18, 6, 16, 6, 1, 13, 13, 13, 17, 13, 17, 4, 11, 19, 8, 13, 17, 18, 9, 9, 12, 7]
centers	[[1.6607835189274316, -0.5632379598757702, -0.9501815342366524, -0.1473640248150089], [1.5197615339352328, -0.7236053909523095, -1.049856580073675, 0.2537004370907516], [1.6451098942268525, -0.6228948889567528, -0.9488023933573395, -0.07341261191276015], [1.1625487654820412, -0.8320201949038137, -1.1403535620130858, 0.8098249914348584], [1.073071830394253, -0.9161712036328872, -1.0776595680188543, 0.9207589412574886], [1.7076334542762273, -0.4414211695791568, -0.8386083133996793, -0.42760397129739125], [1.265433886016949, -0.8664419183006438, -1.084931435364406, 0.685939467648101], [1.4784695063136386, -0.7522545433298357, -1.064729507482229, 0.33851454449842605], [1.1409673775201834, -0.9013674710892903, -1.0833466823427247, 0.8437467759118316], [1.6576231322382748, -0.624280477103521, -0.9220482607514815, -0.11129439438327234], [1.3452243898925063, -0.7756809064571717, -1.1293132097446337, 0.5597697263092992], [1.6098131046491833, -0.6672319530480599, -0.9807381566440572, 0.03815700504293388], [1.69173671147818, -0.5004529948635646, -0.8928060279545766, -0.29847768866003865], [1.2944154593156476, -0.8348922072656588, -1.1020754489535431, 0.6425521969035544], [1.4542339260757453, -0.8649814315169968, -0.9886729172552764, 0.39942042269652783], [1.644478949069517, -0.6196476338133392, -0.9520667599876151, -0.0727645552685627], [1.55164211671891, -0.6976239114722572, -1.0356147126452895, 0.18159650739863653], [1.431834325949595, -0.7897085995435147, -1.0690168616678988, 0.42689113526181865], [1.5036368515986274, -0.7476455205682351, -1.0467037287955292, 0.290712397765137]]
totts	7.130625916141913
withinss	[0.0, 0.00031473530310645596, 0.0, 0.0, 0.0, 0.006052554623308612, 0.0007326192246276491, 0.0, 0.0003629389844266219, 0.0, 0.0, 0.0, 0.00691082394607667, 0.0, 0.0, 0.0, 0.0007574856583200773, 0.002355397888164176, 0.0]
tot.withinss	0.01748655562803026
betweenss	7.113139360513882
size	[1, 2, 1, 1, 1, 2, 2, 1, 2, 1, 1, 1, 5, 1, 1, 1, 3, 2, 1]
=====クラスタ数20個のとき＝＝＝＝＝
cluster	[9, 12, 2, 20, 4, 4, 15, 12, 19, 8, 4, 16, 7, 17, 3, 11, 13, 3, 6, 18, 5, 12, 14, 17, 1, 19, 18, 18, 10, 20]
centers	[[1.5479485392037322, -0.7069240922352873, -1.0330693994258062, 0.19204495245736142], [1.4542339260757453, -0.8649814315169968, -0.9886729172552764, 0.39942042269652783], [1.6969459646431284, -0.4818044709143495, -0.8810550400344116, -0.3340864536943673], [1.6490706585115482, -0.6222743332912043, -0.9409724713654787, -0.08582385385486506], [1.3452243898925063, -0.7756809064571717, -1.1293132097446337, 0.5597697263092992], [1.5546138440231925, -0.7042584581753547, -1.0275246356984684, 0.17716924985063062], [1.6607835189274316, -0.5632379598757702, -0.9501815342366524, -0.1473640248150089], [1.7067960237980755, -0.47822779726882425, -0.841721537018801, -0.3868466895104502], [1.2944154593156476, -0.8348922072656588, -1.1020754489535431, 0.6425521969035544], [1.6098131046491833, -0.6672319530480599, -0.9807381566440572, 0.03815700504293388], [1.6901963432920997, -0.5116794194846485, -0.8950111584965591, -0.28350576531089217], [1.514386639823031, -0.7316187674909513, -1.0488056296476265, 0.26603775731554674], [1.5523639669298055, -0.6816891840061297, -1.0462501028115936, 0.17557531988791755], [1.4784695063136386, -0.7522545433298357, -1.064729507482229, 0.33851454449842605], [1.073071830394253, -0.9161712036328872, -1.0776595680188543, 0.9207589412574886], [1.7084708847543792, -0.40461454188948937, -0.8354950897805575, -0.4683612530843323], [1.6872976424062718, -0.5134883065022378, -0.9034544506037505, -0.2703548853002833], [1.1481611735074693, -0.8782517123607981, -1.1023489755661784, 0.8324395144195073], [1.431834325949595, -0.7897085995435147, -1.0690168616678988, 0.42689113526181865], [1.265433886016949, -0.8664419183006438, -1.084931435364406, 0.685939467648101]]
totts	7.130625916141913
withinss	[0.0, 0.0, 0.0007342055524593754, 0.0016370748153557828, 0.0, 0.0, 0.0, 0.0, 0.0, 0.0, 0.0, 0.0017932412474739876, 0.0, 0.0, 0.0, 0.0, 6.943338849527661e-05, 0.006813120859465441, 0.002355397888164176, 0.0007326192246276491]
tot.withinss	0.014135092976041689
betweenss	7.116490823165871
size	[1, 1, 2, 3, 1, 1, 1, 1, 1, 1, 1, 3, 1, 1, 1, 1, 2, 3, 2, 2]
=====クラスタ数21個のとき＝＝＝＝＝
cluster	[6, 14, 12, 6, 7, 7, 9, 14, 3, 19, 7, 10, 17, 11, 21, 5, 18, 4, 18, 13, 16, 14, 15, 11, 18, 20, 8, 1, 2, 6]
centers	[[1.1497184631053199, -0.9019890705025162, -1.0814340792468549, 0.8337046866440511], [1.6098131046491833, -0.6672319530480599, -0.9807381566440572, 0.03815700504293388], [1.4272146019872485, -0.8156695799629078, -1.051006688709402, 0.4394616666850614], [1.6936379730707878, -0.47549175439857544, -0.8950433023973184, -0.32310291627489407], [1.6901963432920997, -0.5116794194846485, -0.8950111584965591, -0.28350576531089217], [1.2750944104498483, -0.8559253479556488, -1.0906461065607849, 0.6714770440665855], [1.6490706585115482, -0.6222743332912043, -0.9409724713654787, -0.08582385385486506], [1.132216291935047, -0.9007458716760645, -1.0852592854385947, 0.8537888651796122], [1.073071830394253, -0.9161712036328872, -1.0776595680188543, 0.9207589412574886], [1.7084708847543792, -0.40461454188948937, -0.8354950897805575, -0.4683612530843323], [1.6872976424062718, -0.5134883065022378, -0.9034544506037505, -0.2703548853002833], [1.4542339260757453, -0.8649814315169968, -0.9886729172552764, 0.39942042269652783], [1.1625487654820412, -0.8320201949038137, -1.1403535620130858, 0.8098249914348584], [1.514386639823031, -0.7316187674909513, -1.0488056296476265, 0.26603775731554674], [1.4784695063136386, -0.7522545433298357, -1.064729507482229, 0.33851454449842605], [1.3452243898925063, -0.7756809064571717, -1.1293132097446337, 0.5597697263092992], [1.6607835189274316, -0.5632379598757702, -0.9501815342366524, -0.1473640248150089], [1.55164211671891, -0.6976239114722572, -1.0356147126452895, 0.18159650739863653], [1.7067960237980755, -0.47822779726882425, -0.841721537018801, -0.3868466895104502], [1.4364540499119414, -0.7637476191241217, -1.0870270346263955, 0.41432060383857583], [1.7002539562154688, -0.48811718743012356, -0.8670667776715048, -0.34506999111384057]]
totts	7.130625916141913
withinss	[0.0, 0.0, 0.0, 0.0, 0.0, 0.0034070781058703242, 0.0016370748153557828, 0.0, 0.0, 0.0, 6.943338849527661e-05, 0.0, 0.0, 0.0017932412474739876, 0.0, 0.0, 0.0, 0.0007574856583200773, 0.0, 0.0, 0.0]
tot.withinss	0.007664313215515448
betweenss	7.122961602926397
size	[1, 1, 1, 1, 1, 3, 3, 1, 1, 1, 2, 1, 1, 3, 1, 1, 1, 3, 1, 1, 1]
=====クラスタ数22個のとき＝＝＝＝＝
cluster	[20, 15, 13, 6, 2, 2, 8, 15, 4, 10, 2, 5, 1, 9, 11, 18, 3, 11, 7, 16, 17, 21, 22, 9, 7, 4, 12, 12, 19, 14]
centers	[[1.6607835189274316, -0.5632379598757702, -0.9501815342366524, -0.1473640248150089], [1.6490706585115482, -0.6222743332912043, -0.9409724713654787, -0.08582385385486506], [1.5523639669298055, -0.6816891840061297, -1.0462501028115936, 0.17557531988791755], [1.431834325949595, -0.7897085995435147, -1.0690168616678988, 0.42689113526181865], [1.7084708847543792, -0.40461454188948937, -0.8354950897805575, -0.4683612530843323], [1.2655408980516214, -0.8807645121141816, -1.0723409405556072, 0.6875645546181676], [1.5512811916134623, -0.7055912752053211, -1.0302970175621373, 0.18460710115399603], [1.073071830394253, -0.9161712036328872, -1.0776595680188543, 0.9207589412574886], [1.6872976424062718, -0.5134883065022378, -0.9034544506037505, -0.2703548853002833], [1.7067960237980755, -0.47822779726882425, -0.841721537018801, -0.3868466895104502], [1.6969459646431284, -0.4818044709143495, -0.8810550400344116, -0.3340864536943673], [1.1409673775201834, -0.9013674710892903, -1.0833466823427247, 0.8437467759118316], [1.4542339260757453, -0.8649814315169968, -0.9886729172552764, 0.39942042269652783], [1.2653268739822763, -0.8521193244871059, -1.0975219301732047, 0.6843143806780344], [1.5197615339352328, -0.7236053909523095, -1.049856580073675, 0.2537004370907516], [1.1625487654820412, -0.8320201949038137, -1.1403535620130858, 0.8098249914348584], [1.3452243898925063, -0.7756809064571717, -1.1293132097446337, 0.5597697263092992], [1.6901963432920997, -0.5116794194846485, -0.8950111584965591, -0.28350576531089217], [1.6098131046491833, -0.6672319530480599, -0.9807381566440572, 0.03815700504293388], [1.2944154593156476, -0.8348922072656588, -1.1020754489535431, 0.6425521969035544], [1.5036368515986274, -0.7476455205682351, -1.0467037287955292, 0.290712397765137], [1.4784695063136386, -0.7522545433298357, -1.064729507482229, 0.33851454449842605]]
totts	7.130625916141913
withinss	[0.0, 0.0016370748153557828, 0.0, 0.002355397888164176, 0.0, 0.0, 0.00015178141305684565, 0.0, 6.943338849527661e-05, 0.0, 0.0007342055524593754, 0.0003629389844266219, 0.0, 0.0, 0.00031473530310645596, 0.0, 0.0, 0.0, 0.0, 0.0, 0.0, 0.0]
tot.withinss	0.005625567345064534
betweenss	7.125000348796848
size	[1, 3, 1, 2, 1, 1, 2, 1, 2, 1, 2, 2, 1, 1, 2, 1, 1, 1, 1, 1, 1, 1]
=====クラスタ数23個のとき＝＝＝＝＝
cluster	[10, 12, 5, 18, 19, 9, 17, 12, 23, 4, 7, 22, 1, 16, 15, 6, 2, 13, 3, 14, 21, 8, 11, 16, 3, 23, 14, 14, 20, 18]
centers	[[1.6607835189274316, -0.5632379598757702, -0.9501815342366524, -0.1473640248150089], [1.5523639669298055, -0.6816891840061297, -1.0462501028115936, 0.17557531988791755], [1.5512811916134623, -0.7055912752053211, -1.0302970175621373, 0.18460710115399603], [1.7067960237980755, -0.47822779726882425, -0.841721537018801, -0.3868466895104502], [1.4542339260757453, -0.8649814315169968, -0.9886729172552764, 0.39942042269652783], [1.6901963432920997, -0.5116794194846485, -0.8950111584965591, -0.28350576531089217], [1.644478949069517, -0.6196476338133392, -0.9520667599876151, -0.0727645552685627], [1.5036368515986274, -0.7476455205682351, -1.0467037287955292, 0.290712397765137], [1.6576231322382748, -0.624280477103521, -0.9220482607514815, -0.11129439438327234], [1.2944154593156476, -0.8348922072656588, -1.1020754489535431, 0.6425521969035544], [1.4784695063136386, -0.7522545433298357, -1.064729507482229, 0.33851454449842605], [1.5197615339352328, -0.7236053909523095, -1.049856580073675, 0.2537004370907516], [1.6936379730707878, -0.47549175439857544, -0.8950433023973184, -0.32310291627489407], [1.1481611735074693, -0.8782517123607981, -1.1023489755661784, 0.8324395144195073], [1.7002539562154688, -0.48811718743012356, -0.8670667776715048, -0.34506999111384057], [1.6872976424062718, -0.5134883065022378, -0.9034544506037505, -0.2703548853002833], [1.073071830394253, -0.9161712036328872, -1.0776595680188543, 0.9207589412574886], [1.265433886016949, -0.8664419183006438, -1.084931435364406, 0.685939467648101], [1.6451098942268525, -0.6228948889567528, -0.9488023933573395, -0.07341261191276015], [1.6098131046491833, -0.6672319530480599, -0.9807381566440572, 0.03815700504293388], [1.3452243898925063, -0.7756809064571717, -1.1293132097446337, 0.5597697263092992], [1.7084708847543792, -0.40461454188948937, -0.8354950897805575, -0.4683612530843323], [1.431834325949595, -0.7897085995435147, -1.0690168616678988, 0.42689113526181865]]
totts	7.130625916141913
withinss	[0.0, 0.0, 0.00015178141305684565, 0.0, 0.0, 0.0, 0.0, 0.0, 0.0, 0.0, 0.0, 0.00031473530310645596, 0.0, 0.006813120859465441, 0.0, 6.943338849527661e-05, 0.0, 0.0007326192246276491, 0.0, 0.0, 0.0, 0.0, 0.002355397888164176]
tot.withinss	0.010437088076915844
betweenss	7.120188828064997
size	[1, 1, 2, 1, 1, 1, 1, 1, 1, 1, 1, 2, 1, 3, 1, 2, 1, 2, 1, 1, 1, 1, 2]
=====クラスタ数24個のとき＝＝＝＝＝
cluster	[15, 12, 5, 15, 23, 20, 17, 8, 11, 2, 13, 6, 4, 9, 16, 9, 1, 16, 10, 3, 18, 14, 21, 9, 22, 11, 19, 7, 24, 15]
centers	[[1.5523639669298055, -0.6816891840061297, -1.0462501028115936, 0.17557531988791755], [1.7067960237980755, -0.47822779726882425, -0.841721537018801, -0.3868466895104502], [1.1625487654820412, -0.8320201949038137, -1.1403535620130858, 0.8098249914348584], [1.6607835189274316, -0.5632379598757702, -0.9501815342366524, -0.1473640248150089], [1.4542339260757453, -0.8649814315169968, -0.9886729172552764, 0.39942042269652783], [1.7084708847543792, -0.40461454188948937, -0.8354950897805575, -0.4683612530843323], [1.1497184631053199, -0.9019890705025162, -1.0814340792468549, 0.8337046866440511], [1.5150737410568345, -0.7285811474102943, -1.0506790960004622, 0.264186502353922], [1.688263876034881, -0.5128853441630414, -0.9006400199013535, -0.2747385119704862], [1.5546138440231925, -0.7042584581753547, -1.0275246356984684, 0.17716924985063062], [1.431834325949595, -0.7897085995435147, -1.0690168616678988, 0.42689113526181865], [1.524449326813631, -0.7186296344943246, -1.0490340641468876, 0.24321437182758113], [1.644478949069517, -0.6196476338133392, -0.9520667599876151, -0.0727645552685627], [1.5036368515986274, -0.7476455205682351, -1.0467037287955292, 0.290712397765137], [1.2750944104498483, -0.8559253479556488, -1.0906461065607849, 0.6714770440665855], [1.6969459646431284, -0.4818044709143495, -0.8810550400344116, -0.3340864536943673], [1.073071830394253, -0.9161712036328872, -1.0776595680188543, 0.9207589412574886], [1.3452243898925063, -0.7756809064571717, -1.1293132097446337, 0.5597697263092992], [1.132216291935047, -0.9007458716760645, -1.0852592854385947, 0.8537888651796122], [1.6576231322382748, -0.624280477103521, -0.9220482607514815, -0.11129439438327234], [1.4784695063136386, -0.7522545433298357, -1.064729507482229, 0.33851454449842605], [1.5479485392037322, -0.7069240922352873, -1.0330693994258062, 0.19204495245736142], [1.6451098942268525, -0.6228948889567528, -0.9488023933573395, -0.07341261191276015], [1.6098131046491833, -0.6672319530480599, -0.9807381566440572, 0.03815700504293388]]
totts	7.130625916141913
withinss	[0.0, 0.0, 0.0, 0.0, 0.0, 0.0, 0.0, 0.0, 0.0002400396323144075, 0.0, 0.002355397888164176, 0.0, 0.0, 0.0, 0.0034070781058703242, 0.0007342055524593754, 0.0, 0.0, 0.0, 0.0, 0.0, 0.0, 0.0, 0.0]
tot.withinss	0.006736721178808283
betweenss	7.1238891949631045
size	[1, 1, 1, 1, 1, 1, 1, 1, 3, 1, 2, 1, 1, 1, 3, 2, 1, 1, 1, 1, 1, 1, 1, 1]
=====クラスタ数25個のとき＝＝＝＝＝
cluster	[1, 15, 11, 3, 9, 4, 25, 16, 13, 12, 23, 10, 20, 18, 24, 2, 14, 24, 19, 17, 7, 8, 5, 18, 19, 13, 22, 22, 21, 6]
centers	[[1.2944154593156476, -0.8348922072656588, -1.1020754489535431, 0.6425521969035544], [1.6901963432920997, -0.5116794194846485, -0.8950111584965591, -0.28350576531089217], [1.2655408980516214, -0.8807645121141816, -1.0723409405556072, 0.6875645546181676], [1.6576231322382748, -0.624280477103521, -0.9220482607514815, -0.11129439438327234], [1.4784695063136386, -0.7522545433298357, -1.064729507482229, 0.33851454449842605], [1.2653268739822763, -0.8521193244871059, -1.0975219301732047, 0.6843143806780344], [1.3452243898925063, -0.7756809064571717, -1.1293132097446337, 0.5597697263092992], [1.5036368515986274, -0.7476455205682351, -1.0467037287955292, 0.290712397765137], [1.6451098942268525, -0.6228948889567528, -0.9488023933573395, -0.07341261191276015], [1.7084708847543792, -0.40461454188948937, -0.8354950897805575, -0.4683612530843323], [1.4542339260757453, -0.8649814315169968, -0.9886729172552764, 0.39942042269652783], [1.7067960237980755, -0.47822779726882425, -0.841721537018801, -0.3868466895104502], [1.431834325949595, -0.7897085995435147, -1.0690168616678988, 0.42689113526181865], [1.5523639669298055, -0.6816891840061297, -1.0462501028115936, 0.17557531988791755], [1.524449326813631, -0.7186296344943246, -1.0490340641468876, 0.24321437182758113], [1.5150737410568345, -0.7285811474102943, -1.0506790960004622, 0.264186502353922], [1.1625487654820412, -0.8320201949038137, -1.1403535620130858, 0.8098249914348584], [1.6872976424062718, -0.5134883065022378, -0.9034544506037505, -0.2703548853002833], [1.5512811916134623, -0.7055912752053211, -1.0302970175621373, 0.18460710115399603], [1.6607835189274316, -0.5632379598757702, -0.9501815342366524, -0.1473640248150089], [1.6098131046491833, -0.6672319530480599, -0.9807381566440572, 0.03815700504293388], [1.1409673775201834, -0.9013674710892903, -1.0833466823427247, 0.8437467759118316], [1.644478949069517, -0.6196476338133392, -0.9520667599876151, -0.0727645552685627], [1.6969459646431284, -0.4818044709143495, -0.8810550400344116, -0.3340864536943673], [1.073071830394253, -0.9161712036328872, -1.0776595680188543, 0.9207589412574886]]
totts	7.130625916141913
withinss	[0.0, 0.0, 0.0, 0.0, 0.0, 0.0, 0.0, 0.0, 0.0, 0.0, 0.0, 0.0, 0.002355397888164176, 0.0, 0.0, 0.0, 0.0, 6.943338849527661e-05, 0.00015178141305684565, 0.0, 0.0, 0.0003629389844266219, 0.0, 0.0007342055524593754, 0.0]
tot.withinss	0.0036737572266022952
betweenss	7.12695215891531
size	[1, 1, 1, 1, 1, 1, 1, 1, 1, 1, 1, 1, 2, 1, 1, 1, 1, 2, 2, 1, 1, 2, 1, 2, 1]
=====クラスタ数26個のとき＝＝＝＝＝
cluster	[10, 6, 17, 26, 18, 24, 7, 14, 13, 20, 18, 19, 2, 5, 3, 25, 22, 3, 16, 23, 8, 9, 1, 5, 15, 13, 4, 12, 21, 11]
centers	[[1.4784695063136386, -0.7522545433298357, -1.064729507482229, 0.33851454449842605], [1.6607835189274316, -0.5632379598757702, -0.9501815342366524, -0.1473640248150089], [1.6969459646431284, -0.4818044709143495, -0.8810550400344116, -0.3340864536943673], [1.132216291935047, -0.9007458716760645, -1.0852592854385947, 0.8537888651796122], [1.6872976424062718, -0.5134883065022378, -0.9034544506037505, -0.2703548853002833], [1.524449326813631, -0.7186296344943246, -1.0490340641468876, 0.24321437182758113], [1.073071830394253, -0.9161712036328872, -1.0776595680188543, 0.9207589412574886], [1.3452243898925063, -0.7756809064571717, -1.1293132097446337, 0.5597697263092992], [1.5036368515986274, -0.7476455205682351, -1.0467037287955292, 0.290712397765137], [1.2944154593156476, -0.8348922072656588, -1.1020754489535431, 0.6425521969035544], [1.2653268739822763, -0.8521193244871059, -1.0975219301732047, 0.6843143806780344], [1.1497184631053199, -0.9019890705025162, -1.0814340792468549, 0.8337046866440511], [1.431834325949595, -0.7897085995435147, -1.0690168616678988, 0.42689113526181865], [1.5150737410568345, -0.7285811474102943, -1.0506790960004622, 0.264186502353922], [1.5479485392037322, -0.7069240922352873, -1.0330693994258062, 0.19204495245736142], [1.5546138440231925, -0.7042584581753547, -1.0275246356984684, 0.17716924985063062], [1.4542339260757453, -0.8649814315169968, -0.9886729172552764, 0.39942042269652783], [1.644794421648185, -0.621271261385046, -0.9504345766724773, -0.07308858359066142], [1.7084708847543792, -0.40461454188948937, -0.8354950897805575, -0.4683612530843323], [1.7067960237980755, -0.47822779726882425, -0.841721537018801, -0.3868466895104502], [1.6098131046491833, -0.6672319530480599, -0.9807381566440572, 0.03815700504293388], [1.5523639669298055, -0.6816891840061297, -1.0462501028115936, 0.17557531988791755], [1.1625487654820412, -0.8320201949038137, -1.1403535620130858, 0.8098249914348584], [1.6576231322382748, -0.624280477103521, -0.9220482607514815, -0.11129439438327234], [1.6901963432920997, -0.5116794194846485, -0.8950111584965591, -0.28350576531089217], [1.2655408980516214, -0.8807645121141816, -1.0723409405556072, 0.6875645546181676]]
totts	7.130625916141913
withinss	[0.0, 0.0, 0.0007342055524593754, 0.0, 6.943338849527661e-05, 0.0, 0.0, 0.0, 0.0, 0.0, 0.0, 0.0, 0.002355397888164176, 0.0, 0.0, 0.0, 0.0, 1.1009412334468369e-05, 0.0, 0.0, 0.0, 0.0, 0.0, 0.0, 0.0, 0.0]
tot.withinss	0.0031700462414532963
betweenss	7.1274558699004595
size	[1, 1, 2, 1, 2, 1, 1, 1, 1, 1, 1, 1, 2, 1, 1, 1, 1, 2, 1, 1, 1, 1, 1, 1, 1, 1]
=====クラスタ数27個のとき＝＝＝＝＝
cluster	[11, 23, 4, 15, 16, 20, 21, 23, 9, 3, 26, 27, 25, 13, 14, 8, 18, 14, 7, 12, 17, 1, 6, 13, 5, 2, 10, 24, 19, 22]
centers	[[1.5036368515986274, -0.7476455205682351, -1.0467037287955292, 0.290712397765137], [1.4364540499119414, -0.7637476191241217, -1.0870270346263955, 0.41432060383857583], [1.7067960237980755, -0.47822779726882425, -0.841721537018801, -0.3868466895104502], [1.4542339260757453, -0.8649814315169968, -0.9886729172552764, 0.39942042269652783], [1.5479485392037322, -0.7069240922352873, -1.0330693994258062, 0.19204495245736142], [1.4784695063136386, -0.7522545433298357, -1.064729507482229, 0.33851454449842605], [1.5546138440231925, -0.7042584581753547, -1.0275246356984684, 0.17716924985063062], [1.6901963432920997, -0.5116794194846485, -0.8950111584965591, -0.28350576531089217], [1.4272146019872485, -0.8156695799629078, -1.051006688709402, 0.4394616666850614], [1.132216291935047, -0.9007458716760645, -1.0852592854385947, 0.8537888651796122], [1.2944154593156476, -0.8348922072656588, -1.1020754489535431, 0.6425521969035544], [1.1625487654820412, -0.8320201949038137, -1.1403535620130858, 0.8098249914348584], [1.6872976424062718, -0.5134883065022378, -0.9034544506037505, -0.2703548853002833], [1.6969459646431284, -0.4818044709143495, -0.8810550400344116, -0.3340864536943673], [1.2655408980516214, -0.8807645121141816, -1.0723409405556072, 0.6875645546181676], [1.6451098942268525, -0.6228948889567528, -0.9488023933573395, -0.07341261191276015], [1.3452243898925063, -0.7756809064571717, -1.1293132097446337, 0.5597697263092992], [1.5523639669298055, -0.6816891840061297, -1.0462501028115936, 0.17557531988791755], [1.6098131046491833, -0.6672319530480599, -0.9807381566440572, 0.03815700504293388], [1.6576231322382748, -0.624280477103521, -0.9220482607514815, -0.11129439438327234], [1.073071830394253, -0.9161712036328872, -1.0776595680188543, 0.9207589412574886], [1.2653268739822763, -0.8521193244871059, -1.0975219301732047, 0.6843143806780344], [1.5197615339352328, -0.7236053909523095, -1.049856580073675, 0.2537004370907516], [1.1497184631053199, -0.9019890705025162, -1.0814340792468549, 0.8337046866440511], [1.6607835189274316, -0.5632379598757702, -0.9501815342366524, -0.1473640248150089], [1.644478949069517, -0.6196476338133392, -0.9520667599876151, -0.0727645552685627], [1.7084708847543792, -0.40461454188948937, -0.8354950897805575, -0.4683612530843323]]
totts	7.130625916141913
withinss	[0.0, 0.0, 0.0, 0.0, 0.0, 0.0, 0.0, 0.0, 0.0, 0.0, 0.0, 0.0, 6.943338849527661e-05, 0.0007342055524593754, 0.0, 0.0, 0.0, 0.0, 0.0, 0.0, 0.0, 0.0, 0.00031473530310645596, 0.0, 0.0, 0.0, 0.0]
tot.withinss	0.001118374244061108
betweenss	7.129507541897851
size	[1, 1, 1, 1, 1, 1, 1, 1, 1, 1, 1, 1, 2, 2, 1, 1, 1, 1, 1, 1, 1, 1, 2, 1, 1, 1, 1]
=====クラスタ数28個のとき＝＝＝＝＝
cluster	[5, 6, 21, 3, 28, 23, 15, 18, 19, 25, 28, 17, 9, 26, 4, 22, 2, 1, 8, 13, 11, 10, 14, 27, 20, 7, 24, 24, 16, 12]
centers	[[1.6936379730707878, -0.47549175439857544, -0.8950433023973184, -0.32310291627489407], [1.5523639669298055, -0.6816891840061297, -1.0462501028115936, 0.17557531988791755], [1.2655408980516214, -0.8807645121141816, -1.0723409405556072, 0.6875645546181676], [1.7002539562154688, -0.48811718743012356, -0.8670667776715048, -0.34506999111384057], [1.2944154593156476, -0.8348922072656588, -1.1020754489535431, 0.6425521969035544], [1.524449326813631, -0.7186296344943246, -1.0490340641468876, 0.24321437182758113], [1.4364540499119414, -0.7637476191241217, -1.0870270346263955, 0.41432060383857583], [1.5546138440231925, -0.7042584581753547, -1.0275246356984684, 0.17716924985063062], [1.6607835189274316, -0.5632379598757702, -0.9501815342366524, -0.1473640248150089], [1.5036368515986274, -0.7476455205682351, -1.0467037287955292, 0.290712397765137], [1.3452243898925063, -0.7756809064571717, -1.1293132097446337, 0.5597697263092992], [1.2653268739822763, -0.8521193244871059, -1.0975219301732047, 0.6843143806780344], [1.1625487654820412, -0.8320201949038137, -1.1403535620130858, 0.8098249914348584], [1.4784695063136386, -0.7522545433298357, -1.064729507482229, 0.33851454449842605], [1.073071830394253, -0.9161712036328872, -1.0776595680188543, 0.9207589412574886], [1.6098131046491833, -0.6672319530480599, -0.9807381566440572, 0.03815700504293388], [1.7084708847543792, -0.40461454188948937, -0.8354950897805575, -0.4683612530843323], [1.5150737410568345, -0.7285811474102943, -1.0506790960004622, 0.264186502353922], [1.4272146019872485, -0.8156695799629078, -1.051006688709402, 0.4394616666850614], [1.5479485392037322, -0.7069240922352873, -1.0330693994258062, 0.19204495245736142], [1.4542339260757453, -0.8649814315169968, -0.9886729172552764, 0.39942042269652783], [1.6901963432920997, -0.5116794194846485, -0.8950111584965591, -0.28350576531089217], [1.6576231322382748, -0.624280477103521, -0.9220482607514815, -0.11129439438327234], [1.1409673775201834, -0.9013674710892903, -1.0833466823427247, 0.8437467759118316], [1.7067960237980755, -0.47822779726882425, -0.841721537018801, -0.3868466895104502], [1.6878763903888925, -0.5181169309773146, -0.8998873011711254, -0.26987215824045246], [1.6867188944236509, -0.508859682027161, -0.9070216000363757, -0.2708376123601141], [1.644794421648185, -0.621271261385046, -0.9504345766724773, -0.07308858359066142]]
totts	7.130625916141913
withinss	[0.0, 0.0, 0.0, 0.0, 0.0, 0.0, 0.0, 0.0, 0.0, 0.0, 0.0, 0.0, 0.0, 0.0, 0.0, 0.0, 0.0, 0.0, 0.0, 0.0, 0.0, 0.0, 0.0, 0.0003629389844266219, 0.0, 0.0, 0.0, 1.1009412334468369e-05]
tot.withinss	0.00037394839676109027
betweenss	7.130251967745152
size	[1, 1, 1, 1, 1, 1, 1, 1, 1, 1, 1, 1, 1, 1, 1, 1, 1, 1, 1, 1, 1, 1, 1, 2, 1, 1, 1, 2]
=====クラスタ数29個のとき＝＝＝＝＝
cluster	[4, 22, 10, 15, 2, 16, 27, 8, 29, 12, 28, 14, 13, 7, 17, 6, 9, 20, 5, 3, 1, 25, 24, 21, 11, 18, 26, 26, 19, 23]
centers	[[1.3452243898925063, -0.7756809064571717, -1.1293132097446337, 0.5597697263092992], [1.6451098942268525, -0.6228948889567528, -0.9488023933573395, -0.07341261191276015], [1.1625487654820412, -0.8320201949038137, -1.1403535620130858, 0.8098249914348584], [1.2944154593156476, -0.8348922072656588, -1.1020754489535431, 0.6425521969035544], [1.5546138440231925, -0.7042584581753547, -1.0275246356984684, 0.17716924985063062], [1.6901963432920997, -0.5116794194846485, -0.8950111584965591, -0.28350576531089217], [1.6878763903888925, -0.5181169309773146, -0.8998873011711254, -0.26987215824045246], [1.5150737410568345, -0.7285811474102943, -1.0506790960004622, 0.264186502353922], [1.5523639669298055, -0.6816891840061297, -1.0462501028115936, 0.17557531988791755], [1.4542339260757453, -0.8649814315169968, -0.9886729172552764, 0.39942042269652783], [1.5479485392037322, -0.7069240922352873, -1.0330693994258062, 0.19204495245736142], [1.7067960237980755, -0.47822779726882425, -0.841721537018801, -0.3868466895104502], [1.6607835189274316, -0.5632379598757702, -0.9501815342366524, -0.1473640248150089], [1.7084708847543792, -0.40461454188948937, -0.8354950897805575, -0.4683612530843323], [1.2655408980516214, -0.8807645121141816, -1.0723409405556072, 0.6875645546181676], [1.6576231322382748, -0.624280477103521, -0.9220482607514815, -0.11129439438327234], [1.7002539562154688, -0.48811718743012356, -0.8670667776715048, -0.34506999111384057], [1.4364540499119414, -0.7637476191241217, -1.0870270346263955, 0.41432060383857583], [1.6098131046491833, -0.6672319530480599, -0.9807381566440572, 0.03815700504293388], [1.6936379730707878, -0.47549175439857544, -0.8950433023973184, -0.32310291627489407], [1.6867188944236509, -0.508859682027161, -0.9070216000363757, -0.2708376123601141], [1.524449326813631, -0.7186296344943246, -1.0490340641468876, 0.24321437182758113], [1.2653268739822763, -0.8521193244871059, -1.0975219301732047, 0.6843143806780344], [1.4784695063136386, -0.7522545433298357, -1.064729507482229, 0.33851454449842605], [1.5036368515986274, -0.7476455205682351, -1.0467037287955292, 0.290712397765137], [1.1409673775201834, -0.9013674710892903, -1.0833466823427247, 0.8437467759118316], [1.073071830394253, -0.9161712036328872, -1.0776595680188543, 0.9207589412574886], [1.644478949069517, -0.6196476338133392, -0.9520667599876151, -0.0727645552685627], [1.4272146019872485, -0.8156695799629078, -1.051006688709402, 0.4394616666850614]]
totts	7.130625916141913
withinss	[0.0, 0.0, 0.0, 0.0, 0.0, 0.0, 0.0, 0.0, 0.0, 0.0, 0.0, 0.0, 0.0, 0.0, 0.0, 0.0, 0.0, 0.0, 0.0, 0.0, 0.0, 0.0, 0.0, 0.0, 0.0, 0.0003629389844266219, 0.0, 0.0, 0.0]
tot.withinss	0.0003629389844266219
betweenss	7.130262977157487
size	[1, 1, 1, 1, 1, 1, 1, 1, 1, 1, 1, 1, 1, 1, 1, 1, 1, 1, 1, 1, 1, 1, 1, 1, 1, 2, 1, 1, 1]
##########################クラスタ数3個の時の平均##########################
cl[1] = [1.5094792235057801, -0.17753821787557292, -0.5610184707855551, 1.7320452690620884]
cl[2] = [1.680176905491403, 0.48516718986568164, -0.5446699420697603, 1.7320244407693008]
cl[3] = [1.211007871519839, -0.3581576568308914, -0.5626191393805207, 1.7320492263683016]
##########################クラスタ数3個の時の標準偏差##########################
cl[1] = [0.05378943496551917, 0.10655556700928873, 0.006444460959486522, 7.002188451166311e-06]
cl[2] = [0.022733034335182215, 0.31860134436618204, 0.0283225609379377, 2.0057383666289302e-05]
cl[3] = [0.088200372387165, 0.06842022808434586, 0.01142578429883614, 2.2827897639333166e-06]
##########################異常データ(標準化)##########################
[0.646341871103445, -0.41551905083129725, -0.5719256732515322, 1.7320508074730308]
[0.547859439213649, -0.4589820004444586, -0.5723978663043507, 1.7320507161968641]
[1.3867007593287122, -0.1532241759918625, -0.5666225500282693, 1.7320501490978846]
[1.310340721530936, -0.19009324555819765, -0.5694405119974316, 1.7320503498408155]
[1.1993526179207339, -0.29458688587588183, -0.5732275739215147, 1.732050320178549]

[1.6914042923721284, 0.5864668037232681, -0.5588625939952108, 1.7320472801056919]
[1.6829946719932172, 0.42681434564674653, -0.556211848537172, 1.7320440571891003]
[1.69095513251991, 0.43344600542711603, -0.5509139355077511, 1.7320402468211331]
[1.6749837784660382, -0.047815510193772746, -0.5584056906426208, 1.7320480893021482]
[1.6448162153127137, 0.21156430658852746, -0.5579095920109081, 1.7320488085624832]

[1.623561564538612, 0.01838759200880545, -0.5728120594546161, 1.732048253146566]
[1.158092193783693, -0.38293297995938785, -0.5688039411366776, 1.7320506026064724]
[1.5973747528986297, 0.035271000113694134, -0.5644187444622908, 1.732049650434055]
[1.5753754060569556, -0.03525209363303282, -0.576468021622589, 1.732050180261083]
[1.379383943901385, 1.7186406681796387, -0.5655350819365336, 1.7320502055826756]

[1.3411285137116427, 1.6907710389987367, -0.5720977186975442, 1.7320505526103935]
[1.5103302058611299, -0.3865914325008787, -0.569373602115324, 1.7320501826718753]
[1.6663871181637222, -0.06678153775720319, -0.5699270658975347, 1.7320480908176883]
[1.7014225487764785, 0.3694227052182854, -0.5685692344703822, 1.7320468693393156]
[1.4132026151392978, -0.31663119396286143, -0.563491716122002, 1.7320501014221403]

[1.6545220065535926, -0.15836609449044864, -0.5666413436706572, 1.732047861058537]
[1.522860722521856, -0.47786512794169067, -0.5132746363632527, 1.7320455417145086]
[1.6731673089251378, 0.12793821545318576, -0.5347105665976447, 1.7320475612327053]
[1.7099722300675984, 0.7793772194317744, -0.5683601090872645, 1.7320462715866025]
[1.5945189602080325, 0.00245564917594663, -0.5606760507742967, 1.7320468572465202]

[1.6517173124607027, 0.21918370430437242, -0.5661201720060034, 1.7320477199950433]
[1.6386132652116072, 0.1084135852598381, -0.5601268545311276, 1.7320478770580585]
[1.253750934395372, -0.40079290794058486, -0.5680944088524891, 1.732049341506241]
[1.5087502255924012, -0.16066021731755822, -0.5685233955701966, 1.7320497568621522]
[1.4138135689853264, -0.30650825067597165, -0.5692012602635583, 1.7320499712116004]

##########################逸脱度##########################
6.544668003602107
7.736933138985295
2.550319310077459
2.8108162980215154
1.4044097340670945

1.3757746726612856
1.0823545844139453
0.9595610007629211
2.1156717297387897
2.202609480436265

3.2780436240383213
1.071226092601417
2.707167907066749
3.085946368279221
13.865607227986887

15.472216180153287
2.454109777560809
2.3568582972545
1.7227478495127881
2.351845471819501

2.7053078873949086
6.06786112597931
1.674712882802648
2.110656111880567
2.325328215128415

2.045699581869197
2.530675497975821
0.9248407535259786
1.3387421117230132
2.5090439424132547

##############################################################
タイムスロット0 = [16.308631312434535, 45.59411098268009, 6.544668003602107]
タイムスロット1 = [18.174265383895943, 49.924211724887854, 7.736933138985295]
タイムスロット2 = [2.550319310077459, 13.149841778084127, 3.636680792664949]
タイムスロット3 = [3.9943028520563453, 16.480144013811255, 2.8108162980215154]
タイムスロット4 = [6.2095048522604515, 21.35491094269891, 1.4044097340670945]
タイムスロット5 = [7.939936625737035, 1.3757746726612856, 14.869854522534617]
タイムスロット6 = [6.569668167055451, 1.0823545844139453, 12.87259655720324]
タイムスロット7 = [6.872678656809715, 0.9595610007629211, 13.416102791343254]
タイムスロット8 = [3.357975132426344, 2.1156717297387897, 6.973550289830167]
タイムスロット9 = [4.489234044072184, 2.202609480436265, 9.681433589679887]
タイムスロット10 = [3.37783607645047, 3.2780436240383213, 7.289983354499673]
タイムスロット11 = [6.959211454364829, 23.17939464496649, 1.071226092601417]
タイムスロット12 = [2.707167907066749, 4.1625509136594605, 7.232785321246185]
タイムスロット13 = [3.085946368279221, 5.179621318112014, 6.401809516495421]
タイムスロット14 = [17.986311937227825, 13.865607227986887, 30.41763994692277]
タイムスロット15 = [17.90949379819081, 15.472216180153287, 29.999659905639888]
タイムスロット16 = [2.454109777560809, 8.106539023943878, 3.4949411818794083]
タイムスロット17 = [3.415123578919698, 2.3568582972545, 6.741593119909582]
タイムスロット18 = [6.364544563943022, 1.7227478495127881, 12.055510724452326]
タイムスロット19 = [2.351845471819501, 12.096725085742673, 2.4034257144221076]
タイムスロット20 = [2.8638691024155882, 2.7053078873949086, 5.8561135508910125]
タイムスロット21 = [7.930531301529696, 7.704592129793332, 6.06786112597931]
タイムスロット22 = [5.852456773026668, 1.674712882802648, 9.188553715977253]
タイムスロット23 = [9.79080245038363, 2.110656111880567, 17.61663007743403]
タイムスロット24 = [2.325328215128415, 4.2499110551177015, 6.9131410948045815]
タイムスロット25 = [4.647968862812456, 2.045699581869197, 9.833558197659428]
タイムスロット26 = [3.6225754966253074, 2.530675497975821, 8.390628705781616]
タイムスロット27 = [5.341960527316043, 19.021569698444317, 0.9248407535259786]
タイムスロット28 = [1.3387421117230132, 7.954623619952735, 4.477589350029154]
タイムスロット29 = [2.5867513889521043, 12.07614729254986, 2.5090439424132547]
