##########################通常データ(標準化)##########################
[-0.28839265744941556, -0.44614730995087964, 1.9827679544750458, 1.039687526692828, 1.9999996912977396]
[-0.599440461594419, -0.4168478716800376, 1.9320935407535798, 1.9998825528058084, -0.5088933200087116]
[-0.5421824147249832, -0.4847665608024471, 1.996265163506497, 1.4778644282849838, 1.9967085747517688]
[-0.8200370957797252, -0.6180340582894741, 1.7201904180920504, -0.4319378988434787, 1.9999734089046282]
[-0.7433607262049463, -0.4292660260745834, 1.914372346739099, -0.45998805328640757, 1.9999881787235565]

[-0.5334304892830842, -0.30865231077533817, 1.9998659641897352, 1.7400862742257017, 1.8502113953577093]
[-0.6042223840832892, -0.6387112645086838, 1.8221007726050187, -0.19869616440291785, 1.9999863246700673]
[-0.5154766161427716, -0.38878412605701523, 1.9772517629017679, 1.9956000984298412, 1.9642382875532403]
[-0.7240074895831826, -0.5292190781742124, 1.90521568250481, -0.3997006682757941, 1.9999917716564493]
[-0.5867240310224889, -0.2660838601918447, 1.999017307058151, 1.956602253588785, 1.9194561530213723]

[-0.6006293760854289, -0.3699525548213535, 1.9899014570596392, 1.3109994677362558, 1.9997474527547996]
[-0.6450112990474405, -0.23089079699929604, 1.993092700867003, 1.9811123687565124, 1.989243159275487]
[-0.5881279809888369, -0.3007393564568809, 1.9936031113856976, 1.9647217983259397, 1.9893404944351551]
[-0.6119418897616893, -0.2893416179620764, 1.9896540862278764, 1.9955629187847663, 1.931725824295633]
[-0.6304722635723021, -0.2945654123972183, 1.9867235425856196, 1.9977749331469858, 1.769556130302842]

[-0.6440127362788091, -0.29883956757352037, 1.9905837337590553, -0.2905959123993611, 1.999657476768892]
[-0.7248247311612213, -0.438017291784972, 1.9363025314526068, 0.1728941220342228, 1.9999898048218856]
[-0.6100714240113294, -0.2650132644968339, 1.9945938009802684, 0.9542523742580735, 1.999867641993517]
[-0.7248528867799111, -0.47076879544546263, 1.926845311282279, -0.02032372480492766, 1.9999969822230588]
[-0.7295693682580469, -0.4904177244296174, 1.9450895756462467, -0.09657268990952374, 1.9999967850792535]

[-0.8783358843154199, -0.5761899770990178, 1.8681657796715168, 0.7904927847869493, 1.9999937653940587]
[-0.8055279807653007, -0.5424905931786035, 1.8691937678962725, -0.02655260855773102, 1.9999971720690888]
[-0.7660601369060227, -0.5164432259341095, 1.8844182706201091, -0.013590085901109947, 1.9999942967648894]
[-0.619323596142166, -0.3034122768733446, 1.9885979468597197, 0.6391948780806403, 1.999952967141884]
[-0.7772866895555501, -0.48532889918738875, 1.8699323614745929, -0.35766507029088945, 1.9999841296331455]

[-0.7933475623651507, -0.5316779050233141, 1.813825365546819, -0.2214028611590743, 1.9999963794726643]
[-0.8712621546166673, -0.7164814513897338, 1.7900633565968749, 0.17590317259987373, 1.9999950334835015]
[-0.8408177503739697, -0.6747631829556245, 1.5466164890789302, -0.4735210895472138, 1.9999959059863452]
[-0.736659730960852, -0.44044102172774474, 1.9354853063882012, -0.32744367092176485, 1.9999926974930042]
[-0.7816096225405978, -0.6217151806981508, 1.6646273582862465, -0.3896497305995268, 1.9999978446286362]

##########################クラスタ数##########################
2
##########################クラスタリング結果##########################
=====クラスタ数1個のとき＝＝＝＝＝
cluster	[1, 1, 1, 1, 1, 1, 1, 1, 1, 1, 1, 1, 1, 1, 1, 1, 1, 1, 1, 1, 1, 1, 1, 1, 1, 1, 1, 1, 1, 1]
centers	[-0.6779006476785004, -0.47645139258178815, 1.9173498290174193, -0.5846302915159797, -0.17836749724115078]
totts	7.9082062116205725
withinss	7.908206211620573
tot.withinss	7.908206211620573
betweenss	-8.881784197001252e-16
size	30
=====クラスタ数2個のとき＝＝＝＝＝
cluster	[2, 2, 2, 1, 1, 2, 1, 2, 1, 2, 2, 2, 2, 2, 2, 2, 1, 2, 1, 1, 1, 1, 1, 2, 1, 1, 1, 1, 1, 1]
centers	[[-0.770111387140616, -0.5743891079574196, 1.8588455152428136, -0.6916257080290711, 0.17728068788429283], [-0.5725169454360831, -0.36452257500963786, 1.9842119019026825, -0.4623498155010183, -0.5848225659559434]]
totts	7.9082062116205725
withinss	[1.7907902754315577, 0.6505237521929863]
tot.withinss	2.4413140276245437
betweenss	5.466892183996029
size	[16, 14]
=====クラスタ数3個のとき＝＝＝＝＝
cluster	[3, 2, 3, 1, 1, 3, 1, 2, 1, 3, 3, 2, 2, 2, 2, 3, 1, 3, 1, 1, 1, 1, 1, 3, 1, 1, 1, 1, 1, 1]
centers	[[-0.770111387140616, -0.5743891079574196, 1.8588455152428136, -0.6916257080290711, 0.17728068788429283], [-0.5984117518512432, -0.34731111571000906, 1.9763261720515093, -0.3457468353175462, -0.6848564691727107], [-0.5530958406247132, -0.37743116948435934, 1.990126199291063, -0.5498020506386223, -0.509797138543368]]
totts	7.9082062116205725
withinss	[1.7907902754315577, 0.16106380989007502, 0.2308239754174349]
tot.withinss	2.1826780607390677
betweenss	5.725528150881505
size	[16, 6, 8]
=====クラスタ数4個のとき＝＝＝＝＝
cluster	[2, 1, 2, 3, 4, 2, 3, 1, 4, 2, 2, 1, 1, 1, 1, 2, 4, 2, 4, 4, 4, 4, 4, 2, 4, 3, 3, 3, 4, 3]
centers	[[-0.5984117518512432, -0.34731111571000906, 1.9763261720515093, -0.3457468353175462, -0.6848564691727107], [-0.5530958406247132, -0.37743116948435934, 1.990126199291063, -0.5498020506386223, -0.509797138543368], [-0.7852160949599, -0.6734516202397183, 1.748312120087414, -0.7590203743013942, 0.4693759694135983], [-0.7610485624490455, -0.5149516005880405, 1.9251655523360536, -0.6511889082656773, 0.00202351896670952]]
totts	7.9082062116205725
withinss	[0.16106380989007502, 0.2308239754174349, 0.4612656054017481, 0.25316441867420986]
tot.withinss	1.1063178093834678
betweenss	6.801888402237105
size	[6, 8, 6, 10]
=====クラスタ数5個のとき＝＝＝＝＝
cluster	[2, 1, 5, 4, 4, 5, 4, 1, 4, 3, 5, 3, 3, 3, 3, 5, 4, 5, 4, 4, 4, 4, 4, 5, 4, 4, 4, 4, 4, 4]
centers	[[-0.5574585388685953, -0.455106700213059, 1.9649184681464393, -0.2021304389402157, -0.7502227901245695], [-0.28839265744941556, -0.5892518068696793, 1.987899607571554, -0.5828213605298332, -0.527433782722626], [-0.6124554928785516, -0.2893416841512043, 1.9828412649276075, -0.43978489667280457, -0.641259191225047], [-0.770111387140616, -0.5743891079574196, 1.8588455152428136, -0.6916257080290711, 0.17728068788429283], [-0.5916083394209669, -0.3595237370138517, 1.9911706263558477, -0.5478151158733281, -0.49222343404770125]]
totts	7.9082062116205725
withinss	[0.03504466646452598, 0.0, 0.02448035741804815, 1.7907902754315577, 0.08157889070280944]
tot.withinss	1.9318941900169413
betweenss	5.976312021603631
size	[2, 1, 5, 16, 6]
=====クラスタ数6個のとき＝＝＝＝＝
cluster	[5, 2, 4, 6, 1, 4, 1, 2, 1, 3, 4, 3, 3, 3, 3, 4, 1, 4, 1, 1, 1, 1, 1, 4, 1, 1, 1, 6, 1, 6]
centers	[[-0.7599475173504278, -0.5541857668117174, 1.9051781009468982, -0.6583046859463246, 0.06725986916157131], [-0.5574585388685953, -0.455106700213059, 1.9649184681464393, -0.2021304389402157, -0.7502227901245695], [-0.6124554928785516, -0.2893416841512043, 1.9828412649276075, -0.43978489667280457, -0.641259191225047], [-0.5916083394209669, -0.3595237370138517, 1.9911706263558477, -0.5478151158733281, -0.49222343404770125], [-0.28839265744941556, -0.5892518068696793, 1.987899607571554, -0.5828213605298332, -0.527433782722626], [-0.8141548228980975, -0.6619369195887962, 1.6580709771917805, -0.8360168037209729, 0.654037569016086]]
totts	7.9082062116205725
withinss	[0.6209496913110317, 0.03504466646452598, 0.02448035741804815, 0.08157889070280944, 0.0, 0.0693085069291598]
tot.withinss	0.831362112825575
betweenss	7.076844098794997
size	[13, 2, 5, 6, 1, 3]
=====クラスタ数7個のとき＝＝＝＝＝
cluster	[1, 3, 1, 2, 5, 1, 4, 3, 5, 7, 1, 7, 7, 7, 7, 1, 6, 1, 6, 6, 6, 5, 5, 1, 5, 4, 4, 2, 6, 2]
centers	[[-0.5482918134250309, -0.3923420327075413, 1.9907033379580916, -0.5528160079671146, -0.49725348385840473], [-0.8141548228980975, -0.6619369195887962, 1.6580709771917805, -0.8360168037209729, 0.654037569016086], [-0.5574585388685953, -0.455106700213059, 1.9649184681464393, -0.2021304389402157, -0.7502227901245695], [-0.7562773670217023, -0.6849663208906405, 1.8385532629830472, -0.6820239448818154, 0.2847143698111106], [-0.7632486046030006, -0.5199312582131204, 1.905324082542006, -0.7083679477724778, 0.08622372804659281], [-0.7588485202950903, -0.5099719429629606, 1.9450070221301012, -0.5940098687588768, -0.08217669011317377], [-0.6124554928785516, -0.2893416841512043, 1.9828412649276075, -0.43978489667280457, -0.641259191225047]]
totts	7.9082062116205725
withinss	[0.20774229749349937, 0.0693085069291598, 0.03504466646452598, 0.0971059463446772, 0.03821757040156445, 0.10712245960117932, 0.02448035741804815]
tot.withinss	0.5790218046526543
betweenss	7.329184406967919
size	[7, 3, 2, 3, 5, 5, 5]
=====クラスタ数8個のとき＝＝＝＝＝
cluster	[1, 5, 6, 4, 7, 6, 3, 5, 7, 2, 6, 2, 2, 2, 2, 6, 8, 6, 8, 8, 8, 7, 7, 6, 7, 3, 3, 4, 8, 4]
centers	[[-0.28839265744941556, -0.5892518068696793, 1.987899607571554, -0.5828213605298332, -0.527433782722626], [-0.6124554928785516, -0.2893416841512043, 1.9828412649276075, -0.43978489667280457, -0.641259191225047], [-0.7562773670217023, -0.6849663208906405, 1.8385532629830472, -0.6820239448818154, 0.2847143698111106], [-0.8141548228980975, -0.6619369195887962, 1.6580709771917805, -0.8360168037209729, 0.654037569016086], [-0.5574585388685953, -0.455106700213059, 1.9649184681464393, -0.2021304389402157, -0.7502227901245695], [-0.5916083394209669, -0.3595237370138517, 1.9911706263558477, -0.5478151158733281, -0.49222343404770125], [-0.7632486046030006, -0.5199312582131204, 1.905324082542006, -0.7083679477724778, 0.08622372804659281], [-0.7588485202950903, -0.5099719429629606, 1.9450070221301012, -0.5940098687588768, -0.08217669011317377]]
totts	7.9082062116205725
withinss	[0.0, 0.02448035741804815, 0.0971059463446772, 0.0693085069291598, 0.03504466646452598, 0.08157889070280944, 0.03821757040156445, 0.10712245960117932]
tot.withinss	0.45285839786196436
betweenss	7.455347813758608
size	[1, 5, 3, 3, 2, 6, 5, 5]
=====クラスタ数9個のとき＝＝＝＝＝
cluster	[6, 2, 1, 8, 9, 5, 7, 1, 9, 3, 5, 3, 3, 3, 3, 5, 4, 5, 4, 4, 4, 9, 9, 5, 9, 7, 7, 8, 4, 8]
centers	[[-0.5288295154338774, -0.4731925069704801, 1.9916659111999233, -0.38835831202452586, -0.6012855767710399], [-0.599440461594419, -0.4669111078405509, 1.9458027681914078, -0.0863139893679039, -0.793137209388534], [-0.6124554928785516, -0.2893416841512043, 1.9828412649276075, -0.43978489667280457, -0.641259191225047], [-0.7588485202950903, -0.5099719429629606, 1.9450070221301012, -0.5940098687588768, -0.08217669011317377], [-0.6014935243601636, -0.3308119401455434, 1.9895452207673423, -0.5656241919406889, -0.4916155643209465], [-0.28839265744941556, -0.5892518068696793, 1.987899607571554, -0.5828213605298332, -0.527433782722626], [-0.7562773670217023, -0.6849663208906405, 1.8385532629830472, -0.6820239448818154, 0.2847143698111106], [-0.8141548228980975, -0.6619369195887962, 1.6580709771917805, -0.8360168037209729, 0.654037569016086], [-0.7632486046030006, -0.5199312582131204, 1.905324082542006, -0.7083679477724778, 0.08622372804659281]]
totts	7.9082062116205725
withinss	[0.03465713953143905, 0.0, 0.02448035741804815, 0.10712245960117932, 0.0443111267029891, 0.0, 0.0971059463446772, 0.0693085069291598, 0.03821757040156445]
tot.withinss	0.41520310692905704
betweenss	7.493003104691516
size	[2, 1, 5, 5, 5, 1, 3, 3, 5]
=====クラスタ数10個のとき＝＝＝＝＝
cluster	[1, 3, 5, 7, 4, 10, 2, 3, 4, 10, 5, 9, 9, 9, 9, 6, 4, 10, 4, 4, 4, 2, 4, 6, 2, 2, 2, 8, 4, 7]
centers	[[-0.28839265744941556, -0.5892518068696793, 1.987899607571554, -0.5828213605298332, -0.527433782722626], [-0.7703293542771916, -0.6247283730221417, 1.8587140608541328, -0.6908615004158861, 0.22720516686108666], [-0.5574585388685953, -0.455106700213059, 1.9649184681464393, -0.2021304389402157, -0.7502227901245695], [-0.7534588692712004, -0.5100966379302021, 1.9342181260048767, -0.6379566769028485, -0.03270594190062577], [-0.571405895405206, -0.4527637744866637, 1.9976599219500968, -0.4725587553404216, -0.5009314967178055], [-0.6316681662104875, -0.31988872501032517, 1.9861991875457927, -0.6081075223277523, -0.4265347739972277], [-0.8008233591601615, -0.649789265555454, 1.7098759562020285, -0.8280385022551477, 0.568775170768735], [-0.8408177503739697, -0.6862322276554802, 1.5544610191712849, -0.8519734066526236, 0.8245623655107882], [-0.6188883583425672, -0.29341332345848414, 1.982030024004044, -0.4175550335062114, -0.6521733086967814], [-0.5767419814389675, -0.2949641833370726, 1.98846392258839, -0.5514208297475993, -0.5653369280647503]]
totts	7.9082062116205725
withinss	[0.0, 0.16288692628934032, 0.03504466646452598, 0.18274394466014648, 0.007221923580535859, 0.0039052933190332146, 0.007254232189171497, 0.0, 0.011042299554947201, 0.008115816735966726]
tot.withinss	0.4182151027936673
betweenss	7.4899911088269056
size	[1, 5, 2, 8, 2, 2, 2, 1, 4, 3]
=====クラスタ数11個のとき＝＝＝＝＝
cluster	[6, 8, 7, 11, 2, 3, 4, 8, 10, 9, 7, 9, 9, 9, 9, 3, 1, 3, 1, 1, 5, 10, 10, 3, 10, 4, 4, 11, 2, 11]
centers	[[-0.7264156620663931, -0.49201728432186265, 1.953871136805916, -0.6332715433613889, -0.10216664705627147], [-0.7400102285828991, -0.4413205001723118, 1.931304134774553, -0.7242500860704371, -0.02572331994890506], [-0.6017095614288472, -0.3129037182774457, 1.9879259785587235, -0.5854432961397814, -0.4878694027126492], [-0.7562773670217023, -0.6849663208906405, 1.8385532629830472, -0.6820239448818154, 0.2847143698111106], [-0.8783358843154199, -0.6277901659230344, 1.9214615947929856, -0.37520749047054813, -0.04012805408398379], [-0.28839265744941556, -0.5892518068696793, 1.987899607571554, -0.5828213605298332, -0.527433782722626], [-0.571405895405206, -0.4527637744866637, 1.9976599219500968, -0.4725587553404216, -0.5009314967178055], [-0.5574585388685953, -0.455106700213059, 1.9649184681464393, -0.2021304389402157, -0.7502227901245695], [-0.6124554928785516, -0.2893416841512043, 1.9828412649276075, -0.43978489667280457, -0.641259191225047], [-0.768220574202514, -0.5407582466617896, 1.9014930621501738, -0.697091697490296, 0.10457745620442588], [-0.8141548228980975, -0.6619369195887962, 1.6580709771917805, -0.8360168037209729, 0.654037569016086]]
totts	7.9082062116205725
withinss	[0.003467961563711564, 0.004971080721663512, 0.02970705378554511, 0.0971059463446772, 0.0, 0.0, 0.007221923580535859, 0.03504466646452598, 0.02448035741804815, 0.019474094311561274, 0.0693085069291598]
tot.withinss	0.2907815911194285
betweenss	7.6174246205011436
size	[3, 2, 4, 3, 1, 1, 2, 2, 5, 4, 3]
=====クラスタ数12個のとき＝＝＝＝＝
cluster	[11, 9, 8, 4, 10, 3, 7, 9, 12, 3, 8, 5, 5, 5, 5, 2, 10, 3, 10, 10, 6, 12, 12, 2, 12, 12, 1, 4, 10, 4]
centers	[[-0.8712621546166673, -0.7445901437682181, 1.817803675680413, -0.5262317250675579, 0.3242803477720301], [-0.6316681662104875, -0.31988872501032517, 1.9861991875457927, -0.6081075223277523, -0.4265347739972277], [-0.5767419814389675, -0.2949641833370726, 1.98846392258839, -0.5514208297475993, -0.5653369280647503], [-0.8141548228980975, -0.6619369195887962, 1.6580709771917805, -0.8360168037209729, 0.654037569016086], [-0.6188883583425672, -0.29341332345848414, 1.982030024004044, -0.4175550335062114, -0.6521733086967814], [-0.8783358843154199, -0.6277901659230344, 1.9214615947929856, -0.37520749047054813, -0.04012805408398379], [-0.6042223840832892, -0.7390585564692755, 1.8560492251044893, -0.7625083255798818, 0.24974004102795722], [-0.571405895405206, -0.4527637744866637, 1.9976599219500968, -0.4725587553404216, -0.5009314967178055], [-0.5574585388685953, -0.455106700213059, 1.9649184681464393, -0.2021304389402157, -0.7502227901245695], [-0.7318534886729955, -0.4717385706620423, 1.944844335993371, -0.6696629604450082, -0.0715893162133249], [-0.28839265744941556, -0.5892518068696793, 1.987899607571554, -0.5828213605298332, -0.527433782722626], [-0.7732459718350413, -0.5468566498163172, 1.889555827352987, -0.709139714791838, 0.1396865090902096]]
totts	7.9082062116205725
withinss	[0.0, 0.0039052933190332146, 0.008115816735966726, 0.0693085069291598, 0.011042299554947201, 0.0, 0.0, 0.007221923580535859, 0.03504466646452598, 0.02930095016769586, 0.0, 0.05112895496032819]
tot.withinss	0.21506841171219282
betweenss	7.69313779990838
size	[1, 2, 3, 3, 4, 1, 1, 2, 2, 5, 1, 5]
=====クラスタ数13個のとき＝＝＝＝＝
cluster	[3, 8, 5, 13, 10, 12, 9, 6, 1, 12, 5, 7, 7, 7, 7, 11, 4, 12, 4, 4, 2, 1, 1, 11, 1, 9, 9, 13, 10, 13]
centers	[[-0.768220574202514, -0.5407582466617896, 1.9014930621501738, -0.697091697490296, 0.10457745620442588], [-0.8783358843154199, -0.6277901659230344, 1.9214615947929856, -0.37520749047054813, -0.04012805408398379], [-0.28839265744941556, -0.5892518068696793, 1.987899607571554, -0.5828213605298332, -0.527433782722626], [-0.7264156620663931, -0.49201728432186265, 1.953871136805916, -0.6332715433613889, -0.10216664705627147], [-0.571405895405206, -0.4527637744866637, 1.9976599219500968, -0.4725587553404216, -0.5009314967178055], [-0.5154766161427716, -0.443302292585567, 1.9840341681014708, -0.3179468885125275, -0.7073083708606048], [-0.6188883583425672, -0.29341332345848414, 1.982030024004044, -0.4175550335062114, -0.6521733086967814], [-0.599440461594419, -0.4669111078405509, 1.9458027681914078, -0.0863139893679039, -0.793137209388534], [-0.7562773670217023, -0.6849663208906405, 1.8385532629830472, -0.6820239448818154, 0.2847143698111106], [-0.7400102285828991, -0.4413205001723118, 1.931304134774553, -0.7242500860704371, -0.02572331994890506], [-0.6316681662104875, -0.31988872501032517, 1.9861991875457927, -0.6081075223277523, -0.4265347739972277], [-0.5767419814389675, -0.2949641833370726, 1.98846392258839, -0.5514208297475993, -0.5653369280647503], [-0.8141548228980975, -0.6619369195887962, 1.6580709771917805, -0.8360168037209729, 0.654037569016086]]
totts	7.9082062116205725
withinss	[0.019474094311561274, 0.0, 0.0, 0.003467961563711564, 0.007221923580535859, 0.0, 0.011042299554947201, 0.0, 0.0971059463446772, 0.004971080721663512, 0.0039052933190332146, 0.008115816735966726, 0.0693085069291598]
tot.withinss	0.22461292306125635
betweenss	7.683593288559316
size	[4, 1, 1, 3, 2, 1, 4, 1, 3, 2, 2, 3, 3]
=====クラスタ数14個のとき＝＝＝＝＝
cluster	[12, 13, 6, 11, 8, 9, 7, 3, 8, 9, 6, 1, 1, 1, 1, 5, 14, 9, 14, 14, 2, 8, 8, 5, 8, 10, 4, 11, 14, 11]
centers	[[-0.6188883583425672, -0.29341332345848414, 1.982030024004044, -0.4175550335062114, -0.6521733086967814], [-0.8783358843154199, -0.6277901659230344, 1.9214615947929856, -0.37520749047054813, -0.04012805408398379], [-0.5154766161427716, -0.443302292585567, 1.9840341681014708, -0.3179468885125275, -0.7073083708606048], [-0.8712621546166673, -0.7445901437682181, 1.817803675680413, -0.5262317250675579, 0.3242803477720301], [-0.6316681662104875, -0.31988872501032517, 1.9861991875457927, -0.6081075223277523, -0.4265347739972277], [-0.571405895405206, -0.4527637744866637, 1.9976599219500968, -0.4725587553404216, -0.5009314967178055], [-0.6042223840832892, -0.7390585564692755, 1.8560492251044893, -0.7625083255798818, 0.24974004102795722], [-0.7632486046030006, -0.5199312582131204, 1.905324082542006, -0.7083679477724778, 0.08622372804659281], [-0.5767419814389675, -0.2949641833370726, 1.98846392258839, -0.5514208297475993, -0.5653369280647503], [-0.7933475623651507, -0.5712502624344276, 1.84180688816424, -0.7573317839980064, 0.2801227206333445], [-0.8141548228980975, -0.6619369195887962, 1.6580709771917805, -0.8360168037209729, 0.654037569016086], [-0.28839265744941556, -0.5892518068696793, 1.987899607571554, -0.5828213605298332, -0.527433782722626], [-0.599440461594419, -0.4669111078405509, 1.9458027681914078, -0.0863139893679039, -0.793137209388534], [-0.7289766792900079, -0.480517387222942, 1.95089337896438, -0.648710463330959, -0.09268884912047126]]
totts	7.9082062116205725
withinss	[0.011042299554947201, 0.0, 0.0, 0.0, 0.0039052933190332146, 0.007221923580535859, 0.0, 0.03821757040156445, 0.008115816735966726, 0.0, 0.0693085069291598, 0.0, 0.0, 0.009178310217394278]
tot.withinss	0.14698972073860153
betweenss	7.761216490881971
size	[4, 1, 1, 1, 2, 2, 1, 5, 3, 1, 3, 1, 1, 4]
=====クラスタ数15個のとき＝＝＝＝＝
cluster	[5, 14, 1, 3, 7, 10, 12, 13, 7, 10, 1, 11, 11, 11, 11, 9, 2, 4, 2, 2, 6, 7, 7, 4, 7, 12, 15, 8, 2, 3]
centers	[[-0.571405895405206, -0.4527637744866637, 1.9976599219500968, -0.4725587553404216, -0.5009314967178055], [-0.7289766792900079, -0.480517387222942, 1.95089337896438, -0.648710463330959, -0.09268884912047126], [-0.8008233591601615, -0.649789265555454, 1.7098759562020285, -0.8280385022551477, 0.568775170768735], [-0.6146975100767478, -0.31249137221157053, 1.9888635823955467, -0.5730358438604115, -0.488638856246817], [-0.28839265744941556, -0.5892518068696793, 1.987899607571554, -0.5828213605298332, -0.527433782722626], [-0.8783358843154199, -0.6277901659230344, 1.9214615947929856, -0.37520749047054813, -0.04012805408398379], [-0.7632486046030006, -0.5199312582131204, 1.905324082542006, -0.7083679477724778, 0.08622372804659281], [-0.8408177503739697, -0.6862322276554802, 1.5544610191712849, -0.8519734066526236, 0.8245623655107882], [-0.6440127362788091, -0.30417539661376974, 1.9823844813793958, -0.6356216908549809, -0.3985746576318362], [-0.5600772601527866, -0.29775592949747864, 1.988839248343133, -0.5443920776612494, -0.5866139810316182], [-0.6188883583425672, -0.29341332345848414, 1.982030024004044, -0.4175550335062114, -0.6521733086967814], [-0.69878497322422, -0.6551544094518515, 1.8489280566343647, -0.7599200547889441, 0.2649313808306508], [-0.5154766161427716, -0.443302292585567, 1.9840341681014708, -0.3179468885125275, -0.7073083708606048], [-0.599440461594419, -0.4669111078405509, 1.9458027681914078, -0.0863139893679039, -0.793137209388534], [-0.8712621546166673, -0.7445901437682181, 1.817803675680413, -0.5262317250675579, 0.3242803477720301]]
totts	7.9082062116205725
withinss	[0.007221923580535859, 0.009178310217394278, 0.007254232189171497, 0.0035595076730345404, 0.0, 0.0, 0.03821757040156445, 0.0, 0.0, 0.00338923279333468, 0.011042299554947201, 0.032540352285651976, 0.0, 0.0, 0.0]
tot.withinss	0.11240342869563448
betweenss	7.795802782924938
size	[2, 4, 2, 2, 1, 1, 5, 1, 1, 2, 4, 2, 1, 1, 1]
=====クラスタ数16個のとき＝＝＝＝＝
cluster	[9, 15, 6, 11, 13, 14, 4, 5, 13, 14, 6, 3, 16, 10, 10, 12, 2, 14, 2, 2, 7, 13, 13, 12, 13, 4, 8, 1, 2, 11]
centers	[[-0.8408177503739697, -0.6862322276554802, 1.5544610191712849, -0.8519734066526236, 0.8245623655107882], [-0.7289766792900079, -0.480517387222942, 1.95089337896438, -0.648710463330959, -0.09268884912047126], [-0.6450112990474405, -0.2387518735299355, 1.977208629292819, -0.44724278105358173, -0.6462026756618613], [-0.69878497322422, -0.6551544094518515, 1.8489280566343647, -0.7599200547889441, 0.2649313808306508], [-0.5154766161427716, -0.443302292585567, 1.9840341681014708, -0.3179468885125275, -0.7073083708606048], [-0.571405895405206, -0.4527637744866637, 1.9976599219500968, -0.4725587553404216, -0.5009314967178055], [-0.8783358843154199, -0.6277901659230344, 1.9214615947929856, -0.37520749047054813, -0.04012805408398379], [-0.8712621546166673, -0.7445901437682181, 1.817803675680413, -0.5262317250675579, 0.3242803477720301], [-0.28839265744941556, -0.5892518068696793, 1.987899607571554, -0.5828213605298332, -0.527433782722626], [-0.6212070766669957, -0.3069093649141289, 1.9814189107929394, -0.38732771791964093, -0.6659747512921739], [-0.8008233591601615, -0.649789265555454, 1.7098759562020285, -0.8280385022551477, 0.568775170768735], [-0.6316681662104875, -0.31988872501032517, 1.9861991875457927, -0.6081075223277523, -0.4265347739972277], [-0.7632486046030006, -0.5199312582131204, 1.905324082542006, -0.7083679477724778, 0.08622372804659281], [-0.5767419814389675, -0.2949641833370726, 1.98846392258839, -0.5514208297475993, -0.5653369280647503], [-0.599440461594419, -0.4669111078405509, 1.9458027681914078, -0.0863139893679039, -0.793137209388534], [-0.5881279809888369, -0.3210826904757432, 1.9880736451374788, -0.448321917131982, -0.6305410565409165]]
totts	7.9082062116205725
withinss	[0.0, 0.009178310217394278, 0.0, 0.032540352285651976, 0.0, 0.007221923580535859, 0.0, 0.0, 0.0, 0.0006847583029266448, 0.007254232189171497, 0.0039052933190332146, 0.03821757040156445, 0.008115816735966726, 0.0, 0.0]
tot.withinss	0.10711825703224465
betweenss	7.801087954588327
size	[1, 4, 1, 2, 1, 2, 1, 1, 1, 2, 2, 2, 5, 3, 1, 1]
=====クラスタ数17個のとき＝＝＝＝＝
cluster	[16, 13, 6, 1, 15, 7, 2, 13, 17, 7, 6, 10, 10, 10, 10, 5, 8, 12, 8, 8, 11, 17, 17, 12, 17, 14, 9, 4, 15, 3]
centers	[[-0.8200370957797252, -0.6301272140691586, 1.7328498386901863, -0.807583988782311, 0.5248984599410087], [-0.6042223840832892, -0.7390585564692755, 1.8560492251044893, -0.7625083255798818, 0.24974004102795722], [-0.7816096225405978, -0.6694513170417495, 1.6869020737138707, -0.8484930157279844, 0.6126518815964612], [-0.8408177503739697, -0.6862322276554802, 1.5544610191712849, -0.8519734066526236, 0.8245623655107882], [-0.6440127362788091, -0.30417539661376974, 1.9823844813793958, -0.6356216908549809, -0.3985746576318362], [-0.571405895405206, -0.4527637744866637, 1.9976599219500968, -0.4725587553404216, -0.5009314967178055], [-0.5600772601527866, -0.29775592949747864, 1.988839248343133, -0.5443920776612494, -0.5866139810316182], [-0.7264156620663931, -0.49201728432186265, 1.953871136805916, -0.6332715433613889, -0.10216664705627147], [-0.8712621546166673, -0.7445901437682181, 1.817803675680413, -0.5262317250675579, 0.3242803477720301], [-0.6188883583425672, -0.29341332345848414, 1.982030024004044, -0.4175550335062114, -0.6521733086967814], [-0.8783358843154199, -0.6277901659230344, 1.9214615947929856, -0.37520749047054813, -0.04012805408398379], [-0.6146975100767478, -0.31249137221157053, 1.9888635823955467, -0.5730358438604115, -0.488638856246817], [-0.5574585388685953, -0.455106700213059, 1.9649184681464393, -0.2021304389402157, -0.7502227901245695], [-0.7933475623651507, -0.5712502624344276, 1.84180688816424, -0.7573317839980064, 0.2801227206333445], [-0.7400102285828991, -0.4413205001723118, 1.931304134774553, -0.7242500860704371, -0.02572331994890506], [-0.28839265744941556, -0.5892518068696793, 1.987899607571554, -0.5828213605298332, -0.527433782722626], [-0.768220574202514, -0.5407582466617896, 1.9014930621501738, -0.697091697490296, 0.10457745620442588]]
totts	7.9082062116205725
withinss	[0.0, 0.0, 0.0, 0.0, 0.0, 0.007221923580535859, 0.00338923279333468, 0.003467961563711564, 0.0, 0.011042299554947201, 0.0, 0.0035595076730345404, 0.03504466646452598, 0.0, 0.004971080721663512, 0.0, 0.019474094311561274]
tot.withinss	0.08817076666331461
betweenss	7.8200354449572576
size	[1, 1, 1, 1, 1, 2, 2, 3, 1, 4, 1, 2, 2, 1, 2, 1, 4]
=====クラスタ数18個のとき＝＝＝＝＝
cluster	[1, 5, 17, 15, 8, 3, 7, 13, 16, 3, 17, 18, 4, 4, 4, 14, 10, 3, 10, 10, 12, 16, 16, 14, 16, 2, 11, 6, 8, 9]
centers	[[-0.28839265744941556, -0.5892518068696793, 1.987899607571554, -0.5828213605298332, -0.527433782722626], [-0.7933475623651507, -0.5712502624344276, 1.84180688816424, -0.7573317839980064, 0.2801227206333445], [-0.5767419814389675, -0.2949641833370726, 1.98846392258839, -0.5514208297475993, -0.5653369280647503], [-0.6101807114409428, -0.31163380676800034, 1.9836371555744525, -0.407659117657088, -0.6541635197084216], [-0.599440461594419, -0.4669111078405509, 1.9458027681914078, -0.0863139893679039, -0.793137209388534], [-0.8408177503739697, -0.6862322276554802, 1.5544610191712849, -0.8519734066526236, 0.8245623655107882], [-0.6042223840832892, -0.7390585564692755, 1.8560492251044893, -0.7625083255798818, 0.24974004102795722], [-0.7400102285828991, -0.4413205001723118, 1.931304134774553, -0.7242500860704371, -0.02572331994890506], [-0.7816096225405978, -0.6694513170417495, 1.6869020737138707, -0.8484930157279844, 0.6126518815964612], [-0.7264156620663931, -0.49201728432186265, 1.953871136805916, -0.6332715433613889, -0.10216664705627147], [-0.8712621546166673, -0.7445901437682181, 1.817803675680413, -0.5262317250675579, 0.3242803477720301], [-0.8783358843154199, -0.6277901659230344, 1.9214615947929856, -0.37520749047054813, -0.04012805408398379], [-0.5154766161427716, -0.443302292585567, 1.9840341681014708, -0.3179468885125275, -0.7073083708606048], [-0.6316681662104875, -0.31988872501032517, 1.9861991875457927, -0.6081075223277523, -0.4265347739972277], [-0.8200370957797252, -0.6301272140691586, 1.7328498386901863, -0.807583988782311, 0.5248984599410087], [-0.768220574202514, -0.5407582466617896, 1.9014930621501738, -0.697091697490296, 0.10457745620442588], [-0.571405895405206, -0.4527637744866637, 1.9976599219500968, -0.4725587553404216, -0.5009314967178055], [-0.6450112990474405, -0.2387518735299355, 1.977208629292819, -0.44724278105358173, -0.6462026756618613]]
totts	7.9082062116205725
withinss	[0.0, 0.0, 0.008115816735966726, 0.004894914488817791, 0.0, 0.0, 0.0, 0.004971080721663512, 0.0, 0.003467961563711564, 0.0, 0.0, 0.0, 0.0039052933190332146, 0.0, 0.019474094311561274, 0.007221923580535859, 0.0]
tot.withinss	0.05205108472128994
betweenss	7.856155126899282
size	[1, 1, 3, 3, 1, 1, 1, 2, 1, 3, 1, 1, 1, 2, 1, 4, 2, 1]
=====クラスタ数19個のとき＝＝＝＝＝
cluster	[8, 12, 9, 7, 17, 15, 16, 14, 4, 15, 9, 2, 2, 2, 2, 5, 18, 15, 13, 18, 3, 19, 4, 5, 11, 1, 6, 7, 10, 7]
centers	[[-0.7933475623651507, -0.5712502624344276, 1.84180688816424, -0.7573317839980064, 0.2801227206333445], [-0.6188883583425672, -0.29341332345848414, 1.982030024004044, -0.4175550335062114, -0.6521733086967814], [-0.8783358843154199, -0.6277901659230344, 1.9214615947929856, -0.37520749047054813, -0.04012805408398379], [-0.7450338132446026, -0.5471450421041855, 1.914030866639587, -0.6900655612636, 0.06821354997280107], [-0.6316681662104875, -0.31988872501032517, 1.9861991875457927, -0.6081075223277523, -0.4265347739972277], [-0.8712621546166673, -0.7445901437682181, 1.817803675680413, -0.5262317250675579, 0.3242803477720301], [-0.8141548228980975, -0.6619369195887962, 1.6580709771917805, -0.8360168037209729, 0.654037569016086], [-0.28839265744941556, -0.5892518068696793, 1.987899607571554, -0.5828213605298332, -0.527433782722626], [-0.571405895405206, -0.4527637744866637, 1.9976599219500968, -0.4725587553404216, -0.5009314967178055], [-0.736659730960852, -0.4460176959261802, 1.9419601054397722, -0.6950272232396694, -0.06425545531307066], [-0.7772866895555501, -0.5003948867488589, 1.883859079933908, -0.7573902725874047, 0.15121276895790564], [-0.599440461594419, -0.4669111078405509, 1.9458027681914078, -0.0863139893679039, -0.793137209388534], [-0.7248528867799111, -0.5019009974270057, 1.947113167015374, -0.6534161056952592, -0.06694317711319799], [-0.5154766161427716, -0.443302292585567, 1.9840341681014708, -0.3179468885125275, -0.7073083708606048], [-0.5767419814389675, -0.2949641833370726, 1.98846392258839, -0.5514208297475993, -0.5653369280647503], [-0.6042223840832892, -0.7390585564692755, 1.8560492251044893, -0.7625083255798818, 0.24974004102795722], [-0.7433607262049463, -0.4366233044184434, 1.9206481641093338, -0.7534729489012046, 0.012808815415260535], [-0.7271970497096341, -0.48707542776929114, 1.957250121701187, -0.6231992621944538, -0.11977838202780822], [-0.8055279807653007, -0.5683480156899287, 1.894051435387614, -0.6508453948465798, 0.13066995591419572]]
totts	7.9082062116205725
withinss	[0.0, 0.011042299554947201, 0.0, 0.002398388663975782, 0.0039052933190332146, 0.0, 0.0693085069291598, 0.0, 0.007221923580535859, 0.0, 0.0, 0.0, 0.0, 0.0, 0.008115816735966726, 0.0, 0.0, 0.0007795169134848412, 0.0]
tot.withinss	0.10277174569710341
betweenss	7.805434465923469
size	[1, 4, 1, 2, 2, 1, 3, 1, 2, 1, 1, 1, 1, 1, 3, 1, 1, 2, 1]
=====クラスタ数20個のとき＝＝＝＝＝
cluster	[18, 11, 14, 12, 3, 15, 4, 13, 7, 15, 14, 8, 8, 8, 8, 5, 10, 15, 6, 10, 1, 17, 16, 5, 20, 2, 19, 9, 6, 12]
centers	[[-0.8783358843154199, -0.6277901659230344, 1.9214615947929856, -0.37520749047054813, -0.04012805408398379], [-0.7933475623651507, -0.5712502624344276, 1.84180688816424, -0.7573317839980064, 0.2801227206333445], [-0.7433607262049463, -0.4366233044184434, 1.9206481641093338, -0.7534729489012046, 0.012808815415260535], [-0.6042223840832892, -0.7390585564692755, 1.8560492251044893, -0.7625083255798818, 0.24974004102795722], [-0.6316681662104875, -0.31988872501032517, 1.9861991875457927, -0.6081075223277523, -0.4265347739972277], [-0.7307563088703816, -0.4739593466765929, 1.9445366362275731, -0.6742216644674643, -0.06559931621313432], [-0.7240074895831826, -0.5393016225271728, 1.915212172308037, -0.7161056343080593, 0.06420257411037772], [-0.6188883583425672, -0.29341332345848414, 1.982030024004044, -0.4175550335062114, -0.6521733086967814], [-0.8408177503739697, -0.6862322276554802, 1.5544610191712849, -0.8519734066526236, 0.8245623655107882], [-0.7271970497096341, -0.48707542776929114, 1.957250121701187, -0.6231992621944538, -0.11977838202780822], [-0.599440461594419, -0.4669111078405509, 1.9458027681914078, -0.0863139893679039, -0.793137209388534], [-0.8008233591601615, -0.649789265555454, 1.7098759562020285, -0.8280385022551477, 0.568775170768735], [-0.5154766161427716, -0.443302292585567, 1.9840341681014708, -0.3179468885125275, -0.7073083708606048], [-0.571405895405206, -0.4527637744866637, 1.9976599219500968, -0.4725587553404216, -0.5009314967178055], [-0.5767419814389675, -0.2949641833370726, 1.98846392258839, -0.5514208297475993, -0.5653369280647503], [-0.7660601369060227, -0.554988461681198, 1.9128495609711371, -0.6640254882191405, 0.07222452583522444], [-0.8055279807653007, -0.5683480156899287, 1.894051435387614, -0.6508453948465798, 0.13066995591419572], [-0.28839265744941556, -0.5892518068696793, 1.987899607571554, -0.5828213605298332, -0.527433782722626], [-0.8712621546166673, -0.7445901437682181, 1.817803675680413, -0.5262317250675579, 0.3242803477720301], [-0.7772866895555501, -0.5003948867488589, 1.883859079933908, -0.7573902725874047, 0.15121276895790564]]
totts	7.9082062116205725
withinss	[0.0, 0.0, 0.0, 0.0, 0.0039052933190332146, 0.0025138039757583628, 0.0, 0.011042299554947201, 0.0, 0.0007795169134848412, 0.0, 0.007254232189171497, 0.0, 0.007221923580535859, 0.008115816735966726, 0.0, 0.0, 0.0, 0.0, 0.0]
tot.withinss	0.0408328862688977
betweenss	7.867373325351675
size	[1, 1, 1, 1, 2, 2, 1, 4, 1, 2, 1, 2, 1, 2, 3, 1, 1, 1, 1, 1]
=====クラスタ数21個のとき＝＝＝＝＝
cluster	[4, 3, 1, 7, 8, 21, 10, 15, 17, 21, 18, 11, 6, 2, 2, 13, 19, 14, 19, 19, 5, 17, 17, 14, 17, 20, 12, 9, 8, 16]
centers	[[-0.5421824147249832, -0.5030827213553931, 1.9992976542983756, -0.4587697355365243, -0.49526278268147506], [-0.6212070766669957, -0.3069093649141289, 1.9814189107929394, -0.38732771791964093, -0.6659747512921739], [-0.599440461594419, -0.4669111078405509, 1.9458027681914078, -0.0863139893679039, -0.793137209388534], [-0.28839265744941556, -0.5892518068696793, 1.987899607571554, -0.5828213605298332, -0.527433782722626], [-0.8783358843154199, -0.6277901659230344, 1.9214615947929856, -0.37520749047054813, -0.04012805408398379], [-0.5881279809888369, -0.3210826904757432, 1.9880736451374788, -0.448321917131982, -0.6305410565409165], [-0.8200370957797252, -0.6301272140691586, 1.7328498386901863, -0.807583988782311, 0.5248984599410087], [-0.7400102285828991, -0.4413205001723118, 1.931304134774553, -0.7242500860704371, -0.02572331994890506], [-0.8408177503739697, -0.6862322276554802, 1.5544610191712849, -0.8519734066526236, 0.8245623655107882], [-0.6042223840832892, -0.7390585564692755, 1.8560492251044893, -0.7625083255798818, 0.24974004102795722], [-0.6450112990474405, -0.2387518735299355, 1.977208629292819, -0.44724278105358173, -0.6462026756618613], [-0.8712621546166673, -0.7445901437682181, 1.817803675680413, -0.5262317250675579, 0.3242803477720301], [-0.6440127362788091, -0.30417539661376974, 1.9823844813793958, -0.6356216908549809, -0.3985746576318362], [-0.6146975100767478, -0.31249137221157053, 1.9888635823955467, -0.5730358438604115, -0.488638856246817], [-0.5154766161427716, -0.443302292585567, 1.9840341681014708, -0.3179468885125275, -0.7073083708606048], [-0.7816096225405978, -0.6694513170417495, 1.6869020737138707, -0.8484930157279844, 0.6126518815964612], [-0.768220574202514, -0.5407582466617896, 1.9014930621501738, -0.697091697490296, 0.10457745620442588], [-0.6006293760854289, -0.4024448276179343, 1.996022189601818, -0.4863477751443189, -0.5066002107541359], [-0.7264156620663931, -0.49201728432186265, 1.953871136805916, -0.6332715433613889, -0.10216664705627147], [-0.7933475623651507, -0.5712502624344276, 1.84180688816424, -0.7573317839980064, 0.2801227206333445], [-0.5600772601527866, -0.29775592949747864, 1.988839248343133, -0.5443920776612494, -0.5866139810316182]]
totts	7.9082062116205725
withinss	[0.0, 0.0006847583029266448, 0.0, 0.0, 0.0, 0.0, 0.0, 0.004971080721663512, 0.0, 0.0, 0.0, 0.0, 0.0, 0.0035595076730345404, 0.0, 0.0, 0.019474094311561274, 0.0, 0.003467961563711564, 0.0, 0.00338923279333468]
tot.withinss	0.03554663536623222
betweenss	7.87265957625434
size	[1, 2, 1, 1, 1, 1, 1, 2, 1, 1, 1, 1, 1, 2, 1, 1, 4, 1, 3, 1, 2]
=====クラスタ数22個のとき＝＝＝＝＝
cluster	[20, 1, 3, 13, 22, 15, 2, 4, 16, 15, 18, 8, 17, 17, 17, 11, 14, 12, 21, 14, 9, 16, 16, 12, 7, 10, 19, 6, 5, 13]
centers	[[-0.599440461594419, -0.4669111078405509, 1.9458027681914078, -0.0863139893679039, -0.793137209388534], [-0.6042223840832892, -0.7390585564692755, 1.8560492251044893, -0.7625083255798818, 0.24974004102795722], [-0.5421824147249832, -0.5030827213553931, 1.9992976542983756, -0.4587697355365243, -0.49526278268147506], [-0.5154766161427716, -0.443302292585567, 1.9840341681014708, -0.3179468885125275, -0.7073083708606048], [-0.736659730960852, -0.4460176959261802, 1.9419601054397722, -0.6950272232396694, -0.06425545531307066], [-0.8408177503739697, -0.6862322276554802, 1.5544610191712849, -0.8519734066526236, 0.8245623655107882], [-0.7772866895555501, -0.5003948867488589, 1.883859079933908, -0.7573902725874047, 0.15121276895790564], [-0.6450112990474405, -0.2387518735299355, 1.977208629292819, -0.44724278105358173, -0.6462026756618613], [-0.8783358843154199, -0.6277901659230344, 1.9214615947929856, -0.37520749047054813, -0.04012805408398379], [-0.7933475623651507, -0.5712502624344276, 1.84180688816424, -0.7573317839980064, 0.2801227206333445], [-0.6440127362788091, -0.30417539661376974, 1.9823844813793958, -0.6356216908549809, -0.3985746576318362], [-0.6146975100767478, -0.31249137221157053, 1.9888635823955467, -0.5730358438604115, -0.488638856246817], [-0.8008233591601615, -0.649789265555454, 1.7098759562020285, -0.8280385022551477, 0.568775170768735], [-0.7271970497096341, -0.48707542776929114, 1.957250121701187, -0.6231992621944538, -0.11977838202780822], [-0.5600772601527866, -0.29775592949747864, 1.988839248343133, -0.5443920776612494, -0.5866139810316182], [-0.765198535751502, -0.5542126999660998, 1.9073710562222626, -0.6769921724579264, 0.08903235195326596], [-0.6101807114409428, -0.31163380676800034, 1.9836371555744525, -0.407659117657088, -0.6541635197084216], [-0.6006293760854289, -0.4024448276179343, 1.996022189601818, -0.4863477751443189, -0.5066002107541359], [-0.8712621546166673, -0.7445901437682181, 1.817803675680413, -0.5262317250675579, 0.3242803477720301], [-0.28839265744941556, -0.5892518068696793, 1.987899607571554, -0.5828213605298332, -0.527433782722626], [-0.7248528867799111, -0.5019009974270057, 1.947113167015374, -0.6534161056952592, -0.06694317711319799], [-0.7433607262049463, -0.4366233044184434, 1.9206481641093338, -0.7534729489012046, 0.012808815415260535]]
totts	7.9082062116205725
withinss	[0.0, 0.0, 0.0, 0.0, 0.0, 0.0, 0.0, 0.0, 0.0, 0.0, 0.0, 0.0035595076730345404, 0.007254232189171497, 0.0007795169134848412, 0.00338923279333468, 0.00902993010594069, 0.004894914488817791, 0.0, 0.0, 0.0, 0.0, 0.0]
tot.withinss	0.02890733416378404
betweenss	7.8792988774567885
size	[1, 1, 1, 1, 1, 1, 1, 1, 1, 1, 1, 2, 2, 2, 2, 3, 3, 1, 1, 1, 1, 1]
=====クラスタ数23個のとき＝＝＝＝＝
cluster	[20, 14, 1, 8, 2, 11, 4, 9, 13, 21, 5, 19, 22, 15, 15, 12, 6, 3, 18, 6, 16, 17, 13, 3, 7, 10, 23, 8, 18, 8]
centers	[[-0.5421824147249832, -0.5030827213553931, 1.9992976542983756, -0.4587697355365243, -0.49526278268147506], [-0.7433607262049463, -0.4366233044184434, 1.9206481641093338, -0.7534729489012046, 0.012808815415260535], [-0.6146975100767478, -0.31249137221157053, 1.9888635823955467, -0.5730358438604115, -0.488638856246817], [-0.6042223840832892, -0.7390585564692755, 1.8560492251044893, -0.7625083255798818, 0.24974004102795722], [-0.6006293760854289, -0.4024448276179343, 1.996022189601818, -0.4863477751443189, -0.5066002107541359], [-0.7271970497096341, -0.48707542776929114, 1.957250121701187, -0.6231992621944538, -0.11977838202780822], [-0.7772866895555501, -0.5003948867488589, 1.883859079933908, -0.7573902725874047, 0.15121276895790564], [-0.8141548228980975, -0.6619369195887962, 1.6580709771917805, -0.8360168037209729, 0.654037569016086], [-0.5154766161427716, -0.443302292585567, 1.9840341681014708, -0.3179468885125275, -0.7073083708606048], [-0.7933475623651507, -0.5712502624344276, 1.84180688816424, -0.7573317839980064, 0.2801227206333445], [-0.5334304892830842, -0.3224567320728719, 1.9915922680644045, -0.5600798059833216, -0.5756252407251267], [-0.6440127362788091, -0.30417539661376974, 1.9823844813793958, -0.6356216908549809, -0.3985746576318362], [-0.7450338132446026, -0.5471450421041855, 1.914030866639587, -0.6900655612636, 0.06821354997280107], [-0.599440461594419, -0.4669111078405509, 1.9458027681914078, -0.0863139893679039, -0.793137209388534], [-0.6212070766669957, -0.3069093649141289, 1.9814189107929394, -0.38732771791964093, -0.6659747512921739], [-0.8783358843154199, -0.6277901659230344, 1.9214615947929856, -0.37520749047054813, -0.04012805408398379], [-0.8055279807653007, -0.5683480156899287, 1.894051435387614, -0.6508453948465798, 0.13066995591419572], [-0.7307563088703816, -0.4739593466765929, 1.9445366362275731, -0.6742216644674643, -0.06559931621313432], [-0.6450112990474405, -0.2387518735299355, 1.977208629292819, -0.44724278105358173, -0.6462026756618613], [-0.28839265744941556, -0.5892518068696793, 1.987899607571554, -0.5828213605298332, -0.527433782722626], [-0.5867240310224889, -0.2730551269220854, 1.9860862286218615, -0.5287043493391773, -0.5976027213381099], [-0.5881279809888369, -0.3210826904757432, 1.9880736451374788, -0.448321917131982, -0.6305410565409165], [-0.8712621546166673, -0.7445901437682181, 1.817803675680413, -0.5262317250675579, 0.3242803477720301]]
totts	7.9082062116205725
withinss	[0.0, 0.0, 0.0035595076730345404, 0.0, 0.0, 0.0007795169134848412, 0.0, 0.0693085069291598, 0.0, 0.0, 0.0, 0.0, 0.002398388663975782, 0.0, 0.0006847583029266448, 0.0, 0.0, 0.0025138039757583628, 0.0, 0.0, 0.0, 0.0, 0.0]
tot.withinss	0.07924448245833997
betweenss	7.828961729162232
size	[1, 1, 2, 1, 1, 2, 1, 3, 1, 1, 1, 1, 2, 1, 2, 1, 1, 2, 1, 1, 1, 1, 1]
=====クラスタ数24個のとき＝＝＝＝＝
cluster	[3, 19, 17, 6, 4, 11, 22, 18, 10, 11, 17, 24, 2, 23, 1, 9, 13, 14, 13, 13, 8, 16, 10, 20, 5, 21, 15, 7, 4, 12]
centers	[[-0.6304722635723021, -0.30784778494741316, 1.9800769527817614, -0.3718801242164751, -0.669876780045571], [-0.5881279809888369, -0.3210826904757432, 1.9880736451374788, -0.448321917131982, -0.6305410565409165], [-0.28839265744941556, -0.5892518068696793, 1.987899607571554, -0.5828213605298332, -0.527433782722626], [-0.7400102285828991, -0.4413205001723118, 1.931304134774553, -0.7242500860704371, -0.02572331994890506], [-0.7772866895555501, -0.5003948867488589, 1.883859079933908, -0.7573902725874047, 0.15121276895790564], [-0.8200370957797252, -0.6301272140691586, 1.7328498386901863, -0.807583988782311, 0.5248984599410087], [-0.8408177503739697, -0.6862322276554802, 1.5544610191712849, -0.8519734066526236, 0.8245623655107882], [-0.8783358843154199, -0.6277901659230344, 1.9214615947929856, -0.37520749047054813, -0.04012805408398379], [-0.6440127362788091, -0.30417539661376974, 1.9823844813793958, -0.6356216908549809, -0.3985746576318362], [-0.7450338132446026, -0.5471450421041855, 1.914030866639587, -0.6900655612636, 0.06821354997280107], [-0.5600772601527866, -0.29775592949747864, 1.988839248343133, -0.5443920776612494, -0.5866139810316182], [-0.7816096225405978, -0.6694513170417495, 1.6869020737138707, -0.8484930157279844, 0.6126518815964612], [-0.7264156620663931, -0.49201728432186265, 1.953871136805916, -0.6332715433613889, -0.10216664705627147], [-0.6100714240113294, -0.28938069101626046, 1.9877132710789038, -0.5654783339202991, -0.5227828221310148], [-0.8712621546166673, -0.7445901437682181, 1.817803675680413, -0.5262317250675579, 0.3242803477720301], [-0.8055279807653007, -0.5683480156899287, 1.894051435387614, -0.6508453948465798, 0.13066995591419572], [-0.571405895405206, -0.4527637744866637, 1.9976599219500968, -0.4725587553404216, -0.5009314967178055], [-0.5154766161427716, -0.443302292585567, 1.9840341681014708, -0.3179468885125275, -0.7073083708606048], [-0.599440461594419, -0.4669111078405509, 1.9458027681914078, -0.0863139893679039, -0.793137209388534], [-0.619323596142166, -0.33560205340688054, 1.9900138937121898, -0.5805933538005239, -0.45449489036261925], [-0.7933475623651507, -0.5712502624344276, 1.84180688816424, -0.7573317839980064, 0.2801227206333445], [-0.6042223840832892, -0.7390585564692755, 1.8560492251044893, -0.7625083255798818, 0.24974004102795722], [-0.6119418897616893, -0.30597094488084464, 1.9827608688041174, -0.4027753116228068, -0.6620727225387768], [-0.6450112990474405, -0.2387518735299355, 1.977208629292819, -0.44724278105358173, -0.6462026756618613]]
totts	7.9082062116205725
withinss	[0.0, 0.0, 0.0, 0.004971080721663512, 0.0, 0.0, 0.0, 0.0, 0.0, 0.002398388663975782, 0.00338923279333468, 0.0, 0.003467961563711564, 0.0, 0.0, 0.0, 0.007221923580535859, 0.0, 0.0, 0.0, 0.0, 0.0, 0.0, 0.0]
tot.withinss	0.021448587323221396
betweenss	7.886757624297351
size	[1, 1, 1, 2, 1, 1, 1, 1, 1, 2, 2, 1, 3, 1, 1, 1, 2, 1, 1, 1, 1, 1, 1, 1]
=====クラスタ数25個のとき＝＝＝＝＝
cluster	[16, 21, 18, 25, 22, 17, 15, 4, 19, 17, 5, 10, 1, 11, 2, 23, 9, 24, 20, 9, 7, 19, 19, 24, 3, 12, 8, 13, 6, 14]
centers	[[-0.5881279809888369, -0.3210826904757432, 1.9880736451374788, -0.448321917131982, -0.6305410565409165], [-0.6304722635723021, -0.30784778494741316, 1.9800769527817614, -0.3718801242164751, -0.669876780045571], [-0.7772866895555501, -0.5003948867488589, 1.883859079933908, -0.7573902725874047, 0.15121276895790564], [-0.5154766161427716, -0.443302292585567, 1.9840341681014708, -0.3179468885125275, -0.7073083708606048], [-0.6006293760854289, -0.4024448276179343, 1.996022189601818, -0.4863477751443189, -0.5066002107541359], [-0.736659730960852, -0.4460176959261802, 1.9419601054397722, -0.6950272232396694, -0.06425545531307066], [-0.8783358843154199, -0.6277901659230344, 1.9214615947929856, -0.37520749047054813, -0.04012805408398379], [-0.8712621546166673, -0.7445901437682181, 1.817803675680413, -0.5262317250675579, 0.3242803477720301], [-0.7271970497096341, -0.48707542776929114, 1.957250121701187, -0.6231992621944538, -0.11977838202780822], [-0.6450112990474405, -0.2387518735299355, 1.977208629292819, -0.44724278105358173, -0.6462026756618613], [-0.6119418897616893, -0.30597094488084464, 1.9827608688041174, -0.4027753116228068, -0.6620727225387768], [-0.7933475623651507, -0.5712502624344276, 1.84180688816424, -0.7573317839980064, 0.2801227206333445], [-0.8408177503739697, -0.6862322276554802, 1.5544610191712849, -0.8519734066526236, 0.8245623655107882], [-0.7816096225405978, -0.6694513170417495, 1.6869020737138707, -0.8484930157279844, 0.6126518815964612], [-0.6042223840832892, -0.7390585564692755, 1.8560492251044893, -0.7625083255798818, 0.24974004102795722], [-0.28839265744941556, -0.5892518068696793, 1.987899607571554, -0.5828213605298332, -0.527433782722626], [-0.5600772601527866, -0.29775592949747864, 1.988839248343133, -0.5443920776612494, -0.5866139810316182], [-0.5421824147249832, -0.5030827213553931, 1.9992976542983756, -0.4587697355365243, -0.49526278268147506], [-0.765198535751502, -0.5542126999660998, 1.9073710562222626, -0.6769921724579264, 0.08903235195326596], [-0.7248528867799111, -0.5019009974270057, 1.947113167015374, -0.6534161056952592, -0.06694317711319799], [-0.599440461594419, -0.4669111078405509, 1.9458027681914078, -0.0863139893679039, -0.793137209388534], [-0.7433607262049463, -0.4366233044184434, 1.9206481641093338, -0.7534729489012046, 0.012808815415260535], [-0.6440127362788091, -0.30417539661376974, 1.9823844813793958, -0.6356216908549809, -0.3985746576318362], [-0.6146975100767478, -0.31249137221157053, 1.9888635823955467, -0.5730358438604115, -0.488638856246817], [-0.8200370957797252, -0.6301272140691586, 1.7328498386901863, -0.807583988782311, 0.5248984599410087]]
totts	7.9082062116205725
withinss	[0.0, 0.0, 0.0, 0.0, 0.0, 0.0, 0.0, 0.0, 0.0007795169134848412, 0.0, 0.0, 0.0, 0.0, 0.0, 0.0, 0.0, 0.00338923279333468, 0.0, 0.00902993010594069, 0.0, 0.0, 0.0, 0.0, 0.0035595076730345404, 0.0]
tot.withinss	0.016758187485794752
betweenss	7.891448024134777
size	[1, 1, 1, 1, 1, 1, 1, 1, 2, 1, 1, 1, 1, 1, 1, 1, 2, 1, 3, 1, 1, 1, 1, 2, 1]
=====クラスタ数26個のとき＝＝＝＝＝
cluster	[4, 12, 8, 1, 13, 10, 19, 24, 6, 10, 8, 14, 18, 9, 11, 25, 3, 5, 15, 21, 2, 6, 6, 7, 26, 17, 20, 16, 22, 23]
centers	[[-0.8200370957797252, -0.6301272140691586, 1.7328498386901863, -0.807583988782311, 0.5248984599410087], [-0.8783358843154199, -0.6277901659230344, 1.9214615947929856, -0.37520749047054813, -0.04012805408398379], [-0.7248247311612213, -0.4763480256628093, 1.9599357697118642, -0.6228078723996782, -0.13595514048815552], [-0.28839265744941556, -0.5892518068696793, 1.987899607571554, -0.5828213605298332, -0.527433782722626], [-0.6100714240113294, -0.28938069101626046, 1.9877132710789038, -0.5654783339202991, -0.5227828221310148], [-0.765198535751502, -0.5542126999660998, 1.9073710562222626, -0.6769921724579264, 0.08903235195326596], [-0.619323596142166, -0.33560205340688054, 1.9900138937121898, -0.5805933538005239, -0.45449489036261925], [-0.571405895405206, -0.4527637744866637, 1.9976599219500968, -0.4725587553404216, -0.5009314967178055], [-0.6119418897616893, -0.30597094488084464, 1.9827608688041174, -0.4027753116228068, -0.6620727225387768], [-0.5600772601527866, -0.29775592949747864, 1.988839248343133, -0.5443920776612494, -0.5866139810316182], [-0.6304722635723021, -0.30784778494741316, 1.9800769527817614, -0.3718801242164751, -0.669876780045571], [-0.599440461594419, -0.4669111078405509, 1.9458027681914078, -0.0863139893679039, -0.793137209388534], [-0.7433607262049463, -0.4366233044184434, 1.9206481641093338, -0.7534729489012046, 0.012808815415260535], [-0.6450112990474405, -0.2387518735299355, 1.977208629292819, -0.44724278105358173, -0.6462026756618613], [-0.7248528867799111, -0.5019009974270057, 1.947113167015374, -0.6534161056952592, -0.06694317711319799], [-0.8408177503739697, -0.6862322276554802, 1.5544610191712849, -0.8519734066526236, 0.8245623655107882], [-0.7933475623651507, -0.5712502624344276, 1.84180688816424, -0.7573317839980064, 0.2801227206333445], [-0.5881279809888369, -0.3210826904757432, 1.9880736451374788, -0.448321917131982, -0.6305410565409165], [-0.6042223840832892, -0.7390585564692755, 1.8560492251044893, -0.7625083255798818, 0.24974004102795722], [-0.8712621546166673, -0.7445901437682181, 1.817803675680413, -0.5262317250675579, 0.3242803477720301], [-0.7295693682580469, -0.49780282987577296, 1.95456447369051, -0.6235906519892292, -0.10360162356746092], [-0.736659730960852, -0.4460176959261802, 1.9419601054397722, -0.6950272232396694, -0.06425545531307066], [-0.7816096225405978, -0.6694513170417495, 1.6869020737138707, -0.8484930157279844, 0.6126518815964612], [-0.5154766161427716, -0.443302292585567, 1.9840341681014708, -0.3179468885125275, -0.7073083708606048], [-0.6440127362788091, -0.30417539661376974, 1.9823844813793958, -0.6356216908549809, -0.3985746576318362], [-0.7772866895555501, -0.5003948867488589, 1.883859079933908, -0.7573902725874047, 0.15121276895790564]]
totts	7.9082062116205725
withinss	[0.0, 0.0, 0.0, 0.0, 0.0, 0.00902993010594069, 0.0, 0.007221923580535859, 0.0, 0.00338923279333468, 0.0, 0.0, 0.0, 0.0, 0.0, 0.0, 0.0, 0.0, 0.0, 0.0, 0.0, 0.0, 0.0, 0.0, 0.0, 0.0]
tot.withinss	0.019641086479811228
betweenss	7.888565125140762
size	[1, 1, 1, 1, 1, 3, 1, 2, 1, 2, 1, 1, 1, 1, 1, 1, 1, 1, 1, 1, 1, 1, 1, 1, 1, 1]
=====クラスタ数27個のとき＝＝＝＝＝
cluster	[4, 11, 3, 16, 5, 26, 21, 20, 27, 25, 3, 7, 10, 8, 2, 22, 24, 19, 14, 24, 17, 9, 12, 13, 23, 1, 15, 6, 14, 18]
centers	[[-0.7933475623651507, -0.5712502624344276, 1.84180688816424, -0.7573317839980064, 0.2801227206333445], [-0.6304722635723021, -0.30784778494741316, 1.9800769527817614, -0.3718801242164751, -0.669876780045571], [-0.571405895405206, -0.4527637744866637, 1.9976599219500968, -0.4725587553404216, -0.5009314967178055], [-0.28839265744941556, -0.5892518068696793, 1.987899607571554, -0.5828213605298332, -0.527433782722626], [-0.7433607262049463, -0.4366233044184434, 1.9206481641093338, -0.7534729489012046, 0.012808815415260535], [-0.8408177503739697, -0.6862322276554802, 1.5544610191712849, -0.8519734066526236, 0.8245623655107882], [-0.6450112990474405, -0.2387518735299355, 1.977208629292819, -0.44724278105358173, -0.6462026756618613], [-0.6119418897616893, -0.30597094488084464, 1.9827608688041174, -0.4027753116228068, -0.6620727225387768], [-0.8055279807653007, -0.5683480156899287, 1.894051435387614, -0.6508453948465798, 0.13066995591419572], [-0.5881279809888369, -0.3210826904757432, 1.9880736451374788, -0.448321917131982, -0.6305410565409165], [-0.599440461594419, -0.4669111078405509, 1.9458027681914078, -0.0863139893679039, -0.793137209388534], [-0.7660601369060227, -0.554988461681198, 1.9128495609711371, -0.6640254882191405, 0.07222452583522444], [-0.619323596142166, -0.33560205340688054, 1.9900138937121898, -0.5805933538005239, -0.45449489036261925], [-0.7307563088703816, -0.4739593466765929, 1.9445366362275731, -0.6742216644674643, -0.06559931621313432], [-0.8712621546166673, -0.7445901437682181, 1.817803675680413, -0.5262317250675579, 0.3242803477720301], [-0.8200370957797252, -0.6301272140691586, 1.7328498386901863, -0.807583988782311, 0.5248984599410087], [-0.8783358843154199, -0.6277901659230344, 1.9214615947929856, -0.37520749047054813, -0.04012805408398379], [-0.7816096225405978, -0.6694513170417495, 1.6869020737138707, -0.8484930157279844, 0.6126518815964612], [-0.6100714240113294, -0.28938069101626046, 1.9877132710789038, -0.5654783339202991, -0.5227828221310148], [-0.5154766161427716, -0.443302292585567, 1.9840341681014708, -0.3179468885125275, -0.7073083708606048], [-0.6042223840832892, -0.7390585564692755, 1.8560492251044893, -0.7625083255798818, 0.24974004102795722], [-0.6440127362788091, -0.30417539661376974, 1.9823844813793958, -0.6356216908549809, -0.3985746576318362], [-0.7772866895555501, -0.5003948867488589, 1.883859079933908, -0.7573902725874047, 0.15121276895790564], [-0.7271970497096341, -0.48707542776929114, 1.957250121701187, -0.6231992621944538, -0.11977838202780822], [-0.5867240310224889, -0.2730551269220854, 1.9860862286218615, -0.5287043493391773, -0.5976027213381099], [-0.5334304892830842, -0.3224567320728719, 1.9915922680644045, -0.5600798059833216, -0.5756252407251267], [-0.7240074895831826, -0.5393016225271728, 1.915212172308037, -0.7161056343080593, 0.06420257411037772]]
totts	7.9082062116205725
withinss	[0.0, 0.0, 0.007221923580535859, 0.0, 0.0, 0.0, 0.0, 0.0, 0.0, 0.0, 0.0, 0.0, 0.0, 0.0025138039757583628, 0.0, 0.0, 0.0, 0.0, 0.0, 0.0, 0.0, 0.0, 0.0, 0.0007795169134848412, 0.0, 0.0, 0.0]
tot.withinss	0.010515244469779063
betweenss	7.897690967150793
size	[1, 1, 2, 1, 1, 1, 1, 1, 1, 1, 1, 1, 1, 2, 1, 1, 1, 1, 1, 1, 1, 1, 1, 2, 1, 1, 1]
=====クラスタ数28個のとき＝＝＝＝＝
cluster	[13, 15, 17, 26, 14, 28, 8, 19, 27, 7, 9, 23, 5, 18, 18, 1, 11, 21, 20, 22, 25, 2, 27, 24, 10, 12, 3, 4, 6, 16]
centers	[[-0.6440127362788091, -0.30417539661376974, 1.9823844813793958, -0.6356216908549809, -0.3985746576318362], [-0.8055279807653007, -0.5683480156899287, 1.894051435387614, -0.6508453948465798, 0.13066995591419572], [-0.8712621546166673, -0.7445901437682181, 1.817803675680413, -0.5262317250675579, 0.3242803477720301], [-0.8408177503739697, -0.6862322276554802, 1.5544610191712849, -0.8519734066526236, 0.8245623655107882], [-0.5881279809888369, -0.3210826904757432, 1.9880736451374788, -0.448321917131982, -0.6305410565409165], [-0.736659730960852, -0.4460176959261802, 1.9419601054397722, -0.6950272232396694, -0.06425545531307066], [-0.5867240310224889, -0.2730551269220854, 1.9860862286218615, -0.5287043493391773, -0.5976027213381099], [-0.6042223840832892, -0.7390585564692755, 1.8560492251044893, -0.7625083255798818, 0.24974004102795722], [-0.6006293760854289, -0.4024448276179343, 1.996022189601818, -0.4863477751443189, -0.5066002107541359], [-0.7772866895555501, -0.5003948867488589, 1.883859079933908, -0.7573902725874047, 0.15121276895790564], [-0.7248247311612213, -0.4763480256628093, 1.9599357697118642, -0.6228078723996782, -0.13595514048815552], [-0.7933475623651507, -0.5712502624344276, 1.84180688816424, -0.7573317839980064, 0.2801227206333445], [-0.28839265744941556, -0.5892518068696793, 1.987899607571554, -0.5828213605298332, -0.527433782722626], [-0.7433607262049463, -0.4366233044184434, 1.9206481641093338, -0.7534729489012046, 0.012808815415260535], [-0.599440461594419, -0.4669111078405509, 1.9458027681914078, -0.0863139893679039, -0.793137209388534], [-0.7816096225405978, -0.6694513170417495, 1.6869020737138707, -0.8484930157279844, 0.6126518815964612], [-0.5421824147249832, -0.5030827213553931, 1.9992976542983756, -0.4587697355365243, -0.49526278268147506], [-0.6212070766669957, -0.3069093649141289, 1.9814189107929394, -0.38732771791964093, -0.6659747512921739], [-0.5154766161427716, -0.443302292585567, 1.9840341681014708, -0.3179468885125275, -0.7073083708606048], [-0.7248528867799111, -0.5019009974270057, 1.947113167015374, -0.6534161056952592, -0.06694317711319799], [-0.6100714240113294, -0.28938069101626046, 1.9877132710789038, -0.5654783339202991, -0.5227828221310148], [-0.7295693682580469, -0.49780282987577296, 1.95456447369051, -0.6235906519892292, -0.10360162356746092], [-0.6450112990474405, -0.2387518735299355, 1.977208629292819, -0.44724278105358173, -0.6462026756618613], [-0.619323596142166, -0.33560205340688054, 1.9900138937121898, -0.5805933538005239, -0.45449489036261925], [-0.8783358843154199, -0.6277901659230344, 1.9214615947929856, -0.37520749047054813, -0.04012805408398379], [-0.8200370957797252, -0.6301272140691586, 1.7328498386901863, -0.807583988782311, 0.5248984599410087], [-0.7450338132446026, -0.5471450421041855, 1.914030866639587, -0.6900655612636, 0.06821354997280107], [-0.5334304892830842, -0.3224567320728719, 1.9915922680644045, -0.5600798059833216, -0.5756252407251267]]
totts	7.9082062116205725
withinss	[0.0, 0.0, 0.0, 0.0, 0.0, 0.0, 0.0, 0.0, 0.0, 0.0, 0.0, 0.0, 0.0, 0.0, 0.0, 0.0, 0.0, 0.0006847583029266448, 0.0, 0.0, 0.0, 0.0, 0.0, 0.0, 0.0, 0.0, 0.002398388663975782, 0.0]
tot.withinss	0.0030831469669024268
betweenss	7.90512306465367
size	[1, 1, 1, 1, 1, 1, 1, 1, 1, 1, 1, 1, 1, 1, 1, 1, 1, 2, 1, 1, 1, 1, 1, 1, 1, 1, 2, 1]
=====クラスタ数29個のとき＝＝＝＝＝
cluster	[4, 29, 23, 20, 22, 21, 24, 9, 12, 27, 18, 5, 2, 15, 10, 13, 14, 7, 8, 14, 16, 19, 3, 11, 1, 26, 6, 25, 17, 28]
centers	[[-0.7772866895555501, -0.5003948867488589, 1.883859079933908, -0.7573902725874047, 0.15121276895790564], [-0.5881279809888369, -0.3210826904757432, 1.9880736451374788, -0.448321917131982, -0.6305410565409165], [-0.7660601369060227, -0.554988461681198, 1.9128495609711371, -0.6640254882191405, 0.07222452583522444], [-0.28839265744941556, -0.5892518068696793, 1.987899607571554, -0.5828213605298332, -0.527433782722626], [-0.6450112990474405, -0.2387518735299355, 1.977208629292819, -0.44724278105358173, -0.6462026756618613], [-0.8712621546166673, -0.7445901437682181, 1.817803675680413, -0.5262317250675579, 0.3242803477720301], [-0.6100714240113294, -0.28938069101626046, 1.9877132710789038, -0.5654783339202991, -0.5227828221310148], [-0.7248528867799111, -0.5019009974270057, 1.947113167015374, -0.6534161056952592, -0.06694317711319799], [-0.5154766161427716, -0.443302292585567, 1.9840341681014708, -0.3179468885125275, -0.7073083708606048], [-0.6304722635723021, -0.30784778494741316, 1.9800769527817614, -0.3718801242164751, -0.669876780045571], [-0.619323596142166, -0.33560205340688054, 1.9900138937121898, -0.5805933538005239, -0.45449489036261925], [-0.7240074895831826, -0.5393016225271728, 1.915212172308037, -0.7161056343080593, 0.06420257411037772], [-0.6440127362788091, -0.30417539661376974, 1.9823844813793958, -0.6356216908549809, -0.3985746576318362], [-0.7271970497096341, -0.48707542776929114, 1.957250121701187, -0.6231992621944538, -0.11977838202780822], [-0.6119418897616893, -0.30597094488084464, 1.9827608688041174, -0.4027753116228068, -0.6620727225387768], [-0.8783358843154199, -0.6277901659230344, 1.9214615947929856, -0.37520749047054813, -0.04012805408398379], [-0.736659730960852, -0.4460176959261802, 1.9419601054397722, -0.6950272232396694, -0.06425545531307066], [-0.6006293760854289, -0.4024448276179343, 1.996022189601818, -0.4863477751443189, -0.5066002107541359], [-0.8055279807653007, -0.5683480156899287, 1.894051435387614, -0.6508453948465798, 0.13066995591419572], [-0.8200370957797252, -0.6301272140691586, 1.7328498386901863, -0.807583988782311, 0.5248984599410087], [-0.5334304892830842, -0.3224567320728719, 1.9915922680644045, -0.5600798059833216, -0.5756252407251267], [-0.7433607262049463, -0.4366233044184434, 1.9206481641093338, -0.7534729489012046, 0.012808815415260535], [-0.5421824147249832, -0.5030827213553931, 1.9992976542983756, -0.4587697355365243, -0.49526278268147506], [-0.6042223840832892, -0.7390585564692755, 1.8560492251044893, -0.7625083255798818, 0.24974004102795722], [-0.8408177503739697, -0.6862322276554802, 1.5544610191712849, -0.8519734066526236, 0.8245623655107882], [-0.7933475623651507, -0.5712502624344276, 1.84180688816424, -0.7573317839980064, 0.2801227206333445], [-0.5867240310224889, -0.2730551269220854, 1.9860862286218615, -0.5287043493391773, -0.5976027213381099], [-0.7816096225405978, -0.6694513170417495, 1.6869020737138707, -0.8484930157279844, 0.6126518815964612], [-0.599440461594419, -0.4669111078405509, 1.9458027681914078, -0.0863139893679039, -0.793137209388534]]
totts	7.9082062116205725
withinss	[0.0, 0.0, 0.0, 0.0, 0.0, 0.0, 0.0, 0.0, 0.0, 0.0, 0.0, 0.0, 0.0, 0.0007795169134848412, 0.0, 0.0, 0.0, 0.0, 0.0, 0.0, 0.0, 0.0, 0.0, 0.0, 0.0, 0.0, 0.0, 0.0, 0.0]
tot.withinss	0.0007795169134848412
betweenss	7.9074266947070875
size	[1, 1, 1, 1, 1, 1, 1, 1, 1, 1, 1, 1, 1, 2, 1, 1, 1, 1, 1, 1, 1, 1, 1, 1, 1, 1, 1, 1, 1]
##########################クラスタ数2個の時の平均##########################
cl[1] = [-0.770111387140616, -0.5449978547437934, 1.8382777933676044, -0.14235963981745714, 1.9999919050627646]
cl[2] = [-0.5725169454360831, -0.3331454919312919, 1.986715148043547, 1.4830532829084113, 1.7786294234958093]
##########################クラスタ数2個の時の標準偏差##########################
cl[1] = [0.06550408284740553, 0.08525287811635962, 0.10779375152195096, 0.31914868328890056, 6.226235068632298e-06]
cl[2] = [0.08753378986327719, 0.07266773047829381, 0.016238484109899625, 0.6650222737477409, 0.6378919292586621]
##########################異常データ(標準化)##########################
[-0.28839265744941556, -0.44614730995087964, 1.9827679544750458, 1.039687526692828, 1.9999996912977396]
[-0.599440461594419, -0.4168478716800376, 1.9320935407535798, 1.9998825528058084, -0.5088933200087116]
[-0.5421824147249832, -0.4847665608024471, 1.996265163506497, 1.4778644282849838, 1.9967085747517688]
[-0.8200370957797252, -0.6180340582894741, 1.7201904180920504, -0.4319378988434787, 1.9999734089046282]
[-0.7433607262049463, -0.4292660260745834, 1.914372346739099, -0.45998805328640757, 1.9999881787235565]

[-0.5334304892830842, -0.30865231077533817, 1.9998659641897352, 1.7400862742257017, 1.8502113953577093]
[-0.6042223840832892, -0.6387112645086838, 1.8221007726050187, -0.19869616440291785, 1.9999863246700673]
[-0.5154766161427716, -0.38878412605701523, 1.9772517629017679, 1.9956000984298412, 1.9642382875532403]
[-0.7240074895831826, -0.5292190781742124, 1.90521568250481, -0.3997006682757941, 1.9999917716564493]
[-0.5867240310224889, -0.2660838601918447, 1.999017307058151, 1.956602253588785, 1.9194561530213723]

[-0.6006293760854289, -0.3699525548213535, 1.9899014570596392, 1.3109994677362558, 1.9997474527547996]
[-0.6450112990474405, -0.23089079699929604, 1.993092700867003, 1.9811123687565124, 1.989243159275487]
[-0.5881279809888369, -0.3007393564568809, 1.9936031113856976, 1.9647217983259397, 1.9893404944351551]
[-0.6119418897616893, -0.2893416179620764, 1.9896540862278764, 1.9955629187847663, 1.931725824295633]
[-0.6304722635723021, -0.2945654123972183, 1.9867235425856196, 1.9977749331469858, 1.769556130302842]

[-0.6440127362788091, -0.29883956757352037, 1.9905837337590553, -0.2905959123993611, 1.999657476768892]
[-0.7248247311612213, -0.438017291784972, 1.9363025314526068, 0.1728941220342228, 1.9999898048218856]
[-0.6100714240113294, -0.2650132644968339, 1.9945938009802684, 0.9542523742580735, 1.999867641993517]
[-0.7248528867799111, -0.47076879544546263, 1.926845311282279, -0.02032372480492766, 1.9999969822230588]
[-0.7295693682580469, -0.4904177244296174, 1.9450895756462467, -0.09657268990952374, 1.9999967850792535]

[-0.8783358843154199, -0.5761899770990178, 1.8681657796715168, 0.7904927847869493, 1.9999937653940587]
[-0.8055279807653007, -0.5424905931786035, 1.8691937678962725, -0.02655260855773102, 1.9999971720690888]
[-0.7660601369060227, -0.5164432259341095, 1.8844182706201091, -0.013590085901109947, 1.9999942967648894]
[-0.619323596142166, -0.3034122768733446, 1.9885979468597197, 0.6391948780806403, 1.999952967141884]
[-0.7772866895555501, -0.48532889918738875, 1.8699323614745929, -0.35766507029088945, 1.9999841296331455]

[-0.7933475623651507, -0.5316779050233141, 1.813825365546819, -0.2214028611590743, 1.9999963794726643]
[-0.8712621546166673, -0.7164814513897338, 1.7900633565968749, 0.17590317259987373, 1.9999950334835015]
[-0.8408177503739697, -0.6747631829556245, 1.5466164890789302, -0.4735210895472138, 1.9999959059863452]
[-0.736659730960852, -0.44044102172774474, 1.9354853063882012, -0.32744367092176485, 1.9999926974930042]
[-0.7816096225405978, -0.6217151806981508, 1.6646273582862465, -0.3896497305995268, 1.9999978446286362]

##########################逸脱度##########################
3.6848227030543117
5.118572382849571
2.221796734986945
3.4875748894196796
1.963831552391706

1.063408892163234
2.911848605931398
1.4244883917602866
1.251355131607511
1.4169487520278297

0.7650454274958886
1.8681921539611457
1.0219152537372354
1.118259402850523
1.1486931913814173

2.8600673332625295
1.9922692656314742
1.4321692105386958
1.6497702805219128
1.552321690140172

3.4019545350280045
1.1057734112670552
0.7807590512574019
1.4823383913419934
1.6133085056898282

0.8828831363264065
2.806691634976717
3.506083831034357
1.7119215096660767
2.223999874647521

##############################################################
タイムスロット0 = [8.514959950998769, 3.6848227030543117]
タイムスロット1 = [402953.82327195734, 5.118572382849571]
タイムスロット2 = [527.3764194516517, 2.221796734986945]
タイムスロット3 = [3.4875748894196796, 17.354242620886943]
タイムスロット4 = [1.963831552391706, 5.836379829111485]
タイムスロット5 = [24056.35436681851, 1.063408892163234]
タイムスロット6 = [2.911848605931398, 11.273570150451723]
タイムスロット7 = [5742.419352518036, 1.4244883917602866]
タイムスロット8 = [1.251355131607511, 6.603077033482846]
タイムスロット9 = [12934.906337677936, 1.4169487520278297]
タイムスロット10 = [39.68758190951758, 0.7650454274958886]
タイムスロット11 = [1726.3820390932005, 1.8681921539611457]
タイムスロット12 = [1710.7485652492585, 1.0219152537372354]
タイムスロット13 = [10964.266129484417, 1.118259402850523]
タイムスロット14 = [37010.45290931183, 1.1486931913814173]
タイムスロット15 = [53.84529662857966, 2.8600673332625295]
タイムスロット16 = [1.9922692656314742, 4.330129070708712]
タイムスロット17 = [20.711960308994875, 1.4321692105386958]
タイムスロット18 = [1.6497702805219128, 5.043774905959977]
タイムスロット19 = [1.552321690140172, 4.498511680012129]
タイムスロット20 = [3.4019545350280045, 8.825814547187527]
タイムスロット21 = [1.1057734112670552, 8.54610747693972]
タイムスロット22 = [0.7807590512574019, 7.49148157235918]
タイムスロット23 = [7.770548898997703, 1.4823383913419934]
タイムスロット24 = [1.6133085056898282, 8.328321683594483]
タイムスロット25 = [0.8828831363264065, 11.57043373813102]
タイムスロット26 = [2.806691634976717, 13.788298825744135]
タイムスロット27 = [3.506083831034357, 27.835246692683814]
タイムスロット28 = [1.7119215096660767, 4.814738797841311]
タイムスロット29 = [2.223999874647521, 20.565668977095832]
