##########################通常データ(標準化)##########################
[1.0306517479944386, -0.48601202657721704, -0.5666965800976971, 1.7320505791171374]
[0.7835295355014555, -0.5165919252457212, -0.5724958750533711, 1.732050589882597]
[1.5433929476639006, -0.1319495079998936, -0.5488845871736169, 1.7320398205009813]
[1.6416314883853165, 0.10924748253111032, -0.5365045494103857, 1.732039319514145]
[1.0546858306340137, -0.44205859656249336, -0.5608750090648816, 1.7320485514807278]

[1.0679857497640952, -0.4005718309516432, -0.5706887179747244, 1.7320502131631996]
[1.5073113946500285, -0.16777872447219147, -0.569784320889284, 1.7320495547857735]
[1.3800413084773204, -0.3291148191213707, -0.5478140474932424, 1.7320477661613431]
[1.6618032605288182, 0.2653271988802788, -0.5537758292822317, 1.7320373194403145]
[1.4219935827276742, -0.2585827650433147, -0.5550265540543663, 1.7320323164716542]

[1.6733757590044023, 0.4464326024231915, -0.508587076024002, 1.7320193718059849]
[1.5547263418792583, -0.10740908311653916, -0.545403328182575, 1.732028275754699]
[0.9573457191031781, -0.48370623017082853, -0.5358694485725265, 1.7320460914208922]
[1.1327378096419527, -0.41420658065030064, -0.5207803855075224, 1.7320425342035175]
[0.49720881128327277, -0.564735268799521, -0.5643446176503037, 1.7320498564757838]

[0.6898770965770602, -0.5126259994874078, -0.5600462899062217, 1.7320466687675364]
[1.6488162857530688, 0.30416580274035643, -0.5234076446995184, 1.7320314352337023]
[0.9080858714396027, -0.4864000191631657, -0.5592348183782109, 1.7320492534629324]
[1.0840952612169268, -0.4294938484218791, -0.5665183900044103, 1.7320497900485632]
[1.4740176573038661, -0.23811302265459133, -0.5543496493961823, 1.7320474328864086]

[0.6918193323004146, -0.5126219958205788, -0.5616947968365611, 1.7320505070452807]
[1.4272353826735047, -0.2201203253495998, -0.5758388250642963, 1.732049506462422]
[1.411306198660146, -0.2689116307697107, -0.557413589041368, 1.7320498668247952]
[1.3998613351047116, -0.22343765977742713, -0.5651087298129696, 1.7320490065113607]
[1.1928993596192141, -0.38390321580165127, -0.5697209441099559, 1.7320498905604238]

[1.396413692995327, -0.2746161646705061, -0.5665752332728385, 1.732049394046989]
[1.0552914457802294, -0.396290607203657, -0.5674578396427759, 1.7320505009617033]
[1.0736784753863005, -0.44526146205231965, -0.5691772866928608, 1.7320498907985045]
[1.438126599715052, -0.29151744939959584, -0.5599169063604132, 1.7320488987690927]
[1.4297016820283583, -0.20846830481779882, -0.5634863538050087, 1.732048429676616]

##########################クラスタ数##########################
8
##########################クラスタリング結果##########################
=====クラスタ数1個のとき＝＝＝＝＝
cluster	[1, 1, 1, 1, 1, 1, 1, 1, 1, 1, 1, 1, 1, 1, 1, 1, 1, 1, 1, 1, 1, 1, 1, 1, 1, 1, 1, 1, 1, 1]
centers	[1536.1666666666667, 165.3, 11.666666666666666, 1149.3333333333333]
totts	28793137.8
withinss	28793137.79999999
tot.withinss	28793137.79999999
betweenss	1.1175870895385742e-08
size	30
=====クラスタ数2個のとき＝＝＝＝＝
cluster	[2, 2, 1, 1, 1, 2, 2, 1, 1, 1, 1, 1, 1, 1, 1, 1, 1, 1, 2, 1, 2, 2, 2, 2, 2, 2, 2, 2, 2, 2]
centers	[[968.8666666666667, 115.4, 11.733333333333333, 612.6666666666666], [2103.4666666666667, 215.2, 11.6, 1686.0]]
totts	28793137.8
withinss	[3072171.600000001, 7351053.733333334]
tot.withinss	10423225.333333336
betweenss	18369912.466666665
size	[15, 15]
=====クラスタ数3個のとき＝＝＝＝＝
cluster	[1, 1, 3, 3, 3, 2, 1, 2, 3, 3, 3, 3, 3, 3, 3, 3, 3, 3, 2, 2, 2, 2, 1, 2, 2, 2, 1, 2, 2, 2]
centers	[[2624.2, 248.0, 14.8, 2193.8], [1788.1666666666667, 193.66666666666666, 11.0, 1345.3333333333333], [885.0769230769231, 107.3076923076923, 11.076923076923077, 566.6923076923077]]
totts	28793137.8
withinss	[1925232.4000000001, 2106043.0000000005, 2153505.384615385]
tot.withinss	6184780.784615385
betweenss	22608357.015384614
size	[5, 12, 13]
=====クラスタ数4個のとき＝＝＝＝＝
cluster	[3, 3, 2, 2, 4, 1, 3, 4, 2, 2, 2, 2, 2, 2, 4, 2, 2, 4, 1, 1, 1, 1, 3, 1, 1, 1, 3, 1, 1, 1]
centers	[[1822.3636363636363, 197.9090909090909, 10.363636363636363, 1384.0], [902.7, 123.7, 11.4, 449.3], [2624.2, 248.0, 14.8, 2193.8], [972.75, 76.25, 12.0, 948.5]]
totts	28793137.8
withinss	[1751893.9999999998, 1440802.6999999997, 1925232.4000000001, 355480.5]
tot.withinss	5473409.6
betweenss	23319728.200000003
size	[11, 10, 5, 4]
=====クラスタ数5個のとき＝＝＝＝＝
cluster	[5, 4, 2, 2, 2, 4, 3, 2, 2, 1, 2, 1, 1, 1, 1, 1, 2, 2, 3, 2, 4, 3, 3, 3, 3, 3, 5, 3, 3, 3]
centers	[[580.6666666666666, 52.333333333333336, 10.333333333333334, 549.6666666666666], [1227.6666666666667, 157.44444444444446, 12.666666666666666, 654.6666666666666], [2059.4, 238.2, 10.2, 1373.9], [1806.6666666666667, 130.0, 12.0, 2081.0], [2769.0, 228.0, 18.0, 2654.0]]
totts	28793137.8
withinss	[308643.3333333334, 1177052.2222222222, 2222932.4999999995, 458032.6666666667, 156846.0]
tot.withinss	4323506.722222222
betweenss	24469631.07777778
size	[6, 9, 10, 3, 2]
=====クラスタ数6個のとき＝＝＝＝＝
cluster	[5, 5, 6, 1, 6, 2, 4, 1, 1, 6, 6, 6, 6, 6, 6, 6, 6, 6, 2, 1, 2, 4, 4, 3, 2, 3, 5, 2, 3, 3]
centers	[[1490.25, 190.75, 13.5, 697.25], [1663.8, 146.4, 10.8, 1622.6], [1939.0, 238.0, 11.0, 1196.0], [2633.3333333333335, 329.0, 10.666666666666666, 1528.6666666666667], [2525.6666666666665, 185.66666666666666, 14.666666666666666, 2602.3333333333335], [779.2727272727273, 88.0, 11.090909090909092, 581.9090909090909]]
totts	28793137.8
withinss	[212691.25, 418056.0, 135840.0, 165434.0, 538948.6666666665, 1306704.0]
tot.withinss	2777673.9166666665
betweenss	26015463.883333333
size	[4, 5, 4, 3, 3, 11]
=====クラスタ数7個のとき＝＝＝＝＝
cluster	[2, 2, 7, 7, 6, 4, 3, 5, 7, 1, 7, 1, 1, 1, 6, 1, 7, 6, 4, 5, 4, 3, 3, 5, 4, 5, 2, 4, 5, 5]
centers	[[578.4, 60.4, 10.8, 468.6], [2525.6666666666665, 185.66666666666666, 14.666666666666666, 2602.3333333333335], [2633.3333333333335, 329.0, 10.666666666666666, 1528.6666666666667], [1663.8, 146.4, 10.8, 1622.6], [1797.1666666666667, 214.66666666666666, 12.666666666666666, 1101.1666666666667], [826.3333333333334, 52.666666666666664, 10.0, 958.0], [1227.0, 187.0, 12.0, 430.0]]
totts	28793137.8
withinss	[109376.4, 538948.6666666665, 165434.0, 418056.0, 513366.3333333332, 90421.33333333333, 235924.0]
tot.withinss	2071526.733333333
betweenss	26721611.066666666
size	[5, 3, 3, 5, 6, 3, 5]
=====クラスタ数8個のとき＝＝＝＝＝
cluster	[5, 5, 4, 4, 6, 1, 8, 7, 4, 2, 4, 2, 3, 3, 6, 3, 4, 6, 1, 7, 1, 8, 8, 7, 1, 7, 5, 1, 7, 7]
centers	[[1663.8, 146.4, 10.8, 1622.6], [684.0, 88.0, 7.0, 366.0], [508.0, 42.0, 13.333333333333334, 537.0], [1227.0, 187.0, 12.0, 430.0], [2525.6666666666665, 185.66666666666666, 14.666666666666666, 2602.3333333333335], [826.3333333333334, 52.666666666666664, 10.0, 958.0], [1797.1666666666667, 214.66666666666666, 12.666666666666666, 1101.1666666666667], [2633.3333333333335, 329.0, 10.666666666666666, 1528.6666666666667]]
totts	28793137.8
withinss	[418056.0, 9830.0, 24698.666666666664, 235924.0, 538948.6666666665, 90421.33333333333, 513366.3333333332, 165434.0]
tot.withinss	1996678.9999999998
betweenss	26796458.8
size	[5, 2, 3, 5, 3, 3, 6, 3]
=====クラスタ数9個のとき＝＝＝＝＝
cluster	[7, 7, 5, 5, 3, 6, 8, 4, 5, 2, 5, 2, 2, 2, 1, 2, 5, 3, 6, 4, 6, 9, 8, 9, 6, 9, 7, 6, 9, 4]
centers	[[592.0, 12.0, 8.0, 955.0], [578.4, 60.4, 10.8, 468.6], [943.5, 73.0, 11.0, 959.5], [1587.3333333333333, 190.0, 14.0, 957.0], [1227.0, 187.0, 12.0, 430.0], [1663.8, 146.4, 10.8, 1622.6], [2525.6666666666665, 185.66666666666666, 14.666666666666666, 2602.3333333333335], [2772.0, 341.5, 15.0, 1581.0], [2094.25, 255.5, 9.0, 1290.0]]
totts	28793137.8
withinss	[0.0, 109376.4, 5553.0, 69696.66666666667, 235924.0, 418056.0, 538948.6666666665, 32580.5, 169617.75]
tot.withinss	1579752.9833333332
betweenss	27213384.816666666
size	[1, 5, 2, 3, 5, 5, 3, 2, 4]
=====クラスタ数10個のとき＝＝＝＝＝
cluster	[5, 3, 6, 7, 2, 10, 9, 7, 7, 6, 6, 6, 2, 2, 2, 2, 6, 2, 4, 7, 10, 1, 9, 8, 4, 1, 5, 4, 8, 8]
centers	[[2244.5, 277.5, 6.0, 1389.0], [667.1666666666666, 47.333333333333336, 11.666666666666666, 747.5], [2039.0, 101.0, 8.0, 2499.0], [1646.0, 147.66666666666666, 8.666666666666666, 1456.3333333333333], [2769.0, 228.0, 18.0, 2654.0], [913.8, 136.8, 10.4, 383.2], [1490.25, 190.75, 13.5, 697.25], [1874.3333333333333, 233.66666666666666, 11.333333333333334, 1143.3333333333333], [2772.0, 341.5, 15.0, 1581.0], [1690.5, 144.5, 14.0, 1872.0]]
totts	28793137.8
withinss	[28751.0, 533173.0, 0.0, 94605.99999999999, 156846.0, 223853.6, 212691.25, 52146.66666666667, 32580.5, 113693.0]
tot.withinss	1448341.0166666666
betweenss	27344796.783333335
size	[2, 6, 1, 3, 2, 5, 4, 3, 2, 2]
=====クラスタ数11個のとき＝＝＝＝＝
cluster	[1, 7, 11, 4, 2, 8, 5, 3, 4, 6, 11, 6, 6, 6, 9, 6, 11, 2, 8, 3, 8, 10, 5, 10, 8, 10, 1, 8, 10, 3]
centers	[[2769.0, 228.0, 18.0, 2654.0], [943.5, 73.0, 11.0, 959.5], [1587.3333333333333, 190.0, 14.0, 957.0], [1467.0, 213.5, 11.0, 483.0], [2772.0, 341.5, 15.0, 1581.0], [578.4, 60.4, 10.8, 468.6], [2039.0, 101.0, 8.0, 2499.0], [1663.8, 146.4, 10.8, 1622.6], [592.0, 12.0, 8.0, 955.0], [2094.25, 255.5, 9.0, 1290.0], [1067.0, 169.33333333333334, 12.666666666666666, 394.6666666666667]]
totts	28793137.8
withinss	[156846.0, 5553.0, 69696.66666666667, 3182.5, 32580.5, 109376.4, 0.0, 418056.0, 0.0, 169617.75, 29034.0]
tot.withinss	993942.8166666667
betweenss	27799194.983333334
size	[2, 2, 3, 2, 2, 5, 1, 5, 1, 4, 3]
=====クラスタ数12個のとき＝＝＝＝＝
cluster	[1, 10, 7, 8, 3, 5, 12, 9, 8, 6, 7, 6, 2, 2, 4, 2, 7, 3, 9, 9, 5, 11, 12, 11, 11, 11, 1, 9, 11, 9]
centers	[[2769.0, 228.0, 18.0, 2654.0], [508.0, 42.0, 13.333333333333334, 537.0], [943.5, 73.0, 11.0, 959.5], [592.0, 12.0, 8.0, 955.0], [1690.5, 144.5, 14.0, 1872.0], [684.0, 88.0, 7.0, 366.0], [1067.0, 169.33333333333334, 12.666666666666666, 394.6666666666667], [1467.0, 213.5, 11.0, 483.0], [1565.2, 165.2, 12.0, 1140.6], [2039.0, 101.0, 8.0, 2499.0], [2050.2, 241.8, 8.8, 1339.4], [2772.0, 341.5, 15.0, 1581.0]]
totts	28793137.8
withinss	[156846.0, 24698.666666666664, 5553.0, 0.0, 113693.0, 9830.0, 29034.0, 3182.5, 335378.80000000005, 0.0, 260987.6, 32580.5]
tot.withinss	971784.0666666668
betweenss	27821353.733333334
size	[2, 3, 2, 1, 2, 2, 3, 2, 5, 1, 5, 2]
=====クラスタ数13個のとき＝＝＝＝＝
cluster	[10, 9, 5, 8, 12, 3, 1, 7, 8, 6, 5, 6, 4, 4, 12, 4, 5, 12, 11, 7, 2, 13, 1, 13, 3, 13, 10, 11, 13, 7]
centers	[[2772.0, 341.5, 15.0, 1581.0], [1479.0, 91.0, 20.0, 1968.0], [1888.0, 192.5, 8.0, 1656.5], [508.0, 42.0, 13.333333333333334, 537.0], [1067.0, 169.33333333333334, 12.666666666666666, 394.6666666666667], [684.0, 88.0, 7.0, 366.0], [1587.3333333333333, 190.0, 14.0, 957.0], [1467.0, 213.5, 11.0, 483.0], [2039.0, 101.0, 8.0, 2499.0], [2769.0, 228.0, 18.0, 2654.0], [1532.0, 128.0, 9.0, 1416.0], [826.3333333333334, 52.666666666666664, 10.0, 958.0], [2094.25, 255.5, 9.0, 1290.0]]
totts	28793137.8
withinss	[32580.5, 0.0, 29013.0, 24698.666666666664, 29034.0, 9830.0, 69696.66666666667, 3182.5, 0.0, 156846.0, 4548.0, 90421.33333333333, 169617.75]
tot.withinss	619468.4166666666
betweenss	28173669.383333333
size	[2, 1, 2, 3, 3, 2, 3, 2, 1, 2, 2, 3, 4]
=====クラスタ数14個のとき＝＝＝＝＝
cluster	[8, 10, 14, 3, 5, 1, 2, 3, 3, 9, 14, 9, 4, 4, 7, 4, 14, 5, 12, 3, 1, 11, 2, 6, 12, 11, 13, 12, 6, 6]
centers	[[1690.5, 144.5, 14.0, 1872.0], [2772.0, 341.5, 15.0, 1581.0], [1490.25, 190.75, 13.5, 697.25], [508.0, 42.0, 13.333333333333334, 537.0], [943.5, 73.0, 11.0, 959.5], [1874.3333333333333, 233.66666666666666, 11.333333333333334, 1143.3333333333333], [592.0, 12.0, 8.0, 955.0], [2950.0, 175.0, 20.0, 2861.0], [684.0, 88.0, 7.0, 366.0], [2039.0, 101.0, 8.0, 2499.0], [2244.5, 277.5, 6.0, 1389.0], [1646.0, 147.66666666666666, 8.666666666666666, 1456.3333333333333], [2588.0, 281.0, 16.0, 2447.0], [1067.0, 169.33333333333334, 12.666666666666666, 394.6666666666667]]
totts	28793137.8
withinss	[113693.0, 32580.5, 212691.25, 24698.666666666664, 5553.0, 52146.66666666667, 0.0, 0.0, 9830.0, 0.0, 28751.0, 94605.99999999999, 0.0, 29034.0]
tot.withinss	603584.0833333334
betweenss	28189553.71666667
size	[2, 2, 4, 3, 2, 3, 1, 1, 2, 1, 2, 3, 1, 3]
=====クラスタ数15個のとき＝＝＝＝＝
cluster	[8, 8, 6, 14, 13, 12, 5, 11, 14, 15, 2, 7, 9, 9, 10, 9, 4, 13, 12, 11, 12, 3, 5, 1, 12, 3, 8, 12, 1, 1]
centers	[[1874.3333333333333, 233.66666666666666, 11.333333333333334, 1143.3333333333333], [1031.0, 177.0, 14.0, 297.0], [2244.5, 277.5, 6.0, 1389.0], [1122.0, 194.0, 14.0, 379.0], [2772.0, 341.5, 15.0, 1581.0], [1048.0, 137.0, 10.0, 508.0], [752.0, 101.0, 8.0, 355.0], [2525.6666666666665, 185.66666666666666, 14.666666666666666, 2602.3333333333335], [508.0, 42.0, 13.333333333333334, 537.0], [592.0, 12.0, 8.0, 955.0], [1513.5, 168.0, 16.0, 911.5], [1663.8, 146.4, 10.8, 1622.6], [943.5, 73.0, 11.0, 959.5], [1467.0, 213.5, 11.0, 483.0], [616.0, 75.0, 6.0, 377.0]]
totts	28793137.8
withinss	[52146.66666666667, 0.0, 28751.0, 0.0, 32580.5, 0.0, 0.0, 538948.6666666665, 24698.666666666664, 0.0, 21639.0, 418056.0, 5553.0, 3182.5, 0.0]
tot.withinss	1125555.9999999998
betweenss	27667581.8
size	[3, 1, 2, 1, 2, 1, 1, 3, 3, 1, 2, 5, 2, 2, 1]
=====クラスタ数16個のとき＝＝＝＝＝
cluster	[6, 7, 15, 3, 14, 2, 12, 1, 4, 5, 9, 8, 11, 11, 16, 11, 9, 14, 13, 1, 2, 10, 12, 10, 13, 10, 6, 13, 10, 1]
centers	[[1587.3333333333333, 190.0, 14.0, 957.0], [1690.5, 144.5, 14.0, 1872.0], [1434.0, 202.0, 14.0, 502.0], [1500.0, 225.0, 8.0, 464.0], [616.0, 75.0, 6.0, 377.0], [2769.0, 228.0, 18.0, 2654.0], [2039.0, 101.0, 8.0, 2499.0], [752.0, 101.0, 8.0, 355.0], [1076.5, 185.5, 14.0, 338.0], [2094.25, 255.5, 9.0, 1290.0], [508.0, 42.0, 13.333333333333334, 537.0], [2772.0, 341.5, 15.0, 1581.0], [1646.0, 147.66666666666666, 8.666666666666666, 1456.3333333333333], [943.5, 73.0, 11.0, 959.5], [1048.0, 137.0, 10.0, 508.0], [592.0, 12.0, 8.0, 955.0]]
totts	28793137.8
withinss	[69696.66666666667, 113693.0, 0.0, 0.0, 0.0, 156846.0, 0.0, 0.0, 7647.0, 169617.75, 24698.666666666664, 32580.5, 94605.99999999999, 5553.0, 0.0, 0.0]
tot.withinss	674938.5833333334
betweenss	28118199.21666667
size	[3, 2, 1, 1, 1, 2, 1, 1, 2, 4, 3, 2, 3, 2, 1, 1]
=====クラスタ数17個のとき＝＝＝＝＝
cluster	[14, 16, 13, 11, 9, 17, 7, 6, 11, 4, 1, 4, 12, 12, 10, 15, 1, 9, 5, 2, 17, 3, 7, 8, 8, 3, 14, 5, 8, 2]
centers	[[1076.5, 185.5, 14.0, 338.0], [1675.0, 211.5, 12.0, 975.5], [2244.5, 277.5, 6.0, 1389.0], [684.0, 88.0, 7.0, 366.0], [1532.0, 128.0, 9.0, 1416.0], [1412.0, 147.0, 18.0, 920.0], [2772.0, 341.5, 15.0, 1581.0], [1920.6666666666667, 218.0, 10.666666666666666, 1306.3333333333333], [943.5, 73.0, 11.0, 959.5], [592.0, 12.0, 8.0, 955.0], [1467.0, 213.5, 11.0, 483.0], [563.5, 50.5, 17.0, 541.0], [1048.0, 137.0, 10.0, 508.0], [2769.0, 228.0, 18.0, 2654.0], [397.0, 25.0, 6.0, 529.0], [2039.0, 101.0, 8.0, 2499.0], [1690.5, 144.5, 14.0, 1872.0]]
totts	28793137.8
withinss	[7647.0, 18733.0, 28751.0, 9830.0, 4548.0, 0.0, 32580.5, 93920.0, 5553.0, 0.0, 3182.5, 5607.0, 0.0, 156846.0, 0.0, 0.0, 113693.0]
tot.withinss	480891.0
betweenss	28312246.8
size	[2, 2, 2, 2, 2, 1, 2, 3, 2, 1, 2, 2, 1, 2, 1, 1, 2]
=====クラスタ数18個のとき＝＝＝＝＝
cluster	[2, 10, 11, 4, 5, 12, 13, 15, 4, 6, 1, 6, 3, 3, 17, 3, 1, 5, 14, 15, 16, 9, 7, 8, 12, 9, 18, 14, 8, 8]
centers	[[1076.5, 185.5, 14.0, 338.0], [2950.0, 175.0, 20.0, 2861.0], [508.0, 42.0, 13.333333333333334, 537.0], [1467.0, 213.5, 11.0, 483.0], [943.5, 73.0, 11.0, 959.5], [684.0, 88.0, 7.0, 366.0], [2680.0, 318.0, 22.0, 1666.0], [1874.3333333333333, 233.66666666666666, 11.333333333333334, 1143.3333333333333], [2244.5, 277.5, 6.0, 1389.0], [2039.0, 101.0, 8.0, 2499.0], [1048.0, 137.0, 10.0, 508.0], [1888.0, 192.5, 8.0, 1656.5], [2864.0, 365.0, 8.0, 1496.0], [1532.0, 128.0, 9.0, 1416.0], [1513.5, 168.0, 16.0, 911.5], [1479.0, 91.0, 20.0, 1968.0], [592.0, 12.0, 8.0, 955.0], [2588.0, 281.0, 16.0, 2447.0]]
totts	28793137.8
withinss	[7647.0, 0.0, 24698.666666666664, 3182.5, 5553.0, 9830.0, 0.0, 52146.66666666667, 28751.0, 0.0, 0.0, 29013.0, 0.0, 4548.0, 21639.0, 0.0, 0.0, 0.0]
tot.withinss	187008.83333333334
betweenss	28606128.96666667
size	[2, 1, 3, 2, 2, 2, 1, 3, 2, 1, 1, 2, 1, 2, 2, 1, 1, 1]
=====クラスタ数19個のとき＝＝＝＝＝
cluster	[1, 10, 14, 5, 12, 4, 6, 19, 5, 2, 14, 11, 8, 8, 12, 15, 14, 12, 16, 19, 7, 18, 9, 13, 4, 17, 3, 16, 17, 13]
centers	[[2950.0, 175.0, 20.0, 2861.0], [616.0, 75.0, 6.0, 377.0], [2588.0, 281.0, 16.0, 2447.0], [1888.0, 192.5, 8.0, 1656.5], [1467.0, 213.5, 11.0, 483.0], [2864.0, 365.0, 8.0, 1496.0], [1479.0, 91.0, 20.0, 1968.0], [563.5, 50.5, 17.0, 541.0], [2680.0, 318.0, 22.0, 1666.0], [2039.0, 101.0, 8.0, 2499.0], [752.0, 101.0, 8.0, 355.0], [826.3333333333334, 52.666666666666664, 10.0, 958.0], [1807.0, 244.5, 10.0, 1118.5], [1067.0, 169.33333333333334, 12.666666666666666, 394.6666666666667], [397.0, 25.0, 6.0, 529.0], [1532.0, 128.0, 9.0, 1416.0], [2071.0, 231.5, 12.0, 1273.5], [2356.0, 304.0, 2.0, 1424.0], [1513.5, 168.0, 16.0, 911.5]]
totts	28793137.8
withinss	[0.0, 0.0, 0.0, 29013.0, 3182.5, 0.0, 0.0, 5607.0, 0.0, 0.0, 0.0, 90421.33333333333, 20529.0, 29034.0, 0.0, 4548.0, 21417.0, 0.0, 21639.0]
tot.withinss	225390.8333333333
betweenss	28567746.96666667
size	[1, 1, 1, 2, 2, 1, 1, 2, 1, 1, 1, 3, 2, 3, 1, 2, 2, 1, 2]
=====クラスタ数20個のとき＝＝＝＝＝
cluster	[13, 11, 1, 10, 6, 19, 8, 12, 2, 15, 1, 15, 7, 7, 16, 7, 1, 6, 20, 14, 17, 4, 8, 5, 19, 4, 9, 18, 5, 3]
centers	[[1067.0, 169.33333333333334, 12.666666666666666, 394.6666666666667], [1500.0, 225.0, 8.0, 464.0], [1735.0, 234.0, 10.0, 1048.0], [2244.5, 277.5, 6.0, 1389.0], [1944.0, 233.5, 12.0, 1191.0], [943.5, 73.0, 11.0, 959.5], [508.0, 42.0, 13.333333333333334, 537.0], [2772.0, 341.5, 15.0, 1581.0], [2588.0, 281.0, 16.0, 2447.0], [1434.0, 202.0, 14.0, 502.0], [2039.0, 101.0, 8.0, 2499.0], [1412.0, 147.0, 18.0, 920.0], [2950.0, 175.0, 20.0, 2861.0], [1615.0, 189.0, 14.0, 903.0], [684.0, 88.0, 7.0, 366.0], [592.0, 12.0, 8.0, 955.0], [1479.0, 91.0, 20.0, 1968.0], [1563.0, 124.0, 8.0, 1452.0], [1888.0, 192.5, 8.0, 1656.5], [1501.0, 132.0, 10.0, 1380.0]]
totts	28793137.8
withinss	[29034.0, 0.0, 0.0, 28751.0, 9390.5, 5553.0, 24698.666666666664, 32580.5, 0.0, 0.0, 0.0, 0.0, 0.0, 0.0, 9830.0, 0.0, 0.0, 0.0, 29013.0, 0.0]
tot.withinss	168850.66666666666
betweenss	28624287.133333333
size	[3, 1, 1, 2, 2, 2, 3, 2, 1, 1, 1, 1, 1, 1, 2, 1, 1, 1, 2, 1]
=====クラスタ数21個のとき＝＝＝＝＝
cluster	[12, 4, 14, 16, 5, 10, 3, 6, 16, 18, 20, 18, 21, 21, 15, 9, 20, 5, 8, 13, 1, 11, 3, 2, 7, 11, 19, 17, 2, 13]
centers	[[1479.0, 91.0, 20.0, 1968.0], [1944.0, 233.5, 12.0, 1191.0], [2772.0, 341.5, 15.0, 1581.0], [2039.0, 101.0, 8.0, 2499.0], [943.5, 73.0, 11.0, 959.5], [1412.0, 147.0, 18.0, 920.0], [1874.0, 187.0, 8.0, 1537.0], [1501.0, 132.0, 10.0, 1380.0], [397.0, 25.0, 6.0, 529.0], [1902.0, 198.0, 8.0, 1776.0], [2244.5, 277.5, 6.0, 1389.0], [2950.0, 175.0, 20.0, 2861.0], [1675.0, 211.5, 12.0, 975.5], [1048.0, 137.0, 10.0, 508.0], [592.0, 12.0, 8.0, 955.0], [1467.0, 213.5, 11.0, 483.0], [1563.0, 124.0, 8.0, 1452.0], [684.0, 88.0, 7.0, 366.0], [2588.0, 281.0, 16.0, 2447.0], [1076.5, 185.5, 14.0, 338.0], [563.5, 50.5, 17.0, 541.0]]
totts	28793137.8
withinss	[0.0, 9390.5, 32580.5, 0.0, 5553.0, 0.0, 0.0, 0.0, 0.0, 0.0, 28751.0, 0.0, 18733.0, 0.0, 0.0, 3182.5, 0.0, 9830.0, 0.0, 7647.0, 5607.0]
tot.withinss	121274.5
betweenss	28671863.3
size	[1, 2, 2, 1, 2, 1, 1, 1, 1, 1, 2, 1, 2, 1, 1, 2, 1, 2, 1, 2, 2]
=====クラスタ数22個のとき＝＝＝＝＝
cluster	[19, 4, 7, 18, 3, 14, 8, 2, 18, 1, 15, 1, 17, 17, 9, 16, 15, 22, 12, 20, 5, 6, 21, 13, 14, 11, 10, 12, 13, 20]
centers	[[684.0, 88.0, 7.0, 366.0], [1412.0, 147.0, 18.0, 920.0], [962.0, 82.0, 10.0, 911.0], [2039.0, 101.0, 8.0, 2499.0], [1479.0, 91.0, 20.0, 1968.0], [2356.0, 304.0, 2.0, 1424.0], [1048.0, 137.0, 10.0, 508.0], [2864.0, 365.0, 8.0, 1496.0], [592.0, 12.0, 8.0, 955.0], [2588.0, 281.0, 16.0, 2447.0], [2133.0, 251.0, 10.0, 1354.0], [1532.0, 128.0, 9.0, 1416.0], [1944.0, 233.5, 12.0, 1191.0], [1888.0, 192.5, 8.0, 1656.5], [1076.5, 185.5, 14.0, 338.0], [397.0, 25.0, 6.0, 529.0], [563.5, 50.5, 17.0, 541.0], [1467.0, 213.5, 11.0, 483.0], [2950.0, 175.0, 20.0, 2861.0], [1675.0, 211.5, 12.0, 975.5], [2680.0, 318.0, 22.0, 1666.0], [925.0, 64.0, 12.0, 1008.0]]
totts	28793137.8
withinss	[9830.0, 0.0, 0.0, 0.0, 0.0, 0.0, 0.0, 0.0, 0.0, 0.0, 0.0, 4548.0, 9390.5, 29013.0, 7647.0, 0.0, 5607.0, 3182.5, 0.0, 18733.0, 0.0, 0.0]
tot.withinss	87951.0
betweenss	28705186.8
size	[2, 1, 1, 1, 1, 1, 1, 1, 1, 1, 1, 2, 2, 2, 2, 1, 2, 2, 1, 2, 1, 1]
=====クラスタ数23個のとき＝＝＝＝＝
cluster	[12, 18, 7, 9, 10, 22, 6, 5, 9, 14, 4, 13, 11, 11, 3, 1, 4, 8, 15, 20, 16, 23, 19, 2, 22, 17, 21, 15, 2, 20]
centers	[[397.0, 25.0, 6.0, 529.0], [1944.0, 233.5, 12.0, 1191.0], [592.0, 12.0, 8.0, 955.0], [1076.5, 185.5, 14.0, 338.0], [1412.0, 147.0, 18.0, 920.0], [2864.0, 365.0, 8.0, 1496.0], [1048.0, 137.0, 10.0, 508.0], [925.0, 64.0, 12.0, 1008.0], [1467.0, 213.5, 11.0, 483.0], [962.0, 82.0, 10.0, 911.0], [563.5, 50.5, 17.0, 541.0], [2950.0, 175.0, 20.0, 2861.0], [752.0, 101.0, 8.0, 355.0], [616.0, 75.0, 6.0, 377.0], [1532.0, 128.0, 9.0, 1416.0], [1479.0, 91.0, 20.0, 1968.0], [2133.0, 251.0, 10.0, 1354.0], [2039.0, 101.0, 8.0, 2499.0], [2680.0, 318.0, 22.0, 1666.0], [1675.0, 211.5, 12.0, 975.5], [2588.0, 281.0, 16.0, 2447.0], [1888.0, 192.5, 8.0, 1656.5], [2356.0, 304.0, 2.0, 1424.0]]
totts	28793137.8
withinss	[0.0, 9390.5, 0.0, 7647.0, 0.0, 0.0, 0.0, 0.0, 3182.5, 0.0, 5607.0, 0.0, 0.0, 0.0, 4548.0, 0.0, 0.0, 0.0, 0.0, 18733.0, 0.0, 29013.0, 0.0]
tot.withinss	78121.0
betweenss	28715016.8
size	[1, 2, 1, 2, 1, 1, 1, 1, 2, 1, 2, 1, 1, 1, 2, 1, 1, 1, 1, 2, 1, 2, 1]
=====クラスタ数24個のとき＝＝＝＝＝
cluster	[12, 14, 3, 16, 11, 10, 18, 8, 16, 7, 4, 21, 6, 6, 5, 20, 19, 11, 2, 1, 22, 17, 13, 24, 10, 9, 23, 2, 24, 15]
centers	[[1615.0, 189.0, 14.0, 903.0], [1532.0, 128.0, 9.0, 1416.0], [1048.0, 137.0, 10.0, 508.0], [1031.0, 177.0, 14.0, 297.0], [592.0, 12.0, 8.0, 955.0], [563.5, 50.5, 17.0, 541.0], [616.0, 75.0, 6.0, 377.0], [1412.0, 147.0, 18.0, 920.0], [2133.0, 251.0, 10.0, 1354.0], [1888.0, 192.5, 8.0, 1656.5], [943.5, 73.0, 11.0, 959.5], [2950.0, 175.0, 20.0, 2861.0], [2680.0, 318.0, 22.0, 1666.0], [2039.0, 101.0, 8.0, 2499.0], [1735.0, 234.0, 10.0, 1048.0], [1467.0, 213.5, 11.0, 483.0], [2356.0, 304.0, 2.0, 1424.0], [2864.0, 365.0, 8.0, 1496.0], [1122.0, 194.0, 14.0, 379.0], [397.0, 25.0, 6.0, 529.0], [752.0, 101.0, 8.0, 355.0], [1479.0, 91.0, 20.0, 1968.0], [2588.0, 281.0, 16.0, 2447.0], [1944.0, 233.5, 12.0, 1191.0]]
totts	28793137.8
withinss	[0.0, 4548.0, 0.0, 0.0, 0.0, 5607.0, 0.0, 0.0, 0.0, 29013.0, 5553.0, 0.0, 0.0, 0.0, 0.0, 3182.5, 0.0, 0.0, 0.0, 0.0, 0.0, 0.0, 0.0, 9390.5]
tot.withinss	57294.0
betweenss	28735843.8
size	[1, 2, 1, 1, 1, 2, 1, 1, 1, 2, 2, 1, 1, 1, 1, 2, 1, 1, 1, 1, 1, 1, 1, 2]
=====クラスタ数25個のとき＝＝＝＝＝
cluster	[12, 20, 23, 9, 25, 24, 7, 8, 9, 21, 2, 4, 15, 15, 19, 16, 2, 25, 22, 13, 1, 6, 5, 18, 11, 10, 17, 14, 3, 13]
centers	[[1479.0, 91.0, 20.0, 1968.0], [1076.5, 185.5, 14.0, 338.0], [2009.0, 212.0, 14.0, 1193.0], [752.0, 101.0, 8.0, 355.0], [2680.0, 318.0, 22.0, 1666.0], [2356.0, 304.0, 2.0, 1424.0], [2864.0, 365.0, 8.0, 1496.0], [1412.0, 147.0, 18.0, 920.0], [1467.0, 213.5, 11.0, 483.0], [2133.0, 251.0, 10.0, 1354.0], [1874.0, 187.0, 8.0, 1537.0], [2950.0, 175.0, 20.0, 2861.0], [1675.0, 211.5, 12.0, 975.5], [1563.0, 124.0, 8.0, 1452.0], [563.5, 50.5, 17.0, 541.0], [397.0, 25.0, 6.0, 529.0], [2588.0, 281.0, 16.0, 2447.0], [1879.0, 255.0, 10.0, 1189.0], [592.0, 12.0, 8.0, 955.0], [2039.0, 101.0, 8.0, 2499.0], [616.0, 75.0, 6.0, 377.0], [1501.0, 132.0, 10.0, 1380.0], [1048.0, 137.0, 10.0, 508.0], [1902.0, 198.0, 8.0, 1776.0], [943.5, 73.0, 11.0, 959.5]]
totts	28793137.8
withinss	[0.0, 7647.0, 0.0, 0.0, 0.0, 0.0, 0.0, 0.0, 3182.5, 0.0, 0.0, 0.0, 18733.0, 0.0, 5607.0, 0.0, 0.0, 0.0, 0.0, 0.0, 0.0, 0.0, 0.0, 0.0, 5553.0]
tot.withinss	40722.5
betweenss	28752415.3
size	[1, 2, 1, 1, 1, 1, 1, 1, 2, 1, 1, 1, 2, 1, 2, 1, 1, 1, 1, 1, 1, 1, 1, 1, 2]
=====クラスタ数26個のとき＝＝＝＝＝
cluster	[14, 17, 8, 12, 24, 15, 26, 16, 9, 4, 19, 22, 10, 10, 1, 6, 21, 24, 3, 18, 20, 5, 11, 23, 7, 25, 13, 3, 23, 2]
centers	[[592.0, 12.0, 8.0, 955.0], [1735.0, 234.0, 10.0, 1048.0], [1532.0, 128.0, 9.0, 1416.0], [616.0, 75.0, 6.0, 377.0], [2356.0, 304.0, 2.0, 1424.0], [397.0, 25.0, 6.0, 529.0], [1874.0, 187.0, 8.0, 1537.0], [1048.0, 137.0, 10.0, 508.0], [1500.0, 225.0, 8.0, 464.0], [563.5, 50.5, 17.0, 541.0], [2680.0, 318.0, 22.0, 1666.0], [1434.0, 202.0, 14.0, 502.0], [2588.0, 281.0, 16.0, 2447.0], [2950.0, 175.0, 20.0, 2861.0], [1902.0, 198.0, 8.0, 1776.0], [1412.0, 147.0, 18.0, 920.0], [2039.0, 101.0, 8.0, 2499.0], [1615.0, 189.0, 14.0, 903.0], [1031.0, 177.0, 14.0, 297.0], [1479.0, 91.0, 20.0, 1968.0], [1122.0, 194.0, 14.0, 379.0], [752.0, 101.0, 8.0, 355.0], [1944.0, 233.5, 12.0, 1191.0], [943.5, 73.0, 11.0, 959.5], [2133.0, 251.0, 10.0, 1354.0], [2864.0, 365.0, 8.0, 1496.0]]
totts	28793137.8
withinss	[0.0, 0.0, 4548.0, 0.0, 0.0, 0.0, 0.0, 0.0, 0.0, 5607.0, 0.0, 0.0, 0.0, 0.0, 0.0, 0.0, 0.0, 0.0, 0.0, 0.0, 0.0, 0.0, 9390.5, 5553.0, 0.0, 0.0]
tot.withinss	25098.5
betweenss	28768039.3
size	[1, 1, 2, 1, 1, 1, 1, 1, 1, 2, 1, 1, 1, 1, 1, 1, 1, 1, 1, 1, 1, 1, 2, 2, 1, 1]
=====クラスタ数27個のとき＝＝＝＝＝
cluster	[2, 25, 15, 11, 9, 4, 19, 27, 1, 8, 23, 17, 3, 3, 26, 5, 21, 6, 13, 12, 14, 24, 18, 16, 20, 10, 2, 22, 16, 7]
centers	[[1500.0, 225.0, 8.0, 464.0], [2769.0, 228.0, 18.0, 2654.0], [563.5, 50.5, 17.0, 541.0], [1902.0, 198.0, 8.0, 1776.0], [397.0, 25.0, 6.0, 529.0], [925.0, 64.0, 12.0, 1008.0], [1735.0, 234.0, 10.0, 1048.0], [616.0, 75.0, 6.0, 377.0], [962.0, 82.0, 10.0, 911.0], [2133.0, 251.0, 10.0, 1354.0], [1434.0, 202.0, 14.0, 502.0], [1615.0, 189.0, 14.0, 903.0], [1501.0, 132.0, 10.0, 1380.0], [1479.0, 91.0, 20.0, 1968.0], [1048.0, 137.0, 10.0, 508.0], [1944.0, 233.5, 12.0, 1191.0], [752.0, 101.0, 8.0, 355.0], [2680.0, 318.0, 22.0, 1666.0], [2864.0, 365.0, 8.0, 1496.0], [1874.0, 187.0, 8.0, 1537.0], [1122.0, 194.0, 14.0, 379.0], [1563.0, 124.0, 8.0, 1452.0], [1031.0, 177.0, 14.0, 297.0], [2356.0, 304.0, 2.0, 1424.0], [2039.0, 101.0, 8.0, 2499.0], [592.0, 12.0, 8.0, 955.0], [1412.0, 147.0, 18.0, 920.0]]
totts	28793137.8
withinss	[0.0, 156846.0, 5607.0, 0.0, 0.0, 0.0, 0.0, 0.0, 0.0, 0.0, 0.0, 0.0, 0.0, 0.0, 0.0, 9390.5, 0.0, 0.0, 0.0, 0.0, 0.0, 0.0, 0.0, 0.0, 0.0, 0.0, 0.0]
tot.withinss	171843.5
betweenss	28621294.3
size	[1, 2, 2, 1, 1, 1, 1, 1, 1, 1, 1, 1, 1, 1, 1, 2, 1, 1, 1, 1, 1, 1, 1, 1, 1, 1, 1]
=====クラスタ数28個のとき＝＝＝＝＝
cluster	[20, 25, 26, 16, 7, 1, 15, 9, 11, 18, 14, 19, 10, 5, 27, 17, 21, 8, 23, 2, 6, 3, 15, 24, 22, 13, 4, 28, 24, 12]
centers	[[1902.0, 198.0, 8.0, 1776.0], [1615.0, 189.0, 14.0, 903.0], [2356.0, 304.0, 2.0, 1424.0], [2588.0, 281.0, 16.0, 2447.0], [557.0, 58.0, 18.0, 489.0], [1479.0, 91.0, 20.0, 1968.0], [962.0, 82.0, 10.0, 911.0], [925.0, 64.0, 12.0, 1008.0], [1412.0, 147.0, 18.0, 920.0], [570.0, 43.0, 16.0, 593.0], [1500.0, 225.0, 8.0, 464.0], [1735.0, 234.0, 10.0, 1048.0], [2133.0, 251.0, 10.0, 1354.0], [1031.0, 177.0, 14.0, 297.0], [2772.0, 341.5, 15.0, 1581.0], [1434.0, 202.0, 14.0, 502.0], [397.0, 25.0, 6.0, 529.0], [616.0, 75.0, 6.0, 377.0], [752.0, 101.0, 8.0, 355.0], [2950.0, 175.0, 20.0, 2861.0], [1122.0, 194.0, 14.0, 379.0], [1874.0, 187.0, 8.0, 1537.0], [1501.0, 132.0, 10.0, 1380.0], [1944.0, 233.5, 12.0, 1191.0], [2039.0, 101.0, 8.0, 2499.0], [1048.0, 137.0, 10.0, 508.0], [592.0, 12.0, 8.0, 955.0], [1563.0, 124.0, 8.0, 1452.0]]
totts	28793137.8
withinss	[0.0, 0.0, 0.0, 0.0, 0.0, 0.0, 0.0, 0.0, 0.0, 0.0, 0.0, 0.0, 0.0, 0.0, 32580.5, 0.0, 0.0, 0.0, 0.0, 0.0, 0.0, 0.0, 0.0, 9390.5, 0.0, 0.0, 0.0, 0.0]
tot.withinss	41971.0
betweenss	28751166.8
size	[1, 1, 1, 1, 1, 1, 1, 1, 1, 1, 1, 1, 1, 1, 2, 1, 1, 1, 1, 1, 1, 1, 1, 2, 1, 1, 1, 1]
=====クラスタ数29個のとき＝＝＝＝＝
cluster	[4, 18, 25, 22, 20, 7, 11, 26, 5, 29, 6, 28, 1, 19, 10, 17, 14, 20, 15, 23, 27, 3, 16, 2, 12, 13, 9, 21, 8, 24]
centers	[[570.0, 43.0, 16.0, 593.0], [1879.0, 255.0, 10.0, 1189.0], [2356.0, 304.0, 2.0, 1424.0], [2950.0, 175.0, 20.0, 2861.0], [1500.0, 225.0, 8.0, 464.0], [1031.0, 177.0, 14.0, 297.0], [1902.0, 198.0, 8.0, 1776.0], [2009.0, 212.0, 14.0, 1193.0], [2588.0, 281.0, 16.0, 2447.0], [592.0, 12.0, 8.0, 955.0], [2864.0, 365.0, 8.0, 1496.0], [1874.0, 187.0, 8.0, 1537.0], [2133.0, 251.0, 10.0, 1354.0], [1122.0, 194.0, 14.0, 379.0], [1501.0, 132.0, 10.0, 1380.0], [2680.0, 318.0, 22.0, 1666.0], [397.0, 25.0, 6.0, 529.0], [2039.0, 101.0, 8.0, 2499.0], [557.0, 58.0, 18.0, 489.0], [943.5, 73.0, 11.0, 959.5], [1563.0, 124.0, 8.0, 1452.0], [1434.0, 202.0, 14.0, 502.0], [1615.0, 189.0, 14.0, 903.0], [1735.0, 234.0, 10.0, 1048.0], [1048.0, 137.0, 10.0, 508.0], [1412.0, 147.0, 18.0, 920.0], [1479.0, 91.0, 20.0, 1968.0], [752.0, 101.0, 8.0, 355.0], [616.0, 75.0, 6.0, 377.0]]
totts	28793137.8
withinss	[0.0, 0.0, 0.0, 0.0, 0.0, 0.0, 0.0, 0.0, 0.0, 0.0, 0.0, 0.0, 0.0, 0.0, 0.0, 0.0, 0.0, 0.0, 0.0, 5553.0, 0.0, 0.0, 0.0, 0.0, 0.0, 0.0, 0.0, 0.0, 0.0]
tot.withinss	5553.0
betweenss	28787584.8
size	[1, 1, 1, 1, 1, 1, 1, 1, 1, 1, 1, 1, 1, 1, 1, 1, 1, 1, 1, 2, 1, 1, 1, 1, 1, 1, 1, 1, 1]
##########################クラスタ数8個の時の平均##########################
cl[1] = [1.0220956356573903, -0.4343704706096144, -0.5675600271237025, 1.7320500583231944]
cl[2] = [1.4883599623034662, -0.18299592407992693, -0.5502149411184707, 1.7320302961131766]
cl[3] = [0.9266535417740637, -0.470179603436179, -0.5388987079954235, 1.7320450981306486]
cl[4] = [1.6338039482671014, 0.1986447157150087, -0.5342319373179509, 1.7320334532990256]
cl[5] = [0.9564909097587079, -0.4662981863421984, -0.568883431597948, 1.7320505566538127]
cl[6] = [0.8199935044522965, -0.4977312948417267, -0.5614848150311321, 1.732049220473148]
cl[7] = [1.419693712604106, -0.26087790340688166, -0.5595418200234424, 1.732048488008635]
cl[8] = [1.4486176586612265, -0.21893689353050064, -0.5676789116649829, 1.732049642690997]
##########################クラスタ数8個の時の標準偏差##########################
cl[1] = [0.1713866938680617, 0.044620596560311566, 0.0032422131757880797, 2.6589738046012216e-07]
cl[2] = [0.06636637957579206, 0.07558684096338776, 0.004811612935895659, 2.020358477627937e-06]
cl[3] = [0.1820950486348409, 0.041302322163710395, 0.016172716150982133, 1.82822756378612e-06]
cl[4] = [0.04649877285117258, 0.1971113879115055, 0.016593088007373667, 7.645414611942984e-06]
cl[5] = [0.12271513466958547, 0.05105277271786746, 0.002573219748708496, 3.962475706381228e-08]
cl[6] = [0.23595953836355968, 0.05071942319707139, 0.0021301658210299344, 5.332724559814829e-07]
cl[7] = [0.03135447179771383, 0.04173443009151483, 0.00659113934761803, 6.9476899985202e-07]
cl[8] = [0.042009131619012395, 0.0412958155039026, 0.007667980682747516, 1.5970964538484818e-07]
##########################異常データ(標準化)##########################
[1.1133435910804719, -0.36394124670655964, -0.5719981714551866, 1.7320507114023842]
[0.5475194213032468, -0.45902141109273065, -0.5723993717419864, 1.7320507163107066]
[1.386344340033303, -0.15345990968313322, -0.5666278959239165, 1.7320501499806744]
[1.3099844736905997, -0.190278794206281, -0.5694438758404479, 1.7320503504031093]
[1.199712217810216, -0.29458701252266256, -0.5732277072614684, 1.7320503199683577]

[1.6914274094273607, 0.586466797431426, -0.5588626135321009, 1.7320472800335365]
[1.682842580420183, 0.4253445658190253, -0.5562423399004509, 1.7320440777720616]
[1.6909966939181569, 0.43344597764310266, -0.5509139963147026, 1.7320402464145461]
[1.6748633847971466, -0.04834134855130241, -0.5584228898932699, 1.7320480941986838]
[1.6448711191231016, 0.21156428392102042, -0.5579096271559573, 1.7320488084559174]

[1.6233384703912994, 0.017803336181672385, -0.5728156884368822, 1.7320482580302765]
[1.1583442691460495, -0.38293303967832487, -0.5688040020948518, 1.7320506025438096]
[1.5971857916724819, 0.03485887184402349, -0.564426684165857, 1.7320496519889432]
[1.5752160000731301, -0.03552065177632536, -0.5764682791042268, 1.7320501808969224]
[1.379387547551193, 1.718629152317609, -0.5655399914429129, 1.7320502060815648]

[1.341083850521802, 1.6907761694904966, -0.5720977103948178, 1.7320505526136294]
[1.510433452044308, -0.38659146768368063, -0.5693736379937037, 1.7320501826073433]
[1.6664038263757244, -0.06508133355269537, -0.5699282892192035, 1.7320480921430674]
[1.701438566532928, 0.3694226979756716, -0.5685692485773861, 1.7320468692810091]
[1.4133998379141106, -0.31663126894279964, -0.5634917940072284, 1.732050101273706]

[1.6545726832714063, -0.15836612774758801, -0.5666413808976506, 1.7320478609146943]
[1.522292333648843, -0.4780001006129424, -0.5133584765968466, 1.7320455577281169]
[1.673206459456302, 0.1279381929584459, -0.5347105980703365, 1.732047561108651]
[1.7099821510831072, 0.7793772179340807, -0.5683601184307113, 1.7320462715498441]
[1.594161373297814, 0.001732779889900973, -0.5606946795613653, 1.7320468670511306]

[1.6515376550898266, 0.21834446705869093, -0.5661309484831655, 1.7320477264014897]
[1.6384052356714611, 0.10769346957670525, -0.5601434392684107, 1.7320478829909183]
[1.2530853214186755, -0.4009389075282776, -0.5681012563643055, 1.732049344826112]
[1.5084590649129137, -0.16093368320211593, -0.5685285523003721, 1.7320497583607135]
[1.413460341284693, -0.30666881673916935, -0.5692056028070881, 1.7320499724010017]

##########################逸脱度##########################
3.268207997839301
4.040328426655768
3.8254472690431864
4.954510379173481
3.8616049669334775

3.2986354164445775
2.4750084063468925
2.1753315760045417
2.853497833393876
2.476063191968624

3.170028816252481
2.5094218361821268
3.0184553620348926
3.776910234076176
9.887493831046047

10.351054951681878
3.129960593874575
3.2520470690453385
3.198109643382082
2.752425825742655

3.293356726627542
3.645905751453027
2.062177040966868
4.2901548646861745
2.710430873949554

2.70858326254935
2.494673211773143
3.0993714968064476
2.13044959775063
2.8209551847173278

##############################################################
タイムスロット0 = [3.268207997839301, 12.65951936076429, 4.613351340814473, 11.98770134050939, 4.729737689696389, 6.3780247505067855, 10.741262027190961, 11.005468695278921]
タイムスロット1 = [4.040328426655768, 18.37718561561877, 4.259374131237521, 23.817741308895375, 5.4063567114040385, 6.003119726921225, 28.467438498913268, 23.22656808672261]
タイムスロット2 = [6.659742096948351, 10.522322272963326, 8.703527665955864, 6.331996380299099, 12.48675038324497, 7.791160136983269, 3.8254472690431864, 3.8495795481864064]
タイムスロット3 = [5.855844062011871, 11.033207497467352, 7.8853115552584905, 7.859952644805896, 8.041711976621784, 7.714138722231397, 4.954510379173481, 5.573236203804362]
タイムスロット4 = [3.8616049669334775, 11.924742890838244, 5.743403636396146, 10.188427660641686, 7.332791274073642, 7.298782849623942, 7.819213948192195, 7.54777384773639]
タイムスロット5 = [25.593640427989964, 13.670741874966442, 25.98245761499351, 3.2986354164445775, 85.52253752223058, 22.030548958323045, 22.144164070254053, 25.178435077849336]
タイムスロット6 = [30.069292521794704, 11.020985605446556, 22.1093484627409, 2.4750084063468925, 164.61585315449364, 21.063152736395132, 19.527964131469762, 38.61119685426275]
タイムスロット7 = [42.20828429543704, 10.005515142206393, 22.44714977165174, 2.1753315760045417, 260.95520857167776, 25.661442384675613, 22.227901578038463, 61.22923858264641]
タイムスロット8 = [12.323118720732069, 9.570048413008818, 11.195541146209912, 2.853497833393876, 63.08517291649506, 9.907453523046165, 9.618487336824863, 11.896799733683162]
タイムスロット9 = [15.928526953383248, 10.923628047822719, 17.132174170247517, 2.476063191968624, 46.609251174295956, 14.532942165834282, 13.416310504181851, 12.625726345931556]
タイムスロット10 = [12.785489460235686, 10.597025983132092, 12.712798554942367, 3.170028816252481, 59.05010646578077, 12.102012906413842, 9.536151940112129, 11.21509714739215]
タイムスロット11 = [2.5094218361821268, 12.151960790843356, 4.308735847988522, 11.073970586400149, 2.591194339008227, 5.069697535389463, 9.448187905318441, 9.982846545123083]
タイムスロット12 = [11.185462260974921, 10.559552371365099, 13.106320564675395, 3.0184553620348926, 25.453223894002466, 11.120966072482558, 9.252815960717822, 7.103620703400255]
タイムスロット13 = [9.903412213587192, 11.496046537599412, 11.68599093265679, 3.776910234076176, 13.972572254504783, 12.08356207686616, 8.142034173387412, 6.440415882631773]
タイムスロット14 = [48.30348091329281, 27.25596199973023, 53.15215050871803, 9.887493831046047, 43.85725560699951, 43.84307572459825, 47.521558028655534, 47.08128669897455]
タイムスロット15 = [47.7201521599031, 27.21506546008001, 52.49498539981873, 10.351054951681878, 42.386461523705364, 43.563761453825315, 46.963643007044865, 46.668165740537916]
タイムスロット16 = [3.129960593874575, 10.959281073229306, 5.065461488087442, 5.012793112029691, 10.58105584418325, 5.507622429047728, 5.061910132606604, 5.488623326859876]
タイムスロット17 = [11.740561888389058, 10.198207768617857, 10.911727686451021, 3.2520470690453385, 62.95844025015873, 10.286930467891596, 9.312891015643551, 11.623217208082032]
タイムスロット18 = [22.00352723025823, 12.064928691392911, 20.872089118973527, 3.198109643382082, 94.68102016592057, 18.351145821601392, 17.78029393621005, 23.254605851507204]
タイムスロット19 = [3.711601496515415, 10.397605192133181, 5.546853211468913, 6.095272133102721, 12.606388195412812, 4.763367408209143, 2.752425825742655, 3.852568469260347]
タイムスロット20 = [10.966134716552927, 9.675604946695232, 8.843164052365973, 3.293356726627542, 68.54057965717716, 8.345038887048853, 8.00778269065469, 12.274750317837256]
タイムスロット21 = [23.988302739981176, 11.455536748369505, 3.645905751453027, 4.650204700974312, 128.07191704448474, 23.80374859111954, 10.230246944371219, 27.32800234927102]
タイムスロット22 = [19.081393354116305, 10.396543212069954, 15.11300533342671, 2.062177040966868, 77.85233471708402, 18.2459141977921, 12.966964878532405, 16.95572172401553]
タイムスロット23 = [30.966311063397942, 15.811431608536655, 30.61918925372204, 4.2901548646861745, 111.03063764895404, 26.25355147748711, 26.81357819220661, 32.690635634204014]
タイムスロット24 = [15.974778251301508, 8.973875626115474, 12.113586739297572, 2.710430873949554, 93.76199191776868, 11.285088153733621, 8.719553655658027, 18.53178163989859]
タイムスロット25 = [17.452139045619443, 10.936652600522429, 17.281472430776002, 2.70858326254935, 72.90261099788337, 14.978468834658742, 13.737832963216512, 16.71724312255742]
タイムスロット26 = [15.253698928754169, 9.996664513222957, 14.665609359551027, 2.494673211773143, 68.71417961465961, 12.696568741825862, 11.287882690644832, 14.329534839756821]
タイムスロット27 = [3.0993714968064476, 11.117293436392872, 3.8314583847946713, 9.207515497802355, 30.70615197422861, 4.088136832656716, 6.534948154915249, 6.676079375185783]
タイムスロット28 = [6.853315320746729, 10.366266770125302, 8.72487085578051, 4.406226596321511, 21.491894160515596, 8.034894550977919, 4.353374843569266, 2.13044959775063]
タイムスロット29 = [3.710418456488218, 10.694697668336996, 5.782687238601955, 6.175613209641905, 15.526221216230613, 5.970063684607314, 2.8209551847173278, 3.0846909254824006]
