##########################通常データ(標準化)##########################
[1.2944154593156476, -0.3145816616561089, -0.5553248496702361, 1.7320508017049019]
[1.524449326813631, -0.13360953788776253, -0.5543206678020551, 1.7320290086283583]
[1.4542339260757453, -0.4258050548910809, -0.5565833391329765, 1.732033404055333]
[1.2655408980516214, -0.38353853208937316, -0.5393197856765862, 1.7320433324843116]
[1.6451098942268525, 0.0732429697472754, -0.5712174321675506, 1.7320460057277223]

[1.6576231322382748, 0.09954466557068095, -0.4741064592999424, 1.7320184234737923]
[1.073071830394253, -0.43631612199891545, -0.5525564214822001, 1.7320492576413469]
[1.5150737410568345, -0.1542132129650587, -0.5585574697965705, 1.7320431517506]
[1.4272146019872485, -0.31219785418951984, -0.5666111641832525, 1.7320493346597567]
[1.7067960237980755, 0.7716849843332605, -0.5183283369280066, 1.731997866556035]

[1.644478949069517, 0.09027368849886219, -0.5530493175282077, 1.7320421528750585]
[1.7084708847543792, 1.151932508131331, -0.5646806740708981, 1.7320179730300445]
[1.6607835189274316, 0.2782411400027703, -0.5463558516325776, 1.7320368431025321]
[1.6878763903888925, 0.49247575056608356, -0.5191773978263108, 1.7320275915857366]
[1.7002539562154688, 0.6661562119742496, -0.5713116220138283, 1.7319826893984365]

[1.6901963432920997, 0.5174218917839958, -0.5607990827320741, 1.7320110842135061]
[1.5523639669298055, -0.054598655389488486, -0.5534430058605592, 1.7320490168908362]
[1.6936379730707878, 0.6800243098766073, -0.5495335290930391, 1.7320428301296682]
[1.5546138440231925, -0.11394211305956904, -0.5648112898078461, 1.7320501734621188]
[1.1625487654820412, -0.3149497583836133, -0.5737664960797308, 1.7320506167665062]

[1.3452243898925063, -0.22184306903750717, -0.5681143133755397, 1.7320501515131206]
[1.5036368515986274, -0.19641704417205358, -0.568292794539364, 1.7320500547531963]
[1.4784695063136386, -0.19207609278705148, -0.554918325047804, 1.732049562042792]
[1.6867188944236509, 0.5158409680373804, -0.5628096594749273, 1.7320453883697726]
[1.5479485392037322, -0.12258222526032825, -0.5746733105235475, 1.7320455599129718]

[1.4364540499119414, -0.20775235142947826, -0.5604919933707058, 1.7320497786875824]
[1.132216291935047, -0.42126803553509085, -0.5706584768956969, 1.7320501468231455]
[1.1497184631053199, -0.423625013228289, -0.5701705668185, 1.7320493781264692]
[1.6098131046491833, -0.03972625459991083, -0.5584998185764246, 1.7320489148394278]
[1.2653268739822763, -0.34913906271823325, -0.5710422050456754, 1.7320501258866123]

##########################クラスタ数##########################
3
##########################クラスタリング結果##########################
=====クラスタ数1個のとき＝＝＝＝＝
cluster	[1, 1, 1, 1, 1, 1, 1, 1, 1, 1, 1, 1, 1, 1, 1, 1, 1, 1, 1, 1, 1, 1, 1, 1, 1, 1, 1, 1, 1, 1]
centers	[1.492476013037591, -0.6953721576045488, -1.0041913023548605, 0.20708744692181869]
totts	7.130625916141913
withinss	7.130625916141914
tot.withinss	7.130625916141914
betweenss	-8.881784197001252e-16
size	30
=====クラスタ数2個のとき＝＝＝＝＝
cluster	[2, 2, 2, 2, 1, 1, 2, 2, 2, 1, 1, 1, 1, 1, 1, 1, 1, 1, 1, 2, 2, 2, 2, 1, 1, 2, 2, 2, 1, 2]
centers	[[1.649779027680757, -0.5716847973793567, -0.933461867299017, -0.1446323630023824], [1.3351729983944254, -0.8190595178297411, -1.074920737410704, 0.5588072568460197]]
totts	7.130625916141913
withinss	[0.8870411121156272, 1.1810164288741059]
tot.withinss	2.068057540989733
betweenss	5.06256837515218
size	[15, 15]
=====クラスタ数3個のとき＝＝＝＝＝
cluster	[2, 3, 3, 2, 1, 1, 2, 3, 3, 1, 1, 1, 1, 1, 1, 1, 3, 1, 3, 2, 2, 3, 3, 1, 3, 3, 2, 2, 3, 2]
centers	[[1.680176905491403, -0.52865166120232, -0.9013041559004846, -0.2502210883885982], [1.211007871519839, -0.8617979113799249, -1.0982447530180472, 0.7490347928781332], [1.5094792235057801, -0.7410557421701406, -1.0386759392360096, 0.27025245790037045]]
totts	7.130625916141913
withinss	[0.24830534127852028, 0.18855709267622675, 0.22467239357256213]
tot.withinss	0.6615348275273092
betweenss	6.469091088614603
size	[11, 8, 11]
=====クラスタ数4個のとき＝＝＝＝＝
cluster	[3, 1, 4, 3, 2, 2, 3, 1, 4, 2, 2, 2, 2, 2, 2, 2, 1, 2, 1, 3, 4, 1, 4, 2, 1, 4, 3, 3, 1, 3]
centers	[[1.5439856248964292, -0.707851427133955, -1.033428454788972, 0.1972942570264977], [1.680176905491403, -0.52865166120232, -0.9013041559004846, -0.2502210883885982], [1.1918340831808865, -0.8741003406546038, -1.0938064020571063, 0.7760726595308238], [1.4283192948362162, -0.7944668160782067, -1.0641498715635873, 0.4302973928055781]]
totts	7.130625916141913
withinss	[0.05708746536111628, 0.24830534127852028, 0.11745226208465767, 0.0557783737252723]
tot.withinss	0.4786234424495665
betweenss	6.652002473692346
size	[7, 11, 7, 5]
=====クラスタ数5個のとき＝＝＝＝＝
cluster	[3, 5, 1, 3, 2, 2, 4, 5, 1, 2, 2, 2, 2, 2, 2, 2, 5, 2, 5, 4, 3, 1, 1, 2, 5, 1, 4, 4, 5, 3]
centers	[[1.4600017871774402, -0.7888597389004194, -1.0476279753737665, 0.37648592709674567], [1.680176905491403, -0.52865166120232, -0.9013041559004846, -0.2502210883885982], [1.2926269053105128, -0.8358642375810295, -1.1003128823567472, 0.6435502146272639], [1.1293888377291652, -0.8877315851788203, -1.0961766236793473, 0.8545193711290026], [1.550710420446063, -0.7012190782282417, -1.0312159091212127, 0.1817245669033911]]
totts	7.130625916141913
withinss	[0.03414532846504949, 0.24830534127852028, 0.0224053686937612, 0.018427759811617272, 0.0429535608468914]
tot.withinss	0.36623735909583965
betweenss	6.764388557046074
size	[5, 11, 4, 4, 6]
=====クラスタ数6個のとき＝＝＝＝＝
cluster	[6, 3, 1, 6, 4, 4, 5, 3, 1, 4, 4, 4, 4, 4, 4, 4, 3, 4, 3, 5, 2, 1, 1, 4, 3, 1, 5, 5, 3, 6]
centers	[[1.4600017871774402, -0.7888597389004194, -1.0476279753737665, 0.37648592709674567], [1.3452243898925063, -0.7756809064571717, -1.1293132097446337, 0.5597697263092992], [1.550710420446063, -0.7012190782282417, -1.0312159091212127, 0.1817245669033911], [1.680176905491403, -0.52865166120232, -0.9013041559004846, -0.2502210883885982], [1.1293888377291652, -0.8877315851788203, -1.0961766236793473, 0.8545193711290026], [1.2750944104498483, -0.8559253479556488, -1.0906461065607849, 0.6714770440665855]]
totts	7.130625916141913
withinss	[0.03414532846504949, 0.0, 0.0429535608468914, 0.24830534127852028, 0.018427759811617272, 0.0034070781058703242]
tot.withinss	0.3472390685079488
betweenss	6.783386847633964
size	[5, 1, 6, 11, 4, 3]
=====クラスタ数7個のとき＝＝＝＝＝
cluster	[4, 1, 2, 4, 5, 5, 3, 1, 2, 7, 5, 7, 5, 7, 7, 7, 6, 7, 6, 3, 4, 1, 1, 7, 6, 2, 3, 3, 6, 4]
centers	[[1.505407356445683, -0.7367777114506724, -1.052786599106277, 0.28415695411126657], [1.4393008593249785, -0.8147995435346754, -1.0422355468636912, 0.4177342310733884], [1.1293888377291652, -0.8877315851788203, -1.0961766236793473, 0.8545193711290026], [1.2926269053105128, -0.8358642375810295, -1.1003128823567472, 0.6435502146272639], [1.651998873615519, -0.6075152399373458, -0.9432747370832721, -0.10120889659490101], [1.5661848637014784, -0.6900259218662079, -1.0218955736449815, 0.14573663180971086], [1.6962786379919077, -0.4835867590680195, -0.8773209666531774, -0.3353709122707108]]
totts	7.130625916141913
withinss	[0.007209988964709932, 0.011273751735992762, 0.018427759811617272, 0.0224053686937612, 0.007257937789808915, 0.02167788231450768, 0.046318309938973456]
tot.withinss	0.13457099924937121
betweenss	6.996054916892541
size	[4, 3, 4, 4, 4, 4, 7]
=====クラスタ数8個のとき＝＝＝＝＝
cluster	[4, 2, 7, 4, 3, 5, 6, 2, 7, 1, 3, 1, 5, 1, 1, 1, 2, 1, 2, 8, 4, 2, 7, 1, 2, 7, 6, 6, 3, 4]
centers	[[1.6962786379919077, -0.4835867590680195, -0.8773209666531774, -0.3353709122707108], [1.5330143782709704, -0.7146213394816042, -1.042210171146458, 0.22381713235709166], [1.6331339826485178, -0.6365914919393839, -0.9605357699963374, -0.03600672071279632], [1.2926269053105128, -0.8358642375810295, -1.1003128823567472, 0.6435502146272639], [1.6592033255828533, -0.5937592184896456, -0.936114897494067, -0.12932920959914063], [1.1183355284782066, -0.9063020486038226, -1.0814509775681014, 0.8694174976937172], [1.4490930210721436, -0.7991632934834655, -1.0478590370183256, 0.39792930942964777], [1.1625487654820412, -0.8320201949038137, -1.1403535620130858, 0.8098249914348584]]
totts	7.130625916141913
withinss	[0.046318309938973456, 0.017322645565839692, 0.011097653190105344, 0.0224053686937612, 0.002914338134999364, 0.0075577207826341974, 0.020444599458159716, 0.0]
tot.withinss	0.12806063576447296
betweenss	7.00256528037744
size	[7, 6, 3, 4, 2, 3, 4, 1]
=====クラスタ数9個のとき＝＝＝＝＝
cluster	[9, 4, 2, 9, 7, 7, 5, 4, 2, 8, 7, 3, 7, 1, 8, 1, 4, 8, 4, 6, 9, 4, 2, 1, 4, 2, 6, 6, 7, 9]
centers	[[1.688263876034881, -0.5128853441630414, -0.9006400199013535, -0.2747385119704862], [1.4490930210721436, -0.7991632934834655, -1.0478590370183256, 0.39792930942964777], [1.7084708847543792, -0.40461454188948937, -0.8354950897805575, -0.4683612530843323], [1.5330143782709704, -0.7146213394816042, -1.042210171146458, 0.22381713235709166], [1.073071830394253, -0.9161712036328872, -1.0776595680188543, 0.9207589412574886], [1.1481611735074693, -0.8782517123607981, -1.1023489755661784, 0.8324395144195073], [1.6435617198222516, -0.6194585825594887, -0.9507674209954292, -0.07333571626733403], [1.7002293176947774, -0.4806122463658411, -0.8679438723625413, -0.351673198966395], [1.2926269053105128, -0.8358642375810295, -1.1003128823567472, 0.6435502146272639]]
totts	7.130625916141913
withinss	[0.0002400396323144075, 0.020444599458159716, 0.0, 0.017322645565839692, 0.0, 0.006813120859465441, 0.028195607607842902, 0.0036945943541728914, 0.0224053686937612]
tot.withinss	0.09911597617155625
betweenss	7.0315099399703564
size	[3, 4, 1, 6, 1, 3, 5, 3, 4]
=====クラスタ数10個のとき＝＝＝＝＝
cluster	[8, 4, 10, 8, 2, 7, 3, 4, 10, 6, 2, 9, 7, 1, 5, 1, 4, 5, 4, 3, 8, 4, 10, 1, 4, 10, 3, 3, 2, 8]
centers	[[1.688263876034881, -0.5128853441630414, -0.9006400199013535, -0.2747385119704862], [1.6331339826485178, -0.6365914919393839, -0.9605357699963374, -0.03600672071279632], [1.1293888377291652, -0.8877315851788203, -1.0961766236793473, 0.8545193711290026], [1.5330143782709704, -0.7146213394816042, -1.042210171146458, 0.22381713235709166], [1.6969459646431284, -0.4818044709143495, -0.8810550400344116, -0.3340864536943673], [1.7067960237980755, -0.47822779726882425, -0.841721537018801, -0.3868466895104502], [1.6592033255828533, -0.5937592184896456, -0.936114897494067, -0.12932920959914063], [1.2926269053105128, -0.8358642375810295, -1.1003128823567472, 0.6435502146272639], [1.7084708847543792, -0.40461454188948937, -0.8354950897805575, -0.4683612530843323], [1.4490930210721436, -0.7991632934834655, -1.0478590370183256, 0.39792930942964777]]
totts	7.130625916141913
withinss	[0.0002400396323144075, 0.011097653190105344, 0.018427759811617272, 0.017322645565839692, 0.0007342055524593754, 0.0, 0.002914338134999364, 0.0224053686937612, 0.0, 0.020444599458159716]
tot.withinss	0.09358661003925638
betweenss	7.037039306102656
size	[3, 3, 4, 6, 2, 1, 2, 4, 1, 4]
=====クラスタ数11個のとき＝＝＝＝＝
cluster	[9, 2, 6, 9, 1, 1, 10, 2, 6, 11, 1, 11, 5, 11, 11, 11, 3, 11, 3, 7, 9, 2, 8, 11, 3, 8, 10, 10, 4, 9]
centers	[[1.6490706585115482, -0.6222743332912043, -0.9409724713654787, -0.08582385385486506], [1.514386639823031, -0.7316187674909513, -1.0488056296476265, 0.26603775731554674], [1.55164211671891, -0.6976239114722572, -1.0356147126452895, 0.18159650739863653], [1.6098131046491833, -0.6672319530480599, -0.9807381566440572, 0.03815700504293388], [1.6607835189274316, -0.5632379598757702, -0.9501815342366524, -0.1473640248150089], [1.440724264031497, -0.8403255057399523, -1.0198398029823392, 0.41944104469079463], [1.1625487654820412, -0.8320201949038137, -1.1403535620130858, 0.8098249914348584], [1.45746177811279, -0.7580010812269786, -1.0758782710543122, 0.37641757416850097], [1.2926269053105128, -0.8358642375810295, -1.1003128823567472, 0.6435502146272639], [1.1183355284782066, -0.9063020486038226, -1.0814509775681014, 0.8694174976937172], [1.6962786379919077, -0.4835867590680195, -0.8773209666531774, -0.3353709122707108]]
totts	7.130625916141913
withinss	[0.0016370748153557828, 0.0017932412474739876, 0.0007574856583200773, 0.0, 0.0, 0.004325251430868093, 0.0, 0.00407056385864164, 0.0224053686937612, 0.0075577207826341974, 0.046318309938973456]
tot.withinss	0.08886501642602844
betweenss	7.041760899715884
size	[3, 3, 3, 1, 1, 2, 1, 2, 4, 3, 7]
=====クラスタ数12個のとき＝＝＝＝＝
cluster	[7, 4, 3, 7, 2, 2, 10, 4, 3, 6, 2, 6, 8, 1, 1, 1, 12, 1, 12, 10, 11, 4, 9, 1, 12, 9, 10, 10, 5, 7]
centers	[[1.69173671147818, -0.5004529948635646, -0.8928060279545766, -0.29847768866003865], [1.6490706585115482, -0.6222743332912043, -0.9409724713654787, -0.08582385385486506], [1.440724264031497, -0.8403255057399523, -1.0198398029823392, 0.41944104469079463], [1.514386639823031, -0.7316187674909513, -1.0488056296476265, 0.26603775731554674], [1.6098131046491833, -0.6672319530480599, -0.9807381566440572, 0.03815700504293388], [1.7076334542762273, -0.4414211695791568, -0.8386083133996793, -0.42760397129739125], [1.2750944104498483, -0.8559253479556488, -1.0906461065607849, 0.6714770440665855], [1.6607835189274316, -0.5632379598757702, -0.9501815342366524, -0.1473640248150089], [1.45746177811279, -0.7580010812269786, -1.0758782710543122, 0.37641757416850097], [1.1293888377291652, -0.8877315851788203, -1.0961766236793473, 0.8545193711290026], [1.3452243898925063, -0.7756809064571717, -1.1293132097446337, 0.5597697263092992], [1.55164211671891, -0.6976239114722572, -1.0356147126452895, 0.18159650739863653]]
totts	7.130625916141913
withinss	[0.00691082394607667, 0.0016370748153557828, 0.004325251430868093, 0.0017932412474739876, 0.0, 0.006052554623308612, 0.0034070781058703242, 0.0, 0.00407056385864164, 0.018427759811617272, 0.0, 0.0007574856583200773]
tot.withinss	0.04738183349753246
betweenss	7.08324408264438
size	[5, 3, 2, 3, 1, 2, 3, 1, 2, 4, 1, 3]
=====クラスタ数13個のとき＝＝＝＝＝
cluster	[8, 5, 3, 8, 6, 9, 4, 5, 3, 10, 6, 10, 7, 10, 10, 10, 12, 10, 1, 4, 13, 5, 2, 10, 1, 2, 4, 4, 11, 8]
centers	[[1.5512811916134623, -0.7055912752053211, -1.0302970175621373, 0.18460710115399603], [1.45746177811279, -0.7580010812269786, -1.0758782710543122, 0.37641757416850097], [1.440724264031497, -0.8403255057399523, -1.0198398029823392, 0.41944104469079463], [1.1293888377291652, -0.8877315851788203, -1.0961766236793473, 0.8545193711290026], [1.514386639823031, -0.7316187674909513, -1.0488056296476265, 0.26603775731554674], [1.644794421648185, -0.621271261385046, -0.9504345766724773, -0.07308858359066142], [1.6607835189274316, -0.5632379598757702, -0.9501815342366524, -0.1473640248150089], [1.2750944104498483, -0.8559253479556488, -1.0906461065607849, 0.6714770440665855], [1.6576231322382748, -0.624280477103521, -0.9220482607514815, -0.11129439438327234], [1.6962786379919077, -0.4835867590680195, -0.8773209666531774, -0.3353709122707108], [1.6098131046491833, -0.6672319530480599, -0.9807381566440572, 0.03815700504293388], [1.5523639669298055, -0.6816891840061297, -1.0462501028115936, 0.17557531988791755], [1.3452243898925063, -0.7756809064571717, -1.1293132097446337, 0.5597697263092992]]
totts	7.130625916141913
withinss	[0.00015178141305684565, 0.00407056385864164, 0.004325251430868093, 0.018427759811617272, 0.0017932412474739876, 1.1009412334468369e-05, 0.0, 0.0034070781058703242, 0.0, 0.046318309938973456, 0.0, 0.0, 0.0]
tot.withinss	0.07850499521883608
betweenss	7.052120920923077
size	[2, 2, 2, 4, 3, 2, 1, 3, 1, 7, 1, 1, 1]
=====クラスタ数14個のとき＝＝＝＝＝
cluster	[13, 14, 7, 13, 4, 4, 6, 14, 7, 12, 4, 12, 5, 2, 2, 2, 3, 2, 3, 1, 9, 14, 11, 2, 3, 11, 10, 10, 8, 13]
centers	[[1.1625487654820412, -0.8320201949038137, -1.1403535620130858, 0.8098249914348584], [1.69173671147818, -0.5004529948635646, -0.8928060279545766, -0.29847768866003865], [1.55164211671891, -0.6976239114722572, -1.0356147126452895, 0.18159650739863653], [1.6490706585115482, -0.6222743332912043, -0.9409724713654787, -0.08582385385486506], [1.6607835189274316, -0.5632379598757702, -0.9501815342366524, -0.1473640248150089], [1.073071830394253, -0.9161712036328872, -1.0776595680188543, 0.9207589412574886], [1.440724264031497, -0.8403255057399523, -1.0198398029823392, 0.41944104469079463], [1.6098131046491833, -0.6672319530480599, -0.9807381566440572, 0.03815700504293388], [1.3452243898925063, -0.7756809064571717, -1.1293132097446337, 0.5597697263092992], [1.1409673775201834, -0.9013674710892903, -1.0833466823427247, 0.8437467759118316], [1.45746177811279, -0.7580010812269786, -1.0758782710543122, 0.37641757416850097], [1.7076334542762273, -0.4414211695791568, -0.8386083133996793, -0.42760397129739125], [1.2750944104498483, -0.8559253479556488, -1.0906461065607849, 0.6714770440665855], [1.514386639823031, -0.7316187674909513, -1.0488056296476265, 0.26603775731554674]]
totts	7.130625916141913
withinss	[0.0, 0.00691082394607667, 0.0007574856583200773, 0.0016370748153557828, 0.0, 0.0, 0.004325251430868093, 0.0, 0.0, 0.0003629389844266219, 0.00407056385864164, 0.006052554623308612, 0.0034070781058703242, 0.0017932412474739876]
tot.withinss	0.02931701267034181
betweenss	7.101308903471571
size	[1, 5, 3, 3, 1, 1, 2, 1, 1, 2, 2, 2, 3, 3]
=====クラスタ数15個のとき＝＝＝＝＝
cluster	[6, 15, 13, 5, 2, 9, 11, 15, 7, 12, 2, 12, 9, 8, 8, 8, 3, 8, 3, 1, 14, 4, 10, 8, 3, 7, 1, 1, 2, 5]
centers	[[1.1481611735074693, -0.8782517123607981, -1.1023489755661784, 0.8324395144195073], [1.6331339826485178, -0.6365914919393839, -0.9605357699963374, -0.03600672071279632], [1.55164211671891, -0.6976239114722572, -1.0356147126452895, 0.18159650739863653], [1.5036368515986274, -0.7476455205682351, -1.0467037287955292, 0.290712397765137], [1.265433886016949, -0.8664419183006438, -1.084931435364406, 0.685939467648101], [1.2944154593156476, -0.8348922072656588, -1.1020754489535431, 0.6425521969035544], [1.431834325949595, -0.7897085995435147, -1.0690168616678988, 0.42689113526181865], [1.69173671147818, -0.5004529948635646, -0.8928060279545766, -0.29847768866003865], [1.6592033255828533, -0.5937592184896456, -0.936114897494067, -0.12932920959914063], [1.4784695063136386, -0.7522545433298357, -1.064729507482229, 0.33851454449842605], [1.073071830394253, -0.9161712036328872, -1.0776595680188543, 0.9207589412574886], [1.7076334542762273, -0.4414211695791568, -0.8386083133996793, -0.42760397129739125], [1.4542339260757453, -0.8649814315169968, -0.9886729172552764, 0.39942042269652783], [1.3452243898925063, -0.7756809064571717, -1.1293132097446337, 0.5597697263092992], [1.5197615339352328, -0.7236053909523095, -1.049856580073675, 0.2537004370907516]]
totts	7.130625916141913
withinss	[0.006813120859465441, 0.011097653190105344, 0.0007574856583200773, 0.0, 0.0007326192246276491, 0.0, 0.002355397888164176, 0.00691082394607667, 0.002914338134999364, 0.0, 0.0, 0.006052554623308612, 0.0, 0.0, 0.00031473530310645596]
tot.withinss	0.03794872882817379
betweenss	7.092677187313739
size	[3, 3, 3, 1, 2, 1, 2, 5, 2, 1, 1, 2, 1, 1, 2]
=====クラスタ数16個のとき＝＝＝＝＝
cluster	[16, 9, 12, 16, 2, 10, 7, 9, 12, 14, 2, 11, 10, 13, 5, 15, 3, 5, 3, 8, 6, 9, 1, 13, 3, 1, 4, 4, 2, 16]
centers	[[1.45746177811279, -0.7580010812269786, -1.0758782710543122, 0.37641757416850097], [1.6331339826485178, -0.6365914919393839, -0.9605357699963374, -0.03600672071279632], [1.55164211671891, -0.6976239114722572, -1.0356147126452895, 0.18159650739863653], [1.1409673775201834, -0.9013674710892903, -1.0833466823427247, 0.8437467759118316], [1.6969459646431284, -0.4818044709143495, -0.8810550400344116, -0.3340864536943673], [1.3452243898925063, -0.7756809064571717, -1.1293132097446337, 0.5597697263092992], [1.073071830394253, -0.9161712036328872, -1.0776595680188543, 0.9207589412574886], [1.1625487654820412, -0.8320201949038137, -1.1403535620130858, 0.8098249914348584], [1.514386639823031, -0.7316187674909513, -1.0488056296476265, 0.26603775731554674], [1.6592033255828533, -0.5937592184896456, -0.936114897494067, -0.12932920959914063], [1.7084708847543792, -0.40461454188948937, -0.8354950897805575, -0.4683612530843323], [1.440724264031497, -0.8403255057399523, -1.0198398029823392, 0.41944104469079463], [1.6872976424062718, -0.5134883065022378, -0.9034544506037505, -0.2703548853002833], [1.7067960237980755, -0.47822779726882425, -0.841721537018801, -0.3868466895104502], [1.6901963432920997, -0.5116794194846485, -0.8950111584965591, -0.28350576531089217], [1.2750944104498483, -0.8559253479556488, -1.0906461065607849, 0.6714770440665855]]
totts	7.130625916141913
withinss	[0.00407056385864164, 0.011097653190105344, 0.0007574856583200773, 0.0003629389844266219, 0.0007342055524593754, 0.0, 0.0, 0.0, 0.0017932412474739876, 0.002914338134999364, 0.0, 0.004325251430868093, 6.943338849527661e-05, 0.0, 0.0, 0.0034070781058703242]
tot.withinss	0.029532189551660103
betweenss	7.1010937265902525
size	[2, 3, 3, 2, 2, 1, 1, 1, 3, 2, 1, 2, 2, 1, 1, 3]
=====クラスタ数17個のとき＝＝＝＝＝
cluster	[16, 9, 12, 16, 17, 17, 1, 9, 12, 14, 17, 3, 4, 15, 5, 15, 2, 6, 13, 8, 11, 9, 10, 15, 13, 10, 1, 1, 7, 16]
centers	[[1.1183355284782066, -0.9063020486038226, -1.0814509775681014, 0.8694174976937172], [1.5523639669298055, -0.6816891840061297, -1.0462501028115936, 0.17557531988791755], [1.7084708847543792, -0.40461454188948937, -0.8354950897805575, -0.4683612530843323], [1.6607835189274316, -0.5632379598757702, -0.9501815342366524, -0.1473640248150089], [1.7002539562154688, -0.48811718743012356, -0.8670667776715048, -0.34506999111384057], [1.6936379730707878, -0.47549175439857544, -0.8950433023973184, -0.32310291627489407], [1.6098131046491833, -0.6672319530480599, -0.9807381566440572, 0.03815700504293388], [1.1625487654820412, -0.8320201949038137, -1.1403535620130858, 0.8098249914348584], [1.514386639823031, -0.7316187674909513, -1.0488056296476265, 0.26603775731554674], [1.45746177811279, -0.7580010812269786, -1.0758782710543122, 0.37641757416850097], [1.3452243898925063, -0.7756809064571717, -1.1293132097446337, 0.5597697263092992], [1.440724264031497, -0.8403255057399523, -1.0198398029823392, 0.41944104469079463], [1.5512811916134623, -0.7055912752053211, -1.0302970175621373, 0.18460710115399603], [1.7067960237980755, -0.47822779726882425, -0.841721537018801, -0.3868466895104502], [1.688263876034881, -0.5128853441630414, -0.9006400199013535, -0.2747385119704862], [1.2750944104498483, -0.8559253479556488, -1.0906461065607849, 0.6714770440665855], [1.6490706585115482, -0.6222743332912043, -0.9409724713654787, -0.08582385385486506]]
totts	7.130625916141913
withinss	[0.0075577207826341974, 0.0, 0.0, 0.0, 0.0, 0.0, 0.0, 0.0, 0.0017932412474739876, 0.00407056385864164, 0.0, 0.004325251430868093, 0.00015178141305684565, 0.0, 0.0002400396323144075, 0.0034070781058703242, 0.0016370748153557828]
tot.withinss	0.02318275128621528
betweenss	7.107443164855697
size	[3, 1, 1, 1, 1, 1, 1, 1, 3, 2, 1, 2, 2, 1, 3, 3, 3]
=====クラスタ数18個のとき＝＝＝＝＝
cluster	[2, 5, 3, 16, 4, 4, 6, 5, 3, 7, 4, 11, 15, 14, 10, 18, 9, 10, 9, 1, 12, 5, 17, 14, 9, 17, 13, 13, 8, 16]
centers	[[1.1625487654820412, -0.8320201949038137, -1.1403535620130858, 0.8098249914348584], [1.2944154593156476, -0.8348922072656588, -1.1020754489535431, 0.6425521969035544], [1.440724264031497, -0.8403255057399523, -1.0198398029823392, 0.41944104469079463], [1.6490706585115482, -0.6222743332912043, -0.9409724713654787, -0.08582385385486506], [1.514386639823031, -0.7316187674909513, -1.0488056296476265, 0.26603775731554674], [1.073071830394253, -0.9161712036328872, -1.0776595680188543, 0.9207589412574886], [1.7067960237980755, -0.47822779726882425, -0.841721537018801, -0.3868466895104502], [1.6098131046491833, -0.6672319530480599, -0.9807381566440572, 0.03815700504293388], [1.55164211671891, -0.6976239114722572, -1.0356147126452895, 0.18159650739863653], [1.6969459646431284, -0.4818044709143495, -0.8810550400344116, -0.3340864536943673], [1.7084708847543792, -0.40461454188948937, -0.8354950897805575, -0.4683612530843323], [1.3452243898925063, -0.7756809064571717, -1.1293132097446337, 0.5597697263092992], [1.1409673775201834, -0.9013674710892903, -1.0833466823427247, 0.8437467759118316], [1.6872976424062718, -0.5134883065022378, -0.9034544506037505, -0.2703548853002833], [1.6607835189274316, -0.5632379598757702, -0.9501815342366524, -0.1473640248150089], [1.265433886016949, -0.8664419183006438, -1.084931435364406, 0.685939467648101], [1.45746177811279, -0.7580010812269786, -1.0758782710543122, 0.37641757416850097], [1.6901963432920997, -0.5116794194846485, -0.8950111584965591, -0.28350576531089217]]
totts	7.130625916141913
withinss	[0.0, 0.0, 0.004325251430868093, 0.0016370748153557828, 0.0017932412474739876, 0.0, 0.0, 0.0, 0.0007574856583200773, 0.0007342055524593754, 0.0, 0.0, 0.0003629389844266219, 6.943338849527661e-05, 0.0, 0.0007326192246276491, 0.00407056385864164, 0.0]
tot.withinss	0.014482814160668503
betweenss	7.116143101981244
size	[1, 1, 2, 3, 3, 1, 1, 1, 3, 2, 1, 1, 2, 2, 1, 2, 2, 1]
=====クラスタ数19個のとき＝＝＝＝＝
cluster	[19, 9, 13, 10, 2, 2, 6, 9, 4, 17, 2, 7, 12, 5, 8, 18, 14, 8, 3, 11, 15, 9, 16, 5, 3, 4, 11, 11, 1, 10]
centers	[[1.6098131046491833, -0.6672319530480599, -0.9807381566440572, 0.03815700504293388], [1.6490706585115482, -0.6222743332912043, -0.9409724713654787, -0.08582385385486506], [1.5512811916134623, -0.7055912752053211, -1.0302970175621373, 0.18460710115399603], [1.431834325949595, -0.7897085995435147, -1.0690168616678988, 0.42689113526181865], [1.6872976424062718, -0.5134883065022378, -0.9034544506037505, -0.2703548853002833], [1.073071830394253, -0.9161712036328872, -1.0776595680188543, 0.9207589412574886], [1.7084708847543792, -0.40461454188948937, -0.8354950897805575, -0.4683612530843323], [1.6969459646431284, -0.4818044709143495, -0.8810550400344116, -0.3340864536943673], [1.514386639823031, -0.7316187674909513, -1.0488056296476265, 0.26603775731554674], [1.265433886016949, -0.8664419183006438, -1.084931435364406, 0.685939467648101], [1.1481611735074693, -0.8782517123607981, -1.1023489755661784, 0.8324395144195073], [1.6607835189274316, -0.5632379598757702, -0.9501815342366524, -0.1473640248150089], [1.4542339260757453, -0.8649814315169968, -0.9886729172552764, 0.39942042269652783], [1.5523639669298055, -0.6816891840061297, -1.0462501028115936, 0.17557531988791755], [1.3452243898925063, -0.7756809064571717, -1.1293132097446337, 0.5597697263092992], [1.4784695063136386, -0.7522545433298357, -1.064729507482229, 0.33851454449842605], [1.7067960237980755, -0.47822779726882425, -0.841721537018801, -0.3868466895104502], [1.6901963432920997, -0.5116794194846485, -0.8950111584965591, -0.28350576531089217], [1.2944154593156476, -0.8348922072656588, -1.1020754489535431, 0.6425521969035544]]
totts	7.130625916141913
withinss	[0.0, 0.0016370748153557828, 0.00015178141305684565, 0.002355397888164176, 6.943338849527661e-05, 0.0, 0.0, 0.0007342055524593754, 0.0017932412474739876, 0.0007326192246276491, 0.006813120859465441, 0.0, 0.0, 0.0, 0.0, 0.0, 0.0, 0.0, 0.0]
tot.withinss	0.014286874389098534
betweenss	7.1163390417528145
size	[1, 3, 2, 2, 2, 1, 1, 2, 3, 2, 3, 1, 1, 1, 1, 1, 1, 1, 1]
=====クラスタ数20個のとき＝＝＝＝＝
cluster	[12, 4, 9, 12, 2, 2, 18, 4, 14, 10, 2, 19, 20, 6, 5, 13, 11, 16, 11, 15, 8, 4, 17, 3, 11, 7, 15, 15, 1, 12]
centers	[[1.6098131046491833, -0.6672319530480599, -0.9807381566440572, 0.03815700504293388], [1.6490706585115482, -0.6222743332912043, -0.9409724713654787, -0.08582385385486506], [1.6867188944236509, -0.508859682027161, -0.9070216000363757, -0.2708376123601141], [1.514386639823031, -0.7316187674909513, -1.0488056296476265, 0.26603775731554674], [1.7002539562154688, -0.48811718743012356, -0.8670667776715048, -0.34506999111384057], [1.6878763903888925, -0.5181169309773146, -0.8998873011711254, -0.26987215824045246], [1.4364540499119414, -0.7637476191241217, -1.0870270346263955, 0.41432060383857583], [1.3452243898925063, -0.7756809064571717, -1.1293132097446337, 0.5597697263092992], [1.4542339260757453, -0.8649814315169968, -0.9886729172552764, 0.39942042269652783], [1.7067960237980755, -0.47822779726882425, -0.841721537018801, -0.3868466895104502], [1.55164211671891, -0.6976239114722572, -1.0356147126452895, 0.18159650739863653], [1.2750944104498483, -0.8559253479556488, -1.0906461065607849, 0.6714770440665855], [1.6901963432920997, -0.5116794194846485, -0.8950111584965591, -0.28350576531089217], [1.4272146019872485, -0.8156695799629078, -1.051006688709402, 0.4394616666850614], [1.1481611735074693, -0.8782517123607981, -1.1023489755661784, 0.8324395144195073], [1.6936379730707878, -0.47549175439857544, -0.8950433023973184, -0.32310291627489407], [1.4784695063136386, -0.7522545433298357, -1.064729507482229, 0.33851454449842605], [1.073071830394253, -0.9161712036328872, -1.0776595680188543, 0.9207589412574886], [1.7084708847543792, -0.40461454188948937, -0.8354950897805575, -0.4683612530843323], [1.6607835189274316, -0.5632379598757702, -0.9501815342366524, -0.1473640248150089]]
totts	7.130625916141913
withinss	[0.0, 0.0016370748153557828, 0.0, 0.0017932412474739876, 0.0, 0.0, 0.0, 0.0, 0.0, 0.0, 0.0007574856583200773, 0.0034070781058703242, 0.0, 0.0, 0.006813120859465441, 0.0, 0.0, 0.0, 0.0, 0.0]
tot.withinss	0.014408000686485614
betweenss	7.116217915455427
size	[1, 3, 1, 3, 1, 1, 1, 1, 1, 1, 3, 3, 1, 1, 3, 1, 1, 1, 1, 1]
=====クラスタ数21個のとき＝＝＝＝＝
cluster	[13, 8, 10, 17, 20, 20, 11, 8, 19, 15, 20, 9, 16, 12, 18, 21, 1, 7, 1, 3, 4, 8, 14, 12, 1, 2, 6, 6, 5, 17]
centers	[[1.55164211671891, -0.6976239114722572, -1.0356147126452895, 0.18159650739863653], [1.4364540499119414, -0.7637476191241217, -1.0870270346263955, 0.41432060383857583], [1.1625487654820412, -0.8320201949038137, -1.1403535620130858, 0.8098249914348584], [1.3452243898925063, -0.7756809064571717, -1.1293132097446337, 0.5597697263092992], [1.6098131046491833, -0.6672319530480599, -0.9807381566440572, 0.03815700504293388], [1.1409673775201834, -0.9013674710892903, -1.0833466823427247, 0.8437467759118316], [1.6936379730707878, -0.47549175439857544, -0.8950433023973184, -0.32310291627489407], [1.514386639823031, -0.7316187674909513, -1.0488056296476265, 0.26603775731554674], [1.7084708847543792, -0.40461454188948937, -0.8354950897805575, -0.4683612530843323], [1.4542339260757453, -0.8649814315169968, -0.9886729172552764, 0.39942042269652783], [1.073071830394253, -0.9161712036328872, -1.0776595680188543, 0.9207589412574886], [1.6872976424062718, -0.5134883065022378, -0.9034544506037505, -0.2703548853002833], [1.2944154593156476, -0.8348922072656588, -1.1020754489535431, 0.6425521969035544], [1.4784695063136386, -0.7522545433298357, -1.064729507482229, 0.33851454449842605], [1.7067960237980755, -0.47822779726882425, -0.841721537018801, -0.3868466895104502], [1.6607835189274316, -0.5632379598757702, -0.9501815342366524, -0.1473640248150089], [1.265433886016949, -0.8664419183006438, -1.084931435364406, 0.685939467648101], [1.7002539562154688, -0.48811718743012356, -0.8670667776715048, -0.34506999111384057], [1.4272146019872485, -0.8156695799629078, -1.051006688709402, 0.4394616666850614], [1.6490706585115482, -0.6222743332912043, -0.9409724713654787, -0.08582385385486506], [1.6901963432920997, -0.5116794194846485, -0.8950111584965591, -0.28350576531089217]]
totts	7.130625916141913
withinss	[0.0007574856583200773, 0.0, 0.0, 0.0, 0.0, 0.0003629389844266219, 0.0, 0.0017932412474739876, 0.0, 0.0, 0.0, 6.943338849527661e-05, 0.0, 0.0, 0.0, 0.0, 0.0007326192246276491, 0.0, 0.0, 0.0016370748153557828, 0.0]
tot.withinss	0.005352793318699395
betweenss	7.125273122823214
size	[3, 1, 1, 1, 1, 2, 1, 3, 1, 1, 1, 2, 1, 1, 1, 1, 2, 1, 1, 3, 1]
=====クラスタ数22個のとき＝＝＝＝＝
cluster	[22, 15, 11, 9, 18, 16, 13, 15, 7, 5, 18, 19, 10, 8, 17, 8, 2, 17, 1, 20, 14, 12, 21, 8, 1, 7, 3, 6, 4, 9]
centers	[[1.5512811916134623, -0.7055912752053211, -1.0302970175621373, 0.18460710115399603], [1.5523639669298055, -0.6816891840061297, -1.0462501028115936, 0.17557531988791755], [1.132216291935047, -0.9007458716760645, -1.0852592854385947, 0.8537888651796122], [1.6098131046491833, -0.6672319530480599, -0.9807381566440572, 0.03815700504293388], [1.7067960237980755, -0.47822779726882425, -0.841721537018801, -0.3868466895104502], [1.1497184631053199, -0.9019890705025162, -1.0814340792468549, 0.8337046866440511], [1.431834325949595, -0.7897085995435147, -1.0690168616678988, 0.42689113526181865], [1.688263876034881, -0.5128853441630414, -0.9006400199013535, -0.2747385119704862], [1.265433886016949, -0.8664419183006438, -1.084931435364406, 0.685939467648101], [1.6607835189274316, -0.5632379598757702, -0.9501815342366524, -0.1473640248150089], [1.4542339260757453, -0.8649814315169968, -0.9886729172552764, 0.39942042269652783], [1.5036368515986274, -0.7476455205682351, -1.0467037287955292, 0.290712397765137], [1.073071830394253, -0.9161712036328872, -1.0776595680188543, 0.9207589412574886], [1.3452243898925063, -0.7756809064571717, -1.1293132097446337, 0.5597697263092992], [1.5197615339352328, -0.7236053909523095, -1.049856580073675, 0.2537004370907516], [1.6576231322382748, -0.624280477103521, -0.9220482607514815, -0.11129439438327234], [1.6969459646431284, -0.4818044709143495, -0.8810550400344116, -0.3340864536943673], [1.644794421648185, -0.621271261385046, -0.9504345766724773, -0.07308858359066142], [1.7084708847543792, -0.40461454188948937, -0.8354950897805575, -0.4683612530843323], [1.1625487654820412, -0.8320201949038137, -1.1403535620130858, 0.8098249914348584], [1.4784695063136386, -0.7522545433298357, -1.064729507482229, 0.33851454449842605], [1.2944154593156476, -0.8348922072656588, -1.1020754489535431, 0.6425521969035544]]
totts	7.130625916141913
withinss	[0.00015178141305684565, 0.0, 0.0, 0.0, 0.0, 0.0, 0.002355397888164176, 0.0002400396323144075, 0.0007326192246276491, 0.0, 0.0, 0.0, 0.0, 0.0, 0.00031473530310645596, 0.0, 0.0007342055524593754, 1.1009412334468369e-05, 0.0, 0.0, 0.0, 0.0]
tot.withinss	0.004539788426063378
betweenss	7.126086127715849
size	[2, 1, 1, 1, 1, 1, 2, 3, 2, 1, 1, 1, 1, 1, 2, 1, 2, 2, 1, 1, 1, 1]
=====クラスタ数23個のとき＝＝＝＝＝
cluster	[13, 9, 10, 22, 11, 5, 8, 9, 21, 23, 2, 20, 6, 3, 12, 3, 15, 12, 15, 1, 4, 19, 18, 3, 15, 16, 17, 7, 14, 22]
centers	[[1.1625487654820412, -0.8320201949038137, -1.1403535620130858, 0.8098249914348584], [1.644478949069517, -0.6196476338133392, -0.9520667599876151, -0.0727645552685627], [1.688263876034881, -0.5128853441630414, -0.9006400199013535, -0.2747385119704862], [1.3452243898925063, -0.7756809064571717, -1.1293132097446337, 0.5597697263092992], [1.6576231322382748, -0.624280477103521, -0.9220482607514815, -0.11129439438327234], [1.6607835189274316, -0.5632379598757702, -0.9501815342366524, -0.1473640248150089], [1.1497184631053199, -0.9019890705025162, -1.0814340792468549, 0.8337046866440511], [1.073071830394253, -0.9161712036328872, -1.0776595680188543, 0.9207589412574886], [1.5197615339352328, -0.7236053909523095, -1.049856580073675, 0.2537004370907516], [1.4542339260757453, -0.8649814315169968, -0.9886729172552764, 0.39942042269652783], [1.6451098942268525, -0.6228948889567528, -0.9488023933573395, -0.07341261191276015], [1.6969459646431284, -0.4818044709143495, -0.8810550400344116, -0.3340864536943673], [1.2944154593156476, -0.8348922072656588, -1.1020754489535431, 0.6425521969035544], [1.6098131046491833, -0.6672319530480599, -0.9807381566440572, 0.03815700504293388], [1.55164211671891, -0.6976239114722572, -1.0356147126452895, 0.18159650739863653], [1.4364540499119414, -0.7637476191241217, -1.0870270346263955, 0.41432060383857583], [1.132216291935047, -0.9007458716760645, -1.0852592854385947, 0.8537888651796122], [1.4784695063136386, -0.7522545433298357, -1.064729507482229, 0.33851454449842605], [1.5036368515986274, -0.7476455205682351, -1.0467037287955292, 0.290712397765137], [1.7084708847543792, -0.40461454188948937, -0.8354950897805575, -0.4683612530843323], [1.4272146019872485, -0.8156695799629078, -1.051006688709402, 0.4394616666850614], [1.265433886016949, -0.8664419183006438, -1.084931435364406, 0.685939467648101], [1.7067960237980755, -0.47822779726882425, -0.841721537018801, -0.3868466895104502]]
totts	7.130625916141913
withinss	[0.0, 0.0, 0.0002400396323144075, 0.0, 0.0, 0.0, 0.0, 0.0, 0.00031473530310645596, 0.0, 0.0, 0.0007342055524593754, 0.0, 0.0, 0.0007574856583200773, 0.0, 0.0, 0.0, 0.0, 0.0, 0.0, 0.0007326192246276491, 0.0]
tot.withinss	0.0027790853708279653
betweenss	7.127846830771085
size	[1, 1, 3, 1, 1, 1, 1, 1, 2, 1, 1, 2, 1, 1, 3, 1, 1, 1, 1, 1, 1, 2, 1]
=====クラスタ数24個のとき＝＝＝＝＝
cluster	[20, 13, 4, 17, 21, 23, 14, 13, 24, 11, 21, 7, 22, 8, 10, 12, 2, 10, 1, 3, 15, 18, 6, 8, 19, 5, 3, 3, 9, 16]
centers	[[1.5546138440231925, -0.7042584581753547, -1.0275246356984684, 0.17716924985063062], [1.5523639669298055, -0.6816891840061297, -1.0462501028115936, 0.17557531988791755], [1.1481611735074693, -0.8782517123607981, -1.1023489755661784, 0.8324395144195073], [1.4542339260757453, -0.8649814315169968, -0.9886729172552764, 0.39942042269652783], [1.4364540499119414, -0.7637476191241217, -1.0870270346263955, 0.41432060383857583], [1.4784695063136386, -0.7522545433298357, -1.064729507482229, 0.33851454449842605], [1.7084708847543792, -0.40461454188948937, -0.8354950897805575, -0.4683612530843323], [1.6872976424062718, -0.5134883065022378, -0.9034544506037505, -0.2703548853002833], [1.6098131046491833, -0.6672319530480599, -0.9807381566440572, 0.03815700504293388], [1.6969459646431284, -0.4818044709143495, -0.8810550400344116, -0.3340864536943673], [1.7067960237980755, -0.47822779726882425, -0.841721537018801, -0.3868466895104502], [1.6901963432920997, -0.5116794194846485, -0.8950111584965591, -0.28350576531089217], [1.5197615339352328, -0.7236053909523095, -1.049856580073675, 0.2537004370907516], [1.073071830394253, -0.9161712036328872, -1.0776595680188543, 0.9207589412574886], [1.3452243898925063, -0.7756809064571717, -1.1293132097446337, 0.5597697263092992], [1.2653268739822763, -0.8521193244871059, -1.0975219301732047, 0.6843143806780344], [1.2655408980516214, -0.8807645121141816, -1.0723409405556072, 0.6875645546181676], [1.5036368515986274, -0.7476455205682351, -1.0467037287955292, 0.290712397765137], [1.5479485392037322, -0.7069240922352873, -1.0330693994258062, 0.19204495245736142], [1.2944154593156476, -0.8348922072656588, -1.1020754489535431, 0.6425521969035544], [1.644794421648185, -0.621271261385046, -0.9504345766724773, -0.07308858359066142], [1.6607835189274316, -0.5632379598757702, -0.9501815342366524, -0.1473640248150089], [1.6576231322382748, -0.624280477103521, -0.9220482607514815, -0.11129439438327234], [1.4272146019872485, -0.8156695799629078, -1.051006688709402, 0.4394616666850614]]
totts	7.130625916141913
withinss	[0.0, 0.0, 0.006813120859465441, 0.0, 0.0, 0.0, 0.0, 6.943338849527661e-05, 0.0, 0.0007342055524593754, 0.0, 0.0, 0.00031473530310645596, 0.0, 0.0, 0.0, 0.0, 0.0, 0.0, 0.0, 1.1009412334468369e-05, 0.0, 0.0, 0.0]
tot.withinss	0.007942504515861018
betweenss	7.122683411626052
size	[1, 1, 3, 1, 1, 1, 1, 2, 1, 2, 1, 1, 2, 1, 1, 1, 1, 1, 1, 1, 2, 1, 1, 1]
=====クラスタ数25個のとき＝＝＝＝＝
cluster	[25, 22, 4, 6, 14, 5, 11, 22, 9, 1, 14, 21, 20, 17, 15, 23, 13, 16, 12, 7, 10, 22, 3, 17, 24, 8, 18, 18, 19, 2]
centers	[[1.7067960237980755, -0.47822779726882425, -0.841721537018801, -0.3868466895104502], [1.2653268739822763, -0.8521193244871059, -1.0975219301732047, 0.6843143806780344], [1.4784695063136386, -0.7522545433298357, -1.064729507482229, 0.33851454449842605], [1.4542339260757453, -0.8649814315169968, -0.9886729172552764, 0.39942042269652783], [1.6576231322382748, -0.624280477103521, -0.9220482607514815, -0.11129439438327234], [1.2655408980516214, -0.8807645121141816, -1.0723409405556072, 0.6875645546181676], [1.1625487654820412, -0.8320201949038137, -1.1403535620130858, 0.8098249914348584], [1.4364540499119414, -0.7637476191241217, -1.0870270346263955, 0.41432060383857583], [1.4272146019872485, -0.8156695799629078, -1.051006688709402, 0.4394616666850614], [1.3452243898925063, -0.7756809064571717, -1.1293132097446337, 0.5597697263092992], [1.073071830394253, -0.9161712036328872, -1.0776595680188543, 0.9207589412574886], [1.5546138440231925, -0.7042584581753547, -1.0275246356984684, 0.17716924985063062], [1.5523639669298055, -0.6816891840061297, -1.0462501028115936, 0.17557531988791755], [1.644794421648185, -0.621271261385046, -0.9504345766724773, -0.07308858359066142], [1.7002539562154688, -0.48811718743012356, -0.8670667776715048, -0.34506999111384057], [1.6936379730707878, -0.47549175439857544, -0.8950433023973184, -0.32310291627489407], [1.6872976424062718, -0.5134883065022378, -0.9034544506037505, -0.2703548853002833], [1.1409673775201834, -0.9013674710892903, -1.0833466823427247, 0.8437467759118316], [1.6098131046491833, -0.6672319530480599, -0.9807381566440572, 0.03815700504293388], [1.6607835189274316, -0.5632379598757702, -0.9501815342366524, -0.1473640248150089], [1.7084708847543792, -0.40461454188948937, -0.8354950897805575, -0.4683612530843323], [1.514386639823031, -0.7316187674909513, -1.0488056296476265, 0.26603775731554674], [1.6901963432920997, -0.5116794194846485, -0.8950111584965591, -0.28350576531089217], [1.5479485392037322, -0.7069240922352873, -1.0330693994258062, 0.19204495245736142], [1.2944154593156476, -0.8348922072656588, -1.1020754489535431, 0.6425521969035544]]
totts	7.130625916141913
withinss	[0.0, 0.0, 0.0, 0.0, 0.0, 0.0, 0.0, 0.0, 0.0, 0.0, 0.0, 0.0, 0.0, 1.1009412334468369e-05, 0.0, 0.0, 6.943338849527661e-05, 0.0003629389844266219, 0.0, 0.0, 0.0, 0.0017932412474739876, 0.0, 0.0, 0.0]
tot.withinss	0.0022366230327303545
betweenss	7.128389293109183
size	[1, 1, 1, 1, 1, 1, 1, 1, 1, 1, 1, 1, 1, 2, 1, 1, 2, 2, 1, 1, 1, 3, 1, 1, 1]
=====クラスタ数26個のとき＝＝＝＝＝
cluster	[3, 19, 14, 1, 24, 2, 6, 12, 7, 20, 24, 23, 11, 5, 17, 16, 15, 4, 13, 9, 18, 25, 26, 10, 22, 7, 6, 6, 21, 8]
centers	[[1.2655408980516214, -0.8807645121141816, -1.0723409405556072, 0.6875645546181676], [1.6576231322382748, -0.624280477103521, -0.9220482607514815, -0.11129439438327234], [1.2944154593156476, -0.8348922072656588, -1.1020754489535431, 0.6425521969035544], [1.6936379730707878, -0.47549175439857544, -0.8950433023973184, -0.32310291627489407], [1.6878763903888925, -0.5181169309773146, -0.8998873011711254, -0.26987215824045246], [1.1183355284782066, -0.9063020486038226, -1.0814509775681014, 0.8694174976937172], [1.431834325949595, -0.7897085995435147, -1.0690168616678988, 0.42689113526181865], [1.2653268739822763, -0.8521193244871059, -1.0975219301732047, 0.6843143806780344], [1.1625487654820412, -0.8320201949038137, -1.1403535620130858, 0.8098249914348584], [1.6867188944236509, -0.508859682027161, -0.9070216000363757, -0.2708376123601141], [1.6607835189274316, -0.5632379598757702, -0.9501815342366524, -0.1473640248150089], [1.5150737410568345, -0.7285811474102943, -1.0506790960004622, 0.264186502353922], [1.5546138440231925, -0.7042584581753547, -1.0275246356984684, 0.17716924985063062], [1.4542339260757453, -0.8649814315169968, -0.9886729172552764, 0.39942042269652783], [1.5523639669298055, -0.6816891840061297, -1.0462501028115936, 0.17557531988791755], [1.6901963432920997, -0.5116794194846485, -0.8950111584965591, -0.28350576531089217], [1.7002539562154688, -0.48811718743012356, -0.8670667776715048, -0.34506999111384057], [1.3452243898925063, -0.7756809064571717, -1.1293132097446337, 0.5597697263092992], [1.524449326813631, -0.7186296344943246, -1.0490340641468876, 0.24321437182758113], [1.7067960237980755, -0.47822779726882425, -0.841721537018801, -0.3868466895104502], [1.6098131046491833, -0.6672319530480599, -0.9807381566440572, 0.03815700504293388], [1.5479485392037322, -0.7069240922352873, -1.0330693994258062, 0.19204495245736142], [1.7084708847543792, -0.40461454188948937, -0.8354950897805575, -0.4683612530843323], [1.644794421648185, -0.621271261385046, -0.9504345766724773, -0.07308858359066142], [1.5036368515986274, -0.7476455205682351, -1.0467037287955292, 0.290712397765137], [1.4784695063136386, -0.7522545433298357, -1.064729507482229, 0.33851454449842605]]
totts	7.130625916141913
withinss	[0.0, 0.0, 0.0, 0.0, 0.0, 0.0075577207826341974, 0.002355397888164176, 0.0, 0.0, 0.0, 0.0, 0.0, 0.0, 0.0, 0.0, 0.0, 0.0, 0.0, 0.0, 0.0, 0.0, 0.0, 0.0, 1.1009412334468369e-05, 0.0, 0.0]
tot.withinss	0.009924128083132842
betweenss	7.1207017880587795
size	[1, 1, 1, 1, 1, 3, 2, 1, 1, 1, 1, 1, 1, 1, 1, 1, 1, 1, 1, 1, 1, 1, 1, 2, 1, 1]
=====クラスタ数27個のとき＝＝＝＝＝
cluster	[18, 14, 3, 10, 12, 2, 25, 14, 26, 8, 15, 22, 20, 9, 24, 17, 6, 23, 21, 19, 7, 5, 13, 27, 21, 26, 4, 11, 1, 16]
centers	[[1.6098131046491833, -0.6672319530480599, -0.9807381566440572, 0.03815700504293388], [1.6576231322382748, -0.624280477103521, -0.9220482607514815, -0.11129439438327234], [1.4542339260757453, -0.8649814315169968, -0.9886729172552764, 0.39942042269652783], [1.132216291935047, -0.9007458716760645, -1.0852592854385947, 0.8537888651796122], [1.5036368515986274, -0.7476455205682351, -1.0467037287955292, 0.290712397765137], [1.5523639669298055, -0.6816891840061297, -1.0462501028115936, 0.17557531988791755], [1.3452243898925063, -0.7756809064571717, -1.1293132097446337, 0.5597697263092992], [1.7067960237980755, -0.47822779726882425, -0.841721537018801, -0.3868466895104502], [1.6878763903888925, -0.5181169309773146, -0.8998873011711254, -0.26987215824045246], [1.2655408980516214, -0.8807645121141816, -1.0723409405556072, 0.6875645546181676], [1.1497184631053199, -0.9019890705025162, -1.0814340792468549, 0.8337046866440511], [1.6451098942268525, -0.6228948889567528, -0.9488023933573395, -0.07341261191276015], [1.4784695063136386, -0.7522545433298357, -1.064729507482229, 0.33851454449842605], [1.5197615339352328, -0.7236053909523095, -1.049856580073675, 0.2537004370907516], [1.644478949069517, -0.6196476338133392, -0.9520667599876151, -0.0727645552685627], [1.2653268739822763, -0.8521193244871059, -1.0975219301732047, 0.6843143806780344], [1.6901963432920997, -0.5116794194846485, -0.8950111584965591, -0.28350576531089217], [1.2944154593156476, -0.8348922072656588, -1.1020754489535431, 0.6425521969035544], [1.1625487654820412, -0.8320201949038137, -1.1403535620130858, 0.8098249914348584], [1.6607835189274316, -0.5632379598757702, -0.9501815342366524, -0.1473640248150089], [1.5512811916134623, -0.7055912752053211, -1.0302970175621373, 0.18460710115399603], [1.7084708847543792, -0.40461454188948937, -0.8354950897805575, -0.4683612530843323], [1.6936379730707878, -0.47549175439857544, -0.8950433023973184, -0.32310291627489407], [1.7002539562154688, -0.48811718743012356, -0.8670667776715048, -0.34506999111384057], [1.073071830394253, -0.9161712036328872, -1.0776595680188543, 0.9207589412574886], [1.431834325949595, -0.7897085995435147, -1.0690168616678988, 0.42689113526181865], [1.6867188944236509, -0.508859682027161, -0.9070216000363757, -0.2708376123601141]]
totts	7.130625916141913
withinss	[0.0, 0.0, 0.0, 0.0, 0.0, 0.0, 0.0, 0.0, 0.0, 0.0, 0.0, 0.0, 0.0, 0.00031473530310645596, 0.0, 0.0, 0.0, 0.0, 0.0, 0.0, 0.00015178141305684565, 0.0, 0.0, 0.0, 0.0, 0.002355397888164176, 0.0]
tot.withinss	0.0028219146043274774
betweenss	7.127804001537585
size	[1, 1, 1, 1, 1, 1, 1, 1, 1, 1, 1, 1, 1, 2, 1, 1, 1, 1, 1, 1, 2, 1, 1, 1, 1, 2, 1]
=====クラスタ数28個のとき＝＝＝＝＝
cluster	[14, 21, 2, 9, 12, 5, 19, 21, 24, 17, 12, 15, 4, 27, 28, 10, 23, 16, 25, 18, 20, 22, 11, 1, 13, 8, 7, 3, 6, 26]
centers	[[1.6867188944236509, -0.508859682027161, -0.9070216000363757, -0.2708376123601141], [1.4542339260757453, -0.8649814315169968, -0.9886729172552764, 0.39942042269652783], [1.1497184631053199, -0.9019890705025162, -1.0814340792468549, 0.8337046866440511], [1.6607835189274316, -0.5632379598757702, -0.9501815342366524, -0.1473640248150089], [1.6576231322382748, -0.624280477103521, -0.9220482607514815, -0.11129439438327234], [1.6098131046491833, -0.6672319530480599, -0.9807381566440572, 0.03815700504293388], [1.132216291935047, -0.9007458716760645, -1.0852592854385947, 0.8537888651796122], [1.4364540499119414, -0.7637476191241217, -1.0870270346263955, 0.41432060383857583], [1.2655408980516214, -0.8807645121141816, -1.0723409405556072, 0.6875645546181676], [1.6901963432920997, -0.5116794194846485, -0.8950111584965591, -0.28350576531089217], [1.4784695063136386, -0.7522545433298357, -1.064729507482229, 0.33851454449842605], [1.644794421648185, -0.621271261385046, -0.9504345766724773, -0.07308858359066142], [1.5479485392037322, -0.7069240922352873, -1.0330693994258062, 0.19204495245736142], [1.2944154593156476, -0.8348922072656588, -1.1020754489535431, 0.6425521969035544], [1.7084708847543792, -0.40461454188948937, -0.8354950897805575, -0.4683612530843323], [1.6936379730707878, -0.47549175439857544, -0.8950433023973184, -0.32310291627489407], [1.7067960237980755, -0.47822779726882425, -0.841721537018801, -0.3868466895104502], [1.1625487654820412, -0.8320201949038137, -1.1403535620130858, 0.8098249914348584], [1.073071830394253, -0.9161712036328872, -1.0776595680188543, 0.9207589412574886], [1.3452243898925063, -0.7756809064571717, -1.1293132097446337, 0.5597697263092992], [1.5197615339352328, -0.7236053909523095, -1.049856580073675, 0.2537004370907516], [1.5036368515986274, -0.7476455205682351, -1.0467037287955292, 0.290712397765137], [1.5523639669298055, -0.6816891840061297, -1.0462501028115936, 0.17557531988791755], [1.4272146019872485, -0.8156695799629078, -1.051006688709402, 0.4394616666850614], [1.5546138440231925, -0.7042584581753547, -1.0275246356984684, 0.17716924985063062], [1.2653268739822763, -0.8521193244871059, -1.0975219301732047, 0.6843143806780344], [1.6878763903888925, -0.5181169309773146, -0.8998873011711254, -0.26987215824045246], [1.7002539562154688, -0.48811718743012356, -0.8670667776715048, -0.34506999111384057]]
totts	7.130625916141913
withinss	[0.0, 0.0, 0.0, 0.0, 0.0, 0.0, 0.0, 0.0, 0.0, 0.0, 0.0, 1.1009412334468369e-05, 0.0, 0.0, 0.0, 0.0, 0.0, 0.0, 0.0, 0.0, 0.00031473530310645596, 0.0, 0.0, 0.0, 0.0, 0.0, 0.0, 0.0]
tot.withinss	0.0003257447154409243
betweenss	7.130300171426472
size	[1, 1, 1, 1, 1, 1, 1, 1, 1, 1, 1, 2, 1, 1, 1, 1, 1, 1, 1, 1, 2, 1, 1, 1, 1, 1, 1, 1]
=====クラスタ数29個のとき＝＝＝＝＝
cluster	[25, 11, 4, 17, 13, 22, 19, 23, 15, 5, 6, 16, 21, 8, 18, 12, 3, 29, 20, 10, 27, 28, 26, 24, 7, 9, 1, 1, 14, 2]
centers	[[1.1409673775201834, -0.9013674710892903, -1.0833466823427247, 0.8437467759118316], [1.2653268739822763, -0.8521193244871059, -1.0975219301732047, 0.6843143806780344], [1.5523639669298055, -0.6816891840061297, -1.0462501028115936, 0.17557531988791755], [1.4542339260757453, -0.8649814315169968, -0.9886729172552764, 0.39942042269652783], [1.7067960237980755, -0.47822779726882425, -0.841721537018801, -0.3868466895104502], [1.644478949069517, -0.6196476338133392, -0.9520667599876151, -0.0727645552685627], [1.5479485392037322, -0.7069240922352873, -1.0330693994258062, 0.19204495245736142], [1.6878763903888925, -0.5181169309773146, -0.8998873011711254, -0.26987215824045246], [1.4364540499119414, -0.7637476191241217, -1.0870270346263955, 0.41432060383857583], [1.1625487654820412, -0.8320201949038137, -1.1403535620130858, 0.8098249914348584], [1.524449326813631, -0.7186296344943246, -1.0490340641468876, 0.24321437182758113], [1.6901963432920997, -0.5116794194846485, -0.8950111584965591, -0.28350576531089217], [1.6451098942268525, -0.6228948889567528, -0.9488023933573395, -0.07341261191276015], [1.6098131046491833, -0.6672319530480599, -0.9807381566440572, 0.03815700504293388], [1.4272146019872485, -0.8156695799629078, -1.051006688709402, 0.4394616666850614], [1.7084708847543792, -0.40461454188948937, -0.8354950897805575, -0.4683612530843323], [1.2655408980516214, -0.8807645121141816, -1.0723409405556072, 0.6875645546181676], [1.7002539562154688, -0.48811718743012356, -0.8670667776715048, -0.34506999111384057], [1.073071830394253, -0.9161712036328872, -1.0776595680188543, 0.9207589412574886], [1.5546138440231925, -0.7042584581753547, -1.0275246356984684, 0.17716924985063062], [1.6607835189274316, -0.5632379598757702, -0.9501815342366524, -0.1473640248150089], [1.6576231322382748, -0.624280477103521, -0.9220482607514815, -0.11129439438327234], [1.5150737410568345, -0.7285811474102943, -1.0506790960004622, 0.264186502353922], [1.6867188944236509, -0.508859682027161, -0.9070216000363757, -0.2708376123601141], [1.2944154593156476, -0.8348922072656588, -1.1020754489535431, 0.6425521969035544], [1.4784695063136386, -0.7522545433298357, -1.064729507482229, 0.33851454449842605], [1.3452243898925063, -0.7756809064571717, -1.1293132097446337, 0.5597697263092992], [1.5036368515986274, -0.7476455205682351, -1.0467037287955292, 0.290712397765137], [1.6936379730707878, -0.47549175439857544, -0.8950433023973184, -0.32310291627489407]]
totts	7.130625916141913
withinss	[0.0003629389844266219, 0.0, 0.0, 0.0, 0.0, 0.0, 0.0, 0.0, 0.0, 0.0, 0.0, 0.0, 0.0, 0.0, 0.0, 0.0, 0.0, 0.0, 0.0, 0.0, 0.0, 0.0, 0.0, 0.0, 0.0, 0.0, 0.0, 0.0, 0.0]
tot.withinss	0.0003629389844266219
betweenss	7.130262977157487
size	[2, 1, 1, 1, 1, 1, 1, 1, 1, 1, 1, 1, 1, 1, 1, 1, 1, 1, 1, 1, 1, 1, 1, 1, 1, 1, 1, 1, 1]
##########################クラスタ数3個の時の平均##########################
cl[1] = [1.680176905491403, 0.48516718986568164, -0.5446699420697603, 1.7320244407693008]
cl[2] = [1.211007871519839, -0.3581576568308914, -0.5626191393805207, 1.7320492263683016]
cl[3] = [1.5094792235057801, -0.17753821787557292, -0.5610184707855551, 1.7320452690620884]
##########################クラスタ数3個の時の標準偏差##########################
cl[1] = [0.022733034335182215, 0.31860134436618204, 0.0283225609379377, 2.0057383666289302e-05]
cl[2] = [0.088200372387165, 0.06842022808434586, 0.01142578429883614, 2.2827897639333166e-06]
cl[3] = [0.05378943496551917, 0.10655556700928873, 0.006444460959486522, 7.002188451166311e-06]
##########################異常データ(標準化)##########################
[1.2944154593156476, -0.3145816616561089, -0.5553248496702361, 1.7320508017049019]
[1.524449326813631, -0.13360953788776253, -0.5543206678020551, 1.7320290086283583]
[1.4542339260757453, -0.4258050548910809, -0.5565833391329765, 1.732033404055333]
[1.2655408980516214, -0.38353853208937316, -0.5393197856765862, 1.7320433324843116]
[1.6451098942268525, 0.0732429697472754, -0.5712174321675506, 1.7320460057277223]

[1.6576231322382748, 0.09954466557068095, -0.4741064592999424, 1.7320184234737923]
[1.073071830394253, -0.43631612199891545, -0.5525564214822001, 1.7320492576413469]
[1.5150737410568345, -0.1542132129650587, -0.5585574697965705, 1.7320431517506]
[1.4272146019872485, -0.31219785418951984, -0.5666111641832525, 1.7320493346597567]
[1.7067960237980755, 0.7716849843332605, -0.5183283369280066, 1.731997866556035]

[1.644478949069517, 0.09027368849886219, -0.5530493175282077, 1.7320421528750585]
[1.7084708847543792, 1.151932508131331, -0.5646806740708981, 1.7320179730300445]
[1.6607835189274316, 0.2782411400027703, -0.5463558516325776, 1.7320368431025321]
[1.6878763903888925, 0.49247575056608356, -0.5191773978263108, 1.7320275915857366]
[1.7002539562154688, 0.6661562119742496, -0.5713116220138283, 1.7319826893984365]

[1.6901963432920997, 0.5174218917839958, -0.5607990827320741, 1.7320110842135061]
[1.5523639669298055, -0.054598655389488486, -0.5534430058605592, 1.7320490168908362]
[1.6936379730707878, 0.6800243098766073, -0.5495335290930391, 1.7320428301296682]
[1.5546138440231925, -0.11394211305956904, -0.5648112898078461, 1.7320501734621188]
[1.1625487654820412, -0.3149497583836133, -0.5737664960797308, 1.7320506167665062]

[1.3452243898925063, -0.22184306903750717, -0.5681143133755397, 1.7320501515131206]
[1.5036368515986274, -0.19641704417205358, -0.568292794539364, 1.7320500547531963]
[1.4784695063136386, -0.19207609278705148, -0.554918325047804, 1.732049562042792]
[1.6867188944236509, 0.5158409680373804, -0.5628096594749273, 1.7320453883697726]
[1.5479485392037322, -0.12258222526032825, -0.5746733105235475, 1.7320455599129718]

[1.4364540499119414, -0.20775235142947826, -0.5604919933707058, 1.7320497786875824]
[1.132216291935047, -0.42126803553509085, -0.5706584768956969, 1.7320501468231455]
[1.1497184631053199, -0.423625013228289, -0.5701705668185, 1.7320493781264692]
[1.6098131046491833, -0.03972625459991083, -0.5584998185764246, 1.7320489148394278]
[1.2653268739822763, -0.34913906271823325, -0.5710422050456754, 1.7320501258866123]

##########################逸脱度##########################
1.4777311662408337
2.592327995939342
3.135011005052043
3.3681265895099113
2.466914583170815

2.957440711998292
2.1275588891004955
0.5440576626099304
2.2419458853183647
2.1909450265530444

2.2066910997539955
2.5557794521110333
1.2391471644633916
0.9747090662016503
2.514072235816454

0.9860312121497709
1.9065891233466365
1.262838782154922
1.3774070695904064
1.4224973546238677

2.5846677388350336
1.3358239546945219
1.2739106303048562
1.262149175226776
2.295371768657826

1.531326833058822
1.5187144179207017
1.3563331348237522
2.3613389820551145
1.0466078304975366

##############################################################
タイムスロット0 = [17.20824488184815, 1.4777311662408337, 4.364057477116284]
タイムスロット1 = [7.1320595419708095, 10.117641892018149, 2.592327995939342]
タイムスロット2 = [10.36027526134515, 7.5433291258875315, 3.135011005052043]
タイムスロット3 = [18.467040096174024, 3.3681265895099113, 5.976425563589767]
タイムスロット4 = [2.466914583170815, 8.15693944995557, 3.796415314543198]
タイムスロット5 = [2.957440711998292, 17.677058905710247, 14.523308161221328]
タイムスロット6 = [26.891937187069033, 2.1275588891004955, 8.589033400149969]
タイムスロット7 = [7.6082093661732335, 5.289364019581895, 0.5440576626099304]
タイムスロット8 = [11.49894771377114, 2.566023548574194, 2.2419458853183647]
タイムスロット9 = [2.1909450265530444, 28.73158635785547, 13.51012145117071]
タイムスロット10 = [2.2066910997539955, 8.798426892971614, 3.7872363602170163]
タイムスロット11 = [2.5557794521110333, 26.57826379356883, 13.596878607684591]
タイムスロット12 = [1.2391471644633916, 11.99882593785837, 5.730018677529934]
タイムスロット13 = [0.9747090662016503, 16.972753855503615, 9.953120253765881]
タイムスロット14 = [2.514072235816454, 33.24209081413961, 12.557697780512397]
タイムスロット15 = [0.9860312121497709, 21.73669957414382, 8.812493992218943]
タイムスロット16 = [6.006518090709134, 5.9427509542126735, 1.9065891233466365]
タイムスロット17 = [1.262838782154922, 16.411687651058518, 8.932516923773315]
タイムスロット18 = [6.016260936867388, 5.303394261148905, 1.3774070695904064]
タイムスロット19 = [22.968069081558593, 1.4224973546238677, 6.910793421456017]
タイムスロット20 = [14.978274703053359, 2.5846677388350336, 3.346087885812818]
タイムスロット21 = [8.198209783783565, 4.119958203162802, 1.3358239546945219]
タイムスロット22 = [9.21661784114182, 3.945082181978235, 1.2739106303048562]
タイムスロット23 = [1.262149175226776, 13.967521456363748, 7.29922896889947]
タイムスロット24 = [6.300966480499263, 5.490091204573503, 2.295371768657826]
タイムスロット25 = [11.026320955386698, 3.38511771722261, 1.531326833058822]
タイムスロット26 = [24.322606199911988, 1.5187144179207017, 7.559550338267357]
タイムスロット27 = [23.558021693642747, 1.3563331348237522, 7.240746668230865]
タイムスロット28 = [3.7445915057706403, 6.500271069620977, 2.3613389820551145]
タイムスロット29 = [18.503568463325347, 1.0466078304975366, 5.1084986714240195]
