##########################通常データ(標準化)##########################
[1.8045031479067497, -1.0052452387751818, 1.5814544307658003, 0.5483480869906026, 1.9999838997356294]
[1.4857354960778246, -0.4612090349582455, 1.9200749850204564, 1.9997634518307756, -0.96813341790942]
[1.6908976713497987, -0.31504096110107815, 1.991314743767119, 1.9984372546654878, -1.0564022935917419]
[1.3010137542037687, -0.5355844306148289, 1.8642803324434636, -0.04610703342891565, 1.9999782265326738]
[-0.47750306959609023, -0.5641345700970791, 1.9726568989634272, -0.019903747644868856, 1.9999015657073866]

[-0.5460166240602609, -0.1529599175612235, 1.9999990535885197, -0.29153783092419316, -0.22021659458110926]
[-0.49230069713087876, -0.3289893256682083, 1.9925348456531498, 1.9975169085061912, -0.5644726376828058]
[-0.20291677221436993, -0.23299795116846428, 1.9995926975987428, 1.9769018786900305, -0.6754793838167756]
[-0.5957270737877876, -0.34835205193057667, 1.9561087917090731, 1.9992791885050534, -0.5287832906627133]
[-0.5160257931467631, -0.5273326512953338, 1.94797707066038, 1.1662509448700658, 1.999910697283138]

[-0.5861360417114239, -0.4919352572377138, 1.916897792298714, 0.1327243402416185, 1.9999526840462503]
[-0.5794170853089015, -0.37287985497130854, 1.9945188894107744, 1.518821193853968, 1.9920897737655656]
[-0.6278976529076478, -0.3492373184342559, 1.9579221225268741, 1.9894891333594142, 1.9775024857016377]
[-0.6945243277696564, -0.3933565883221599, 1.9618002309112375, 0.140376277325947, 1.9999480610929332]
[-0.5876016232481183, -0.16312265332274548, 1.9997952141346425, 1.9739568423595066, -0.5793407644966934]

[-0.6658245357955233, -0.4163840251203759, 1.9530399824744276, 1.9996305790866105, -0.492944820439304]
[-0.5813325450599216, -0.3436000384654449, 1.9823898847795867, 1.9999245015787377, -0.5356389549965027]
[-0.5140898372851119, -0.5247457976965888, 1.9741438189783602, 1.201334346629977, 1.9996675484169515]
[-0.5369717353734218, -0.3366932407273089, 1.9985270760529938, 1.995529939488877, -0.5502993783681317]
[-0.5018923413193651, -0.44949255507831276, 1.9999998805121695, -0.22790538550288403, -0.17555201158027015]

[-0.5585794884115861, -0.2758031180735384, 1.998563874952359, 1.9934492643818076, -0.5598578574972174]
[-0.5854122647055602, -0.3429618570615832, 1.9963255671853122, 1.9983278037352683, -0.535454906468881]
[-0.5351520494509718, -0.26655366511421663, 1.9999984796223516, -0.26562400395389313, -0.20222877482924723]
[-0.5340274075270507, -0.6025028079176101, 1.8994425741486385, 1.9978466957697274, -0.4761660029279751]
[-0.5382403871387431, -0.4318907410781644, 1.9672469436663755, 1.999058946074292, -0.5236692728790742]

[-0.5722134456460473, -0.23664589096275826, 1.9992771582282407, -0.5174938467473724, 1.9966084537025461]
[-0.7910334032655765, -0.5696737811692076, 1.9330343653988258, 1.1996670611828502, 1.9999392698920888]
[-0.7242852357242276, -0.5605987197185978, 1.9409821736748258, 0.36418005860178804, 1.9999669789758332]
[-0.8580541025868073, -0.8267659682864801, 1.7791960394001833, 1.1504136990887308, 1.9998856720715688]
[-0.5659024863648123, -0.5222726710298194, 1.9937893769230377, 1.4159086844889557, 1.9998821510098408]

[-0.6173754330652711, -0.3127532825058085, 1.979619805344865, -0.02080759916594298, 1.999957515598014]
[-0.599440461594419, -0.4168478716800376, 1.9320935407535798, 1.9998825528058084, -0.5088933200087116]
[-0.5421824147249832, -0.4847665608024471, 1.996265163506497, 1.4778644282849838, 1.9967085747517688]
[-0.8200370957797252, -0.6180340582894741, 1.7201904180920504, -0.4319378988434787, 1.9999734089046282]
[-0.7433607262049463, -0.4292660260745834, 1.914372346739099, -0.45998805328640757, 1.9999881787235565]

[-0.5334304892830842, -0.30865231077533817, 1.9998659641897352, 1.7400862742257017, 1.8502113953577093]
[-0.6042223840832892, -0.6387112645086838, 1.8221007726050187, -0.19869616440291785, 1.9999863246700673]
[-0.5154766161427716, -0.38878412605701523, 1.9772517629017679, 1.9956000984298412, 1.9642382875532403]
[-0.7240074895831826, -0.5292190781742124, 1.90521568250481, -0.3997006682757941, 1.9999917716564493]
[-0.5867240310224889, -0.2660838601918447, 1.999017307058151, 1.956602253588785, 1.9194561530213723]

[-0.6006293760854289, -0.3699525548213535, 1.9899014570596392, 1.3109994677362558, 1.9997474527547996]
[-0.6450112990474405, -0.23089079699929604, 1.993092700867003, 1.9811123687565124, 1.989243159275487]
[-0.5881279809888369, -0.3007393564568809, 1.9936031113856976, 1.9647217983259397, 1.9893404944351551]
[-0.6119418897616893, -0.2893416179620764, 1.9896540862278764, 1.9955629187847663, 1.931725824295633]
[-0.6304722635723021, -0.2945654123972183, 1.9867235425856196, 1.9977749331469858, 1.769556130302842]

[-0.6440127362788091, -0.29883956757352037, 1.9905837337590553, -0.2905959123993611, 1.999657476768892]
[-0.7248247311612213, -0.438017291784972, 1.9363025314526068, 0.1728941220342228, 1.9999898048218856]
[-0.6100714240113294, -0.2650132644968339, 1.9945938009802684, 0.9542523742580735, 1.999867641993517]
[-0.7248528867799111, -0.47076879544546263, 1.926845311282279, -0.02032372480492766, 1.9999969822230588]
[-0.7295693682580469, -0.4904177244296174, 1.9450895756462467, -0.09657268990952374, 1.9999967850792535]

[-0.8783358843154199, -0.5761899770990178, 1.8681657796715168, 0.7904927847869493, 1.9999937653940587]
[-0.8055279807653007, -0.5424905931786035, 1.8691937678962725, -0.02655260855773102, 1.9999971720690888]
[-0.7660601369060227, -0.5164432259341095, 1.8844182706201091, -0.013590085901109947, 1.9999942967648894]
[-0.619323596142166, -0.3034122768733446, 1.9885979468597197, 0.6391948780806403, 1.999952967141884]
[-0.7772866895555501, -0.48532889918738875, 1.8699323614745929, -0.35766507029088945, 1.9999841296331455]

[-0.7933475623651507, -0.5316779050233141, 1.813825365546819, -0.2214028611590743, 1.9999963794726643]
[-0.8712621546166673, -0.7164814513897338, 1.7900633565968749, 0.17590317259987373, 1.9999950334835015]
[-0.8408177503739697, -0.6747631829556245, 1.5466164890789302, -0.4735210895472138, 1.9999959059863452]
[-0.736659730960852, -0.44044102172774474, 1.9354853063882012, -0.32744367092176485, 1.9999926974930042]
[-0.7816096225405978, -0.6217151806981508, 1.6646273582862465, -0.3896497305995268, 1.9999978446286362]

##########################クラスタ数##########################
3
##########################クラスタリング結果##########################
=====クラスタ数1個のとき＝＝＝＝＝
cluster	[1, 1, 1, 1, 1, 1, 1, 1, 1, 1, 1, 1, 1, 1, 1, 1, 1, 1, 1, 1, 1, 1, 1, 1, 1, 1, 1, 1, 1, 1, 1, 1, 1, 1, 1, 1, 1, 1, 1, 1, 1, 1, 1, 1, 1, 1, 1, 1, 1, 1, 1, 1, 1, 1, 1, 1, 1, 1, 1, 1]
centers	[-0.48921550271615594, -0.4890738305821349, 1.8592194878090351, -0.5290748751378951, -0.3518552793728491]
totts	39.663330910096775
withinss	39.66333091009682
tot.withinss	39.66333091009682
betweenss	-4.263256414560601e-14
size	60
=====クラスタ数2個のとき＝＝＝＝＝
cluster	[2, 2, 2, 2, 1, 1, 1, 1, 1, 1, 1, 1, 1, 1, 1, 1, 1, 1, 1, 1, 1, 1, 1, 1, 1, 1, 1, 1, 1, 1, 1, 1, 1, 1, 1, 1, 1, 1, 1, 1, 1, 1, 1, 1, 1, 1, 1, 1, 1, 1, 1, 1, 1, 1, 1, 1, 1, 1, 1, 1]
centers	[[-0.6363407184376338, -0.46023757823814254, 1.9423850553968323, -0.514396685068822, -0.331410073652234], [1.5705375173845355, -0.892781363398027, 0.6949015415798727, -0.7345695361049176, -0.6380881594614636]]
totts	39.663330910096775
withinss	[13.213512014014883, 1.226865154193539]
tot.withinss	14.440377168208421
betweenss	25.222953741888354
size	[56, 4]
=====クラスタ数3個のとき＝＝＝＝＝
cluster	[2, 2, 2, 2, 1, 1, 1, 1, 1, 1, 3, 1, 1, 1, 1, 1, 1, 1, 1, 1, 1, 1, 1, 1, 1, 1, 1, 3, 3, 1, 1, 1, 1, 3, 3, 1, 3, 1, 3, 1, 1, 1, 1, 1, 1, 1, 3, 1, 3, 3, 3, 3, 3, 1, 3, 3, 3, 3, 3, 3]
centers	[[-0.5714816934658159, -0.3912725466473304, 1.980294073624611, -0.4451071911413038, -0.5724326423701613], [1.5705375173845355, -0.892781363398027, 0.6949015415798727, -0.7345695361049176, -0.6380881594614636], [-0.7626451354880165, -0.5945379029149874, 1.8685622304269474, -0.6493288574539887, 0.13794966543004558]]
totts	39.663330910096775
withinss	[2.699161417615818, 1.226865154193539, 2.5215697053994237]
tot.withinss	6.447596277208781
betweenss	33.215734632887994
size	[37, 4, 19]
=====クラスタ数4個のとき＝＝＝＝＝
cluster	[4, 4, 4, 4, 2, 3, 3, 3, 3, 3, 2, 3, 3, 2, 3, 3, 3, 3, 3, 3, 3, 3, 3, 3, 3, 3, 2, 2, 2, 3, 3, 3, 3, 1, 2, 3, 1, 3, 2, 3, 3, 3, 3, 3, 3, 3, 2, 3, 2, 2, 2, 2, 2, 3, 2, 1, 1, 1, 2, 1]
centers	[[-0.7852160949599, -0.6734516202397183, 1.748312120087414, -0.7590203743013942, 0.4693759694135983], [-0.7338763628215148, -0.556618303005613, 1.9332543679059733, -0.5819703676056017, -0.06078933447324356], [-0.5641694664001138, -0.37725593564140797, 1.980930014564781, -0.43942841871635396, -0.6000761938069057], [1.5705375173845355, -0.892781363398027, 0.6949015415798727, -0.7345695361049176, -0.6380881594614636]]
totts	39.663330910096775
withinss	[0.4612656054017481, 1.1479079338686944, 2.112021385773885, 1.226865154193539]
tot.withinss	4.948060079237867
betweenss	34.715270830858906
size	[6, 16, 34, 4]
=====クラスタ数5個のとき＝＝＝＝＝
cluster	[5, 5, 5, 5, 1, 2, 2, 2, 4, 2, 1, 2, 4, 1, 2, 4, 4, 2, 2, 2, 2, 2, 2, 4, 4, 2, 1, 1, 1, 2, 2, 4, 2, 3, 1, 2, 3, 4, 1, 2, 2, 2, 2, 2, 2, 2, 1, 2, 1, 1, 1, 1, 1, 2, 1, 3, 3, 3, 1, 3]
centers	[[-0.7338763628215148, -0.556618303005613, 1.9332543679059733, -0.5819703676056017, -0.06078933447324356], [-0.5586075068326923, -0.3531321950177635, 1.986976529170165, -0.5179115390391039, -0.5573252882806057], [-0.7852160949599, -0.6734516202397183, 1.748312120087414, -0.7590203743013942, 0.4693759694135983], [-0.5822458349942331, -0.4556580926682527, 1.961278842097284, -0.1843582776674168, -0.7390166367673816], [1.5705375173845355, -0.892781363398027, 0.6949015415798727, -0.7345695361049176, -0.6380881594614636]]
totts	39.663330910096775
withinss	[1.1479079338686944, 0.9447292257538231, 0.4612656054017481, 0.2129378383669292, 1.226865154193539]
tot.withinss	3.993705757584734
betweenss	35.66962515251204
size	[16, 26, 6, 8, 4]
=====クラスタ数6個のとき＝＝＝＝＝
cluster	[1, 1, 1, 1, 2, 4, 4, 4, 6, 4, 2, 4, 6, 2, 4, 6, 6, 4, 4, 4, 4, 4, 4, 6, 6, 4, 3, 2, 3, 4, 4, 6, 4, 5, 2, 4, 5, 6, 2, 4, 4, 4, 4, 4, 4, 4, 2, 4, 2, 2, 3, 2, 2, 4, 2, 5, 5, 5, 2, 5]
centers	[[1.5705375173845355, -0.892781363398027, 0.6949015415798727, -0.7345695361049176, -0.6380881594614636], [-0.7088152626904948, -0.5192760792988258, 1.9388392609379088, -0.6595902405491797, -0.051157678399408844], [-0.8424744633892679, -0.7184346057350242, 1.9090531647675835, -0.24561758485009774, -0.10252651079319398], [-0.5586075068326923, -0.3531321950177635, 1.986976529170165, -0.5179115390391039, -0.5573252882806057], [-0.7852160949599, -0.6734516202397183, 1.748312120087414, -0.7590203743013942, 0.4693759694135983], [-0.5822458349942331, -0.4556580926682527, 1.961278842097284, -0.1843582776674168, -0.7390166367673816]]
totts	39.663330910096775
withinss	[1.226865154193539, 0.40506964684998314, 0.17629447952153077, 0.9447292257538231, 0.4612656054017481, 0.2129378383669292]
tot.withinss	3.4271619500875534
betweenss	36.23616896000922
size	[4, 13, 3, 26, 6, 8]
=====クラスタ数7個のとき＝＝＝＝＝
cluster	[7, 7, 7, 7, 1, 5, 5, 5, 3, 1, 2, 1, 3, 2, 5, 3, 3, 1, 5, 1, 5, 5, 5, 3, 3, 5, 4, 2, 4, 1, 1, 3, 1, 6, 2, 5, 6, 3, 2, 5, 1, 5, 5, 5, 5, 1, 2, 5, 2, 2, 4, 2, 2, 1, 2, 6, 6, 6, 2, 6]
centers	[[-0.561668560847064, -0.4699533607125067, 1.9922415927435737, -0.5222998612947631, -0.4383198098892404], [-0.7280912787816952, -0.5100291074329684, 1.9352124303224716, -0.663375910823422, -0.033716133284385795], [-0.5822458349942331, -0.4556580926682527, 1.961278842097284, -0.1843582776674168, -0.7390166367673816], [-0.8424744633892679, -0.7184346057350242, 1.9090531647675835, -0.24561758485009774, -0.10252651079319398], [-0.5514340048705241, -0.29013686526958715, 1.9830683416605088, -0.5209102336270361, -0.6205872378933618], [-0.7852160949599, -0.6734516202397183, 1.748312120087414, -0.7590203743013942, 0.4693759694135983], [1.5705375173845355, -0.892781363398027, 0.6949015415798727, -0.7345695361049176, -0.6380881594614636]]
totts	39.663330910096775
withinss	[0.32696731984056154, 0.2820224658492517, 0.2129378383669292, 0.17629447952153077, 0.36328157846953296, 0.4612656054017481, 1.226865154193539]
tot.withinss	3.0496344416430934
betweenss	36.61369646845368
size	[11, 12, 8, 3, 16, 6, 4]
=====クラスタ数8個のとき＝＝＝＝＝
cluster	[7, 7, 7, 7, 6, 5, 3, 5, 2, 6, 1, 3, 2, 1, 5, 2, 3, 6, 3, 6, 5, 3, 5, 2, 2, 5, 8, 1, 8, 6, 5, 2, 6, 4, 1, 5, 4, 3, 1, 5, 3, 3, 3, 3, 3, 5, 1, 5, 1, 1, 8, 1, 1, 5, 1, 4, 4, 4, 1, 4]
centers	[[-0.7280912787816952, -0.5100291074329684, 1.9352124303224716, -0.663375910823422, -0.033716133284385795], [-0.5935262531251952, -0.4718300826105007, 1.9539517558462078, -0.13668086718331465, -0.7519145529271974], [-0.5788267048342866, -0.3511478986600686, 1.987379325897399, -0.42641753443643426, -0.6309871879666095], [-0.7852160949599, -0.6734516202397183, 1.748312120087414, -0.7590203743013942, 0.4693759694135983], [-0.5511181427362086, -0.2817836917951028, 1.9818339209980067, -0.5957664542003526, -0.5531656322663431], [-0.519599323739521, -0.5636549785053326, 1.9945152586001687, -0.4824754835515686, -0.4287854728037465], [1.5705375173845355, -0.892781363398027, 0.6949015415798727, -0.7345695361049176, -0.6380881594614636], [-0.8424744633892679, -0.7184346057350242, 1.9090531647675835, -0.24561758485009774, -0.10252651079319398]]
totts	39.663330910096775
withinss	[0.2820224658492517, 0.13871004877659274, 0.13201615878047163, 0.4612656054017481, 0.33925402435076035, 0.10547350362501053, 1.226865154193539, 0.17629447952153077]
tot.withinss	2.861901440498905
betweenss	36.80142946959787
size	[12, 6, 11, 6, 12, 6, 4, 3]
=====クラスタ数9個のとき＝＝＝＝＝
cluster	[2, 7, 7, 7, 9, 5, 8, 5, 6, 9, 3, 8, 6, 3, 5, 6, 8, 9, 8, 9, 5, 8, 5, 6, 6, 5, 1, 3, 1, 9, 5, 6, 9, 4, 3, 5, 4, 8, 3, 5, 8, 8, 8, 8, 8, 5, 3, 5, 3, 3, 1, 3, 3, 5, 3, 4, 4, 4, 3, 4]
centers	[[-0.8424744633892679, -0.7184346057350242, 1.9090531647675835, -0.24561758485009774, -0.10252651079319398], [1.8045031479067497, -1.0872252627943084, 0.21728350348563813, -0.6645051878594238, -0.27005620073865566], [-0.7280912787816952, -0.5100291074329684, 1.9352124303224716, -0.663375910823422, -0.033716133284385795], [-0.7852160949599, -0.6734516202397183, 1.748312120087414, -0.7590203743013942, 0.4693759694135983], [-0.5511181427362086, -0.2817836917951028, 1.9818339209980067, -0.5957664542003526, -0.5531656322663431], [-0.5935262531251952, -0.4718300826105007, 1.9539517558462078, -0.13668086718331465, -0.7519145529271974], [1.492548973877131, -0.8279667302659331, 0.8541075542779509, -0.7579243188534157, -0.7607654790357329], [-0.5788267048342866, -0.3511478986600686, 1.987379325897399, -0.42641753443643426, -0.6309871879666095], [-0.519599323739521, -0.5636549785053326, 1.9945152586001687, -0.4824754835515686, -0.4287854728037465]]
totts	39.663330910096775
withinss	[0.17629447952153077, 0.0, 0.2820224658492517, 0.4612656054017481, 0.33925402435076035, 0.13871004877659274, 0.6121666580235566, 0.13201615878047163, 0.10547350362501053]
tot.withinss	2.2472029443289223
betweenss	37.416127965767856
size	[3, 1, 12, 6, 12, 6, 3, 11, 6]
=====クラスタ数10個のとき＝＝＝＝＝
cluster	[1, 1, 1, 1, 6, 4, 5, 2, 8, 6, 3, 5, 8, 10, 4, 8, 5, 6, 5, 6, 4, 5, 4, 8, 8, 4, 7, 3, 7, 6, 10, 8, 6, 9, 3, 4, 9, 5, 3, 4, 5, 5, 5, 5, 5, 10, 3, 4, 3, 3, 7, 3, 3, 10, 3, 9, 9, 9, 3, 9]
centers	[[1.5705375173845355, -0.892781363398027, 0.6949015415798727, -0.7345695361049176, -0.6380881594614636], [-0.20291677221436993, -0.34898526583171796, 1.960476052172298, -0.6766524271895527, -0.7319215869366573], [-0.7311428197827895, -0.5181421550977222, 1.9316473392101594, -0.667244135900138, -0.015118228429509722], [-0.5662236468917359, -0.2555571109886373, 1.9832862657093366, -0.5739917912154385, -0.5875137166135248], [-0.5788267048342866, -0.3511478986600686, 1.987379325897399, -0.42641753443643426, -0.6309871879666095], [-0.519599323739521, -0.5636549785053326, 1.9945152586001687, -0.4824754835515686, -0.4287854728037465], [-0.8424744633892679, -0.7184346057350242, 1.9090531647675835, -0.24561758485009774, -0.10252651079319398], [-0.5935262531251952, -0.4718300826105007, 1.9539517558462078, -0.13668086718331465, -0.7519145529271974], [-0.7852160949599, -0.6734516202397183, 1.748312120087414, -0.7590203743013942, 0.4693759694135983], [-0.6438090233139756, -0.35218693273027324, 1.9824173266717486, -0.625359032117679, -0.36106233850982095]]
totts	39.663330910096775
withinss	[1.226865154193539, 0.0, 0.22279557728011723, 0.04814391504588221, 0.13201615878047163, 0.10547350362501053, 0.17629447952153077, 0.13871004877659274, 0.4612656054017481, 0.04022366993537265]
tot.withinss	2.551788112560265
betweenss	37.11154279753651
size	[4, 1, 11, 8, 11, 6, 3, 6, 6, 4]
=====クラスタ数11個のとき＝＝＝＝＝
cluster	[11, 9, 9, 9, 6, 7, 5, 1, 2, 6, 4, 5, 2, 3, 7, 2, 5, 6, 5, 6, 7, 5, 7, 2, 2, 7, 4, 4, 4, 6, 3, 2, 6, 10, 8, 7, 8, 5, 8, 7, 5, 5, 5, 5, 5, 3, 4, 7, 4, 4, 4, 8, 8, 3, 8, 8, 8, 10, 4, 10]
centers	[[-0.20291677221436993, -0.34898526583171796, 1.960476052172298, -0.6766524271895527, -0.7319215869366573], [-0.5935262531251952, -0.4718300826105007, 1.9539517558462078, -0.13668086718331465, -0.7519145529271974], [-0.6438090233139756, -0.35218693273027324, 1.9824173266717486, -0.625359032117679, -0.36106233850982095], [-0.7504168205292763, -0.5839123591349349, 1.9387399792116082, -0.5038553900654913, -0.10055540948190589], [-0.5788267048342866, -0.3511478986600686, 1.987379325897399, -0.42641753443643426, -0.6309871879666095], [-0.519599323739521, -0.5636549785053326, 1.9945152586001687, -0.4824754835515686, -0.4287854728037465], [-0.5662236468917359, -0.2555571109886373, 1.9832862657093366, -0.5739917912154385, -0.5875137166135248], [-0.7606343905100137, -0.5818194067171903, 1.8802850252073964, -0.6984889466884795, 0.160657718708287], [1.492548973877131, -0.8279667302659331, 0.8541075542779509, -0.7579243188534157, -0.7607654790357329], [-0.8141548228980975, -0.6619369195887962, 1.6580709771917805, -0.8360168037209729, 0.654037569016086], [1.8045031479067497, -1.0872252627943084, 0.21728350348563813, -0.6645051878594238, -0.27005620073865566]]
totts	39.663330910096775
withinss	[0.0, 0.13871004877659274, 0.04022366993537265, 0.6590394076379094, 0.13201615878047163, 0.10547350362501053, 0.04814391504588221, 0.27001611756003463, 0.6121666580235566, 0.0693085069291598, 0.0]
tot.withinss	2.07509798631399
betweenss	37.58823292378278
size	[1, 6, 4, 9, 11, 6, 8, 8, 3, 3, 1]
=====クラスタ数12個のとき＝＝＝＝＝
cluster	[12, 12, 12, 12, 6, 1, 8, 7, 2, 6, 4, 9, 2, 4, 1, 2, 8, 6, 9, 6, 1, 9, 1, 2, 2, 1, 10, 4, 10, 6, 11, 2, 6, 5, 4, 1, 3, 8, 3, 1, 9, 9, 9, 9, 9, 11, 4, 1, 4, 4, 10, 3, 3, 11, 3, 3, 3, 5, 4, 5]
centers	[[-0.5662236468917359, -0.2555571109886373, 1.9832862657093366, -0.5739917912154385, -0.5875137166135248], [-0.5935262531251952, -0.4718300826105007, 1.9539517558462078, -0.13668086718331465, -0.7519145529271974], [-0.7631020568393091, -0.6025617070455828, 1.8745188625071196, -0.6906340892295185, 0.1817789906072908], [-0.7080266310712857, -0.49466453781855774, 1.9520721144086202, -0.6465180174899849, -0.10286292802879164], [-0.8141548228980975, -0.6619369195887962, 1.6580709771917805, -0.8360168037209729, 0.654037569016086], [-0.519599323739521, -0.5636549785053326, 1.9945152586001687, -0.4824754835515686, -0.4287854728037465], [-0.20291677221436993, -0.34898526583171796, 1.960476052172298, -0.6766524271895527, -0.7319215869366573], [-0.5297032861111907, -0.39596536516574227, 1.9854548429627694, -0.36687941779228206, -0.6929067738935545], [-0.5972479868554476, -0.33434134872044097, 1.988101006997885, -0.44874432817799137, -0.6077673432440049], [-0.8424744633892679, -0.7184346057350242, 1.9090531647675835, -0.24561758485009774, -0.10252651079319398], [-0.6269039218287488, -0.32932071593347223, 1.9850802913763645, -0.6268702311637232, -0.4019854224504204], [1.5705375173845355, -0.892781363398027, 0.6949015415798727, -0.7345695361049176, -0.6380881594614636]]
totts	39.663330910096775
withinss	[0.04814391504588221, 0.13871004877659274, 0.2152823926599557, 0.11882732772016623, 0.0693085069291598, 0.10547350362501053, 0.0, 0.01762386096201728, 0.06569980096891452, 0.17629447952153077, 0.01031102718007343, 1.226865154193539]
tot.withinss	2.192540017582842
betweenss	37.47079089251393
size	[8, 6, 7, 8, 3, 6, 1, 3, 8, 3, 3, 4]
=====クラスタ数13個のとき＝＝＝＝＝
cluster	[11, 11, 11, 11, 8, 5, 6, 10, 13, 8, 7, 4, 13, 2, 5, 13, 6, 8, 6, 4, 5, 6, 5, 9, 13, 5, 12, 7, 12, 4, 2, 13, 4, 3, 7, 5, 1, 13, 7, 5, 4, 6, 6, 6, 6, 2, 7, 5, 7, 7, 12, 1, 7, 2, 1, 1, 1, 3, 7, 3]
centers	[[-0.7703293542771916, -0.6247283730221417, 1.8587140608541328, -0.6908615004158861, 0.22720516686108666], [-0.6438090233139756, -0.35218693273027324, 1.9824173266717486, -0.625359032117679, -0.36106233850982095], [-0.8141548228980975, -0.6619369195887962, 1.6580709771917805, -0.8360168037209729, 0.654037569016086], [-0.5580047407606982, -0.4589474902573129, 1.9977256027571488, -0.47592525978008127, -0.5048481119590565], [-0.5662236468917359, -0.2555571109886373, 1.9832862657093366, -0.5739917912154385, -0.5875137166135248], [-0.5839463344550063, -0.32746620545875327, 1.9856016652900887, -0.4253513888558046, -0.6488377365205243], [-0.7177507052544261, -0.5145356448484618, 1.9411344684433591, -0.6590499808297259, -0.04979813751074537], [-0.5025395666759884, -0.6289291229168642, 1.990262877421492, -0.49502049395027287, -0.3637736938783667], [-0.5340274075270507, -0.6709575120211662, 1.9135982103052647, 0.06504179963470483, -0.7736550903917528], [-0.20291677221436993, -0.34898526583171796, 1.960476052172298, -0.6766524271895527, -0.7319215869366573], [1.5705375173845355, -0.892781363398027, 0.6949015415798727, -0.7345695361049176, -0.6380881594614636], [-0.8424744633892679, -0.7184346057350242, 1.9090531647675835, -0.24561758485009774, -0.10252651079319398], [-0.5904344545611487, -0.43388754603790086, 1.965691082145576, -0.2005123152078534, -0.7408567663386728]]
totts	39.663330910096775
withinss	[0.16288692628934032, 0.04022366993537265, 0.0693085069291598, 0.02856928759162177, 0.04814391504588221, 0.05795501777275895, 0.13731515079360818, 0.04013769372411597, 0.0, 0.0, 1.226865154193539, 0.17629447952153077, 0.06068031032300509]
tot.withinss	2.0483801121199345
betweenss	37.61495079797684
size	[5, 4, 3, 5, 8, 8, 9, 3, 1, 1, 4, 3, 6]
=====クラスタ数14個のとき＝＝＝＝＝
cluster	[9, 9, 9, 9, 14, 2, 3, 13, 12, 14, 1, 4, 12, 1, 2, 12, 3, 14, 3, 4, 2, 3, 2, 12, 12, 2, 6, 1, 10, 4, 2, 12, 4, 5, 7, 2, 11, 3, 7, 2, 4, 3, 3, 3, 3, 2, 1, 2, 1, 1, 6, 7, 7, 2, 7, 11, 8, 5, 1, 5]
centers	[[-0.7029789031950485, -0.5029561425900027, 1.956561250165661, -0.6312387415740964, -0.11938746280651337], [-0.5827728127836486, -0.27567445779177413, 1.9837755454367076, -0.5884131839286071, -0.5369150909326782], [-0.5763385879758691, -0.34033688180617705, 1.985427498935798, -0.41341755548432935, -0.6553344736694222], [-0.5580047407606982, -0.4589474902573129, 1.9977256027571488, -0.47592525978008127, -0.5048481119590565], [-0.8141548228980975, -0.6619369195887962, 1.6580709771917805, -0.8360168037209729, 0.654037569016086], [-0.8346846437904982, -0.613573627628299, 1.9419660814099897, -0.3343098470524686, -0.15939796293872438], [-0.7632486046030006, -0.5199312582131204, 1.905324082542006, -0.7083679477724778, 0.08622372804659281], [-0.8712621546166673, -0.7445901437682181, 1.817803675680413, -0.5262317250675579, 0.3242803477720301], [1.5705375173845355, -0.892781363398027, 0.6949015415798727, -0.7345695361049176, -0.6380881594614636], [-0.8580541025868073, -0.9281565619484745, 1.843227331482771, -0.06823306044535611, 0.011216393497866788], [-0.69878497322422, -0.6551544094518515, 1.8489280566343647, -0.7599200547889441, 0.2649313808306508], [-0.5935262531251952, -0.4718300826105007, 1.9539517558462078, -0.13668086718331465, -0.7519145529271974], [-0.20291677221436993, -0.34898526583171796, 1.960476052172298, -0.6766524271895527, -0.7319215869366573], [-0.5025395666759884, -0.6289291229168642, 1.990262877421492, -0.49502049395027287, -0.3637736938783667]]
totts	39.663330910096775
withinss	[0.0840569765310251, 0.1595675118014149, 0.08734444019779383, 0.02856928759162177, 0.0693085069291598, 0.03685180625449533, 0.03821757040156445, 0.0, 1.226865154193539, 0.0, 0.032540352285651976, 0.13871004877659274, 0.0, 0.04013769372411597]
tot.withinss	1.9421693486869749
betweenss	37.7211615614098
size	[7, 11, 9, 5, 3, 2, 5, 1, 4, 1, 2, 6, 1, 3]
=====クラスタ数15個のとき＝＝＝＝＝
cluster	[10, 10, 10, 10, 3, 14, 14, 5, 4, 15, 3, 1, 4, 9, 14, 4, 4, 15, 14, 1, 14, 14, 14, 2, 4, 14, 11, 11, 13, 15, 9, 4, 15, 12, 6, 14, 8, 4, 6, 14, 1, 14, 14, 14, 14, 9, 6, 1, 6, 6, 11, 8, 6, 1, 8, 8, 7, 12, 6, 12]
centers	[[-0.5822667645734382, -0.3758181749845194, 1.9938905607716535, -0.5274808156129578, -0.5083248056007382], [-0.5340274075270507, -0.6709575120211662, 1.9135982103052647, 0.06504179963470483, -0.7736550903917528], [-0.531819555653757, -0.61080457045791, 1.9698184695190477, -0.6485576765011927, -0.17863666690618807], [-0.5891341817752592, -0.4249010327606936, 1.9680903609247156, -0.21998686013914842, -0.7340682862496143], [-0.20291677221436993, -0.34898526583171796, 1.960476052172298, -0.6766524271895527, -0.7319215869366573], [-0.7356192956934547, -0.4932832767883689, 1.9360404876065755, -0.6754922749646057, -0.03164564016014605], [-0.8712621546166673, -0.7445901437682181, 1.817803675680413, -0.5262317250675579, 0.3242803477720301], [-0.7450961541923227, -0.5947629303356227, 1.8689416571475628, -0.7320189442529681, 0.20293637163335077], [-0.6519708323712455, -0.35771522583807075, 1.9798851376582682, -0.6402809248900639, -0.3299181545588882], [1.5705375173845355, -0.892781363398027, 0.6949015415798727, -0.7345695361049176, -0.6380881594614636], [-0.7978848411017413, -0.6045385740491559, 1.9481944182830835, -0.39622348035870525, -0.14954752277348138], [-0.8141548228980975, -0.6619369195887962, 1.6580709771917805, -0.8360168037209729, 0.654037569016086], [-0.8580541025868073, -0.9281565619484745, 1.843227331482771, -0.06823306044535611, 0.011216393497866788], [-0.5721397058359062, -0.28598742053324394, 1.98435029595121, -0.5066023554944805, -0.6196208140875797], [-0.5345501328804176, -0.5742942369621463, 1.996332444664971, -0.43979829828724704, -0.4476897765351602]]
totts	39.663330910096775
withinss	[0.037482135307236236, 0.0, 0.022725631123253008, 0.08224924362751462, 0.0, 0.06994281640139004, 0.0, 0.0844438168319041, 0.02466912340513497, 1.226865154193539, 0.06928168032614933, 0.0693085069291598, 0.0, 0.1770349758516925, 0.021001504068456866]
tot.withinss	1.8850045880654305
betweenss	37.77832632203135
size	[5, 1, 2, 7, 1, 7, 1, 4, 3, 4, 3, 3, 1, 14, 4]
=====クラスタ数16個のとき＝＝＝＝＝
cluster	[4, 16, 16, 15, 12, 7, 8, 6, 9, 1, 12, 8, 9, 2, 7, 9, 8, 1, 8, 1, 7, 8, 7, 13, 9, 7, 11, 2, 11, 1, 10, 9, 1, 3, 14, 7, 5, 9, 14, 7, 8, 8, 8, 8, 8, 10, 2, 7, 2, 2, 11, 14, 14, 10, 14, 5, 5, 3, 2, 3]
centers	[[-0.5280185745682071, -0.5503380258685759, 1.99694606465557, -0.4561381408102282, -0.46245132340855866], [-0.7224527134423192, -0.48822059981721894, 1.956442173407449, -0.6226196725457602, -0.1231491876021505], [-0.8141548228980975, -0.6619369195887962, 1.6580709771917805, -0.8360168037209729, 0.654037569016086], [1.8045031479067497, -1.0872252627943084, 0.21728350348563813, -0.6645051878594238, -0.27005620073865566], [-0.7562773670217023, -0.6849663208906405, 1.8385532629830472, -0.6820239448818154, 0.2847143698111106], [-0.20291677221436993, -0.34898526583171796, 1.960476052172298, -0.6766524271895527, -0.7319215869366573], [-0.5662236468917359, -0.2555571109886373, 1.9832862657093366, -0.5739917912154385, -0.5875137166135248], [-0.5851617137034382, -0.3419324592675188, 1.987713841676992, -0.4372645990288249, -0.6233550696772099], [-0.5904344545611487, -0.43388754603790086, 1.965691082145576, -0.2005123152078534, -0.7408567663386728], [-0.6269039218287488, -0.32932071593347223, 1.9850802913763645, -0.6268702311637232, -0.4019854224504204], [-0.8424744633892679, -0.7184346057350242, 1.9090531647675835, -0.24561758485009774, -0.10252651079319398], [-0.531819555653757, -0.61080457045791, 1.9698184695190477, -0.6485576765011927, -0.17863666690618807], [-0.5340274075270507, -0.6709575120211662, 1.9135982103052647, 0.06504179963470483, -0.7736550903917528], [-0.7632486046030006, -0.5199312582131204, 1.905324082542006, -0.7083679477724778, 0.08622372804659281], [1.3010137542037687, -0.9596789081451637, 1.076059961322008, -1.0433394096301158, -0.3740553977504978], [1.5883165837138118, -0.7621106413263179, 0.7431313507559224, -0.6152167734650655, -0.9541205196783504]]
totts	39.663330910096775
withinss	[0.04303813513265156, 0.05529459491174215, 0.0693085069291598, 0.0, 0.0971059463446772, 0.0, 0.04814391504588221, 0.0988977326449883, 0.06068031032300509, 0.01031102718007343, 0.17629447952153077, 0.022725631123253008, 0.0, 0.03821757040156445, 0.0, 0.11071190275300304]
tot.withinss	0.830729752311531
betweenss	38.83260115778524
size	[5, 6, 3, 1, 3, 1, 8, 10, 6, 3, 3, 2, 1, 5, 1, 2]
=====クラスタ数17個のとき＝＝＝＝＝
cluster	[14, 15, 15, 15, 11, 16, 4, 9, 6, 17, 11, 1, 6, 3, 16, 6, 4, 17, 1, 1, 16, 4, 16, 8, 6, 16, 10, 3, 7, 17, 5, 6, 17, 13, 12, 16, 2, 6, 12, 16, 1, 4, 4, 4, 4, 5, 3, 16, 3, 3, 10, 12, 12, 5, 12, 2, 2, 13, 3, 13]
centers	[[-0.5547276345217793, -0.40168435241346845, 1.9962506946426821, -0.49815623516068536, -0.5416824725467491], [-0.7562773670217023, -0.6849663208906405, 1.8385532629830472, -0.6820239448818154, 0.2847143698111106], [-0.7224527134423192, -0.48822059981721894, 1.956442173407449, -0.6226196725457602, -0.1231491876021505], [-0.5906569914666614, -0.3238714806450869, 1.984505168973879, -0.4145026515068087, -0.6554740453553222], [-0.6269039218287488, -0.32932071593347223, 1.9850802913763645, -0.6268702311637232, -0.4019854224504204], [-0.5904344545611487, -0.43388754603790086, 1.965691082145576, -0.2005123152078534, -0.7408567663386728], [-0.8580541025868073, -0.9281565619484745, 1.843227331482771, -0.06823306044535611, 0.011216393497866788], [-0.5340274075270507, -0.6709575120211662, 1.9135982103052647, 0.06504179963470483, -0.7736550903917528], [-0.20291677221436993, -0.34898526583171796, 1.960476052172298, -0.6766524271895527, -0.7319215869366573], [-0.8346846437904982, -0.613573627628299, 1.9419660814099897, -0.3343098470524686, -0.15939796293872438], [-0.531819555653757, -0.61080457045791, 1.9698184695190477, -0.6485576765011927, -0.17863666690618807], [-0.7632486046030006, -0.5199312582131204, 1.905324082542006, -0.7083679477724778, 0.08622372804659281], [-0.8141548228980975, -0.6619369195887962, 1.6580709771917805, -0.8360168037209729, 0.654037569016086], [1.8045031479067497, -1.0872252627943084, 0.21728350348563813, -0.6645051878594238, -0.27005620073865566], [1.492548973877131, -0.8279667302659331, 0.8541075542779509, -0.7579243188534157, -0.7607654790357329], [-0.5662236468917359, -0.2555571109886373, 1.9832862657093366, -0.5739917912154385, -0.5875137166135248], [-0.5345501328804176, -0.5742942369621463, 1.996332444664971, -0.43979829828724704, -0.4476897765351602]]
totts	39.663330910096775
withinss	[0.017322243875300163, 0.0971059463446772, 0.05529459491174215, 0.045585011721344035, 0.01031102718007343, 0.06068031032300509, 0.0, 0.0, 0.0, 0.03685180625449533, 0.022725631123253008, 0.03821757040156445, 0.0693085069291598, 0.0, 0.6121666580235566, 0.04814391504588221, 0.021001504068456866]
tot.withinss	1.1347147262025103
betweenss	38.528616183894265
size	[4, 3, 6, 7, 3, 6, 1, 1, 1, 2, 2, 5, 3, 1, 3, 8, 4]
=====クラスタ数18個のとき＝＝＝＝＝
cluster	[7, 7, 7, 7, 15, 13, 11, 13, 18, 2, 15, 12, 18, 17, 13, 18, 11, 2, 6, 12, 6, 6, 13, 18, 18, 13, 3, 17, 10, 2, 4, 18, 12, 16, 14, 6, 9, 11, 14, 6, 12, 6, 6, 11, 11, 4, 17, 6, 17, 17, 5, 14, 14, 4, 14, 9, 1, 8, 17, 16]
centers	[[-0.8712621546166673, -0.7445901437682181, 1.817803675680413, -0.5262317250675579, 0.3242803477720301], [-0.5320060389322291, -0.598031408831064, 1.9953440414538361, -0.43347448587082127, -0.43183210781972187], [-0.7910334032655765, -0.5993570893335636, 1.962470568026994, -0.293412203634389, -0.27866787179346497], [-0.6269039218287488, -0.32932071593347223, 1.9850802913763645, -0.6268702311637232, -0.4019854224504204], [-0.8783358843154199, -0.6277901659230344, 1.9214615947929856, -0.37520749047054813, -0.04012805408398379], [-0.5805410891054684, -0.30457314620523046, 1.9878259000031657, -0.5023712130132829, -0.6003404516791835], [1.5705375173845355, -0.892781363398027, 0.6949015415798727, -0.7345695361049176, -0.6380881594614636], [-0.8408177503739697, -0.6862322276554802, 1.5544610191712849, -0.8519734066526236, 0.8245623655107882], [-0.69878497322422, -0.6551544094518515, 1.8489280566343647, -0.7599200547889441, 0.2649313808306508], [-0.8580541025868073, -0.9281565619484745, 1.843227331482771, -0.06823306044535611, 0.011216393497866788], [-0.5663048023335125, -0.3603429650650969, 1.9838404700948373, -0.37505873784322563, -0.6821339648530024], [-0.5560303043596697, -0.43929771296371234, 1.9977558233413875, -0.4875255314701225, -0.5149022745478831], [-0.4887801029239537, -0.24363481900581632, 1.9747608235539318, -0.6190162725899266, -0.6233296290342352], [-0.7632486046030006, -0.5199312582131204, 1.905324082542006, -0.7083679477724778, 0.08622372804659281], [-0.531819555653757, -0.61080457045791, 1.9698184695190477, -0.6485576765011927, -0.17863666690618807], [-0.8008233591601615, -0.649789265555454, 1.7098759562020285, -0.8280385022551477, 0.568775170768735], [-0.7224527134423192, -0.48822059981721894, 1.956442173407449, -0.6226196725457602, -0.1231491876021505], [-0.5935262531251952, -0.4718300826105007, 1.9539517558462078, -0.13668086718331465, -0.7519145529271974]]
totts	39.663330910096775
withinss	[0.0, 0.010653196742541738, 0.0, 0.01031102718007343, 0.0, 0.04775952128548968, 1.226865154193539, 0.0, 0.032540352285651976, 0.0, 0.039265023786794286, 0.016055976617244807, 0.15167401773583056, 0.03821757040156445, 0.022725631123253008, 0.007254232189171497, 0.05529459491174215, 0.13871004877659274]
tot.withinss	1.7973263472294891
betweenss	37.86600456286729
size	[1, 3, 1, 3, 1, 8, 4, 1, 2, 1, 5, 4, 5, 5, 2, 2, 6, 6]
=====クラスタ数19個のとき＝＝＝＝＝
cluster	[2, 2, 2, 2, 5, 12, 7, 17, 18, 4, 5, 14, 18, 6, 12, 18, 7, 4, 16, 14, 16, 16, 13, 18, 18, 13, 8, 1, 19, 4, 6, 18, 14, 15, 9, 13, 10, 7, 9, 16, 14, 16, 16, 7, 7, 6, 1, 13, 1, 1, 8, 9, 9, 13, 9, 11, 3, 15, 1, 15]
centers	[[-0.7280383905768518, -0.5017076031565275, 1.9528449215773585, -0.622978520059003, -0.10012040778497608], [1.5705375173845355, -0.892781363398027, 0.6949015415798727, -0.7345695361049176, -0.6380881594614636], [-0.8712621546166673, -0.7445901437682181, 1.817803675680413, -0.5262317250675579, 0.3242803477720301], [-0.5320060389322291, -0.598031408831064, 1.9953440414538361, -0.43347448587082127, -0.43183210781972187], [-0.531819555653757, -0.61080457045791, 1.9698184695190477, -0.6485576765011927, -0.17863666690618807], [-0.6519708323712455, -0.35771522583807075, 1.9798851376582682, -0.6402809248900639, -0.3299181545588882], [-0.5663048023335125, -0.3603429650650969, 1.9838404700948373, -0.37505873784322563, -0.6821339648530024], [-0.8346846437904982, -0.613573627628299, 1.9419660814099897, -0.3343098470524686, -0.15939796293872438], [-0.7632486046030006, -0.5199312582131204, 1.905324082542006, -0.7083679477724778, 0.08622372804659281], [-0.6042223840832892, -0.7390585564692755, 1.8560492251044893, -0.7625083255798818, 0.24974004102795722], [-0.7933475623651507, -0.5712502624344276, 1.84180688816424, -0.7573317839980064, 0.2801227206333445], [-0.5668091236541896, -0.17145960669878008, 1.9717101931377585, -0.6073298378701644, -0.6261116249146248], [-0.5740382009067198, -0.29474181845916325, 1.9878454224354685, -0.5819841507447794, -0.5370812523248059], [-0.5560303043596697, -0.43929771296371234, 1.9977558233413875, -0.4875255314701225, -0.5149022745478831], [-0.8141548228980975, -0.6619369195887962, 1.6580709771917805, -0.8360168037209729, 0.654037569016086], [-0.5834711332582224, -0.30412462442545185, 1.987216943480336, -0.48223526070044037, -0.617385925096221], [-0.20291677221436993, -0.34898526583171796, 1.960476052172298, -0.6766524271895527, -0.7319215869366573], [-0.5935262531251952, -0.4718300826105007, 1.9539517558462078, -0.13668086718331465, -0.7519145529271974], [-0.8580541025868073, -0.9281565619484745, 1.843227331482771, -0.06823306044535611, 0.011216393497866788]]
totts	39.663330910096775
withinss	[0.03259981270392684, 1.226865154193539, 0.0, 0.010653196742541738, 0.022725631123253008, 0.02466912340513497, 0.039265023786794286, 0.03685180625449533, 0.03821757040156445, 0.0, 0.0, 0.0016452721381995622, 0.024580787683065614, 0.016055976617244807, 0.0693085069291598, 0.0259334510842619, 0.0, 0.13871004877659274, 0.0]
tot.withinss	1.7080813618397739
betweenss	37.955249548257
size	[5, 4, 1, 3, 2, 3, 5, 2, 5, 1, 1, 2, 5, 4, 3, 6, 1, 6, 1]
=====クラスタ数20個のとき＝＝＝＝＝
cluster	[18, 18, 18, 18, 1, 11, 17, 14, 4, 2, 1, 7, 4, 19, 11, 4, 12, 2, 17, 7, 9, 17, 9, 5, 4, 3, 10, 19, 20, 2, 16, 4, 7, 6, 13, 9, 15, 4, 13, 9, 7, 12, 17, 12, 12, 16, 19, 3, 19, 19, 8, 13, 13, 16, 13, 15, 15, 6, 19, 6]
centers	[[-0.531819555653757, -0.61080457045791, 1.9698184695190477, -0.6485576765011927, -0.17863666690618807], [-0.5320060389322291, -0.598031408831064, 1.9953440414538361, -0.43347448587082127, -0.43183210781972187], [-0.5911424348286883, -0.26827593477129535, 1.9853224599516794, -0.5914424110267898, -0.534461679324906], [-0.5904344545611487, -0.43388754603790086, 1.965691082145576, -0.2005123152078534, -0.7408567663386728], [-0.5340274075270507, -0.6709575120211662, 1.9135982103052647, 0.06504179963470483, -0.7736550903917528], [-0.8141548228980975, -0.6619369195887962, 1.6580709771917805, -0.8360168037209729, 0.654037569016086], [-0.5560303043596697, -0.43929771296371234, 1.9977558233413875, -0.4875255314701225, -0.5149022745478831], [-0.8783358843154199, -0.6277901659230344, 1.9214615947929856, -0.37520749047054813, -0.04012805408398379], [-0.5534715145420328, -0.29124645124223697, 1.9880562048739536, -0.5485974579823999, -0.5947407811072841], [-0.7910334032655765, -0.5993570893335636, 1.962470568026994, -0.293412203634389, -0.27866787179346497], [-0.5668091236541896, -0.17145960669878008, 1.9717101931377585, -0.6073298378701644, -0.6261116249146248], [-0.6171894993603384, -0.30588813911391083, 1.980633121119563, -0.3896830866549456, -0.6678723959903682], [-0.7632486046030006, -0.5199312582131204, 1.905324082542006, -0.7083679477724778, 0.08622372804659281], [-0.20291677221436993, -0.34898526583171796, 1.960476052172298, -0.6766524271895527, -0.7319215869366573], [-0.7562773670217023, -0.6849663208906405, 1.8385532629830472, -0.6820239448818154, 0.2847143698111106], [-0.6269039218287488, -0.32932071593347223, 1.9850802913763645, -0.6268702311637232, -0.4019854224504204], [-0.5507031695496745, -0.34904427180359576, 1.9905702094606141, -0.4610196910566635, -0.6298030770506805], [1.5705375173845355, -0.892781363398027, 0.6949015415798727, -0.7345695361049176, -0.6380881594614636], [-0.7224527134423192, -0.48822059981721894, 1.956442173407449, -0.6226196725457602, -0.1231491876021505], [-0.8580541025868073, -0.9281565619484745, 1.843227331482771, -0.06823306044535611, 0.011216393497866788]]
totts	39.663330910096775
withinss	[0.022725631123253008, 0.010653196742541738, 0.003239924701658194, 0.06068031032300509, 0.0, 0.0693085069291598, 0.016055976617244807, 0.0, 0.007206183498683073, 0.0, 0.0016452721381995622, 0.018782249608404446, 0.03821757040156445, 0.0, 0.0971059463446772, 0.01031102718007343, 0.013333140689916912, 1.226865154193539, 0.05529459491174215, 0.0]
tot.withinss	1.6514246854036627
betweenss	38.011906224693114
size	[2, 3, 2, 6, 1, 3, 4, 1, 4, 1, 2, 4, 5, 1, 3, 3, 4, 4, 6, 1]
=====クラスタ数21個のとき＝＝＝＝＝
cluster	[16, 16, 16, 16, 19, 14, 3, 13, 2, 17, 4, 21, 2, 8, 14, 2, 3, 17, 21, 21, 1, 12, 1, 5, 2, 1, 6, 8, 18, 17, 10, 2, 17, 7, 20, 1, 15, 3, 11, 1, 21, 9, 12, 12, 12, 10, 8, 1, 20, 8, 6, 11, 11, 10, 11, 15, 15, 7, 20, 7]
centers	[[-0.566028487970918, -0.28358961241858976, 1.9871449565665291, -0.5628791089971966, -0.5746477471798247], [-0.6054260222448242, -0.43200459672836766, 1.9620224649543967, -0.17702540054691857, -0.7475664454342864], [-0.5297032861111907, -0.39596536516574227, 1.9854548429627694, -0.36687941779228206, -0.6929067738935545], [-0.5861360417114239, -0.5913693992267044, 1.9572757107149332, -0.6829531557441144, -0.09681711403269054], [-0.5340274075270507, -0.6709575120211662, 1.9135982103052647, 0.06504179963470483, -0.7736550903917528], [-0.8346846437904982, -0.613573627628299, 1.9419660814099897, -0.3343098470524686, -0.15939796293872438], [-0.8141548228980975, -0.6619369195887962, 1.6580709771917805, -0.8360168037209729, 0.654037569016086], [-0.718300915728288, -0.49535122638753204, 1.962394941997387, -0.5968186765849081, -0.1519241232966586], [-0.6450112990474405, -0.2387518735299355, 1.977208629292819, -0.44724278105358173, -0.6462026756618613], [-0.6269039218287488, -0.32932071593347223, 1.9850802913763645, -0.6268702311637232, -0.4019854224504204], [-0.768220574202514, -0.5407582466617896, 1.9014930621501738, -0.697091697490296, 0.10457745620442588], [-0.6039885997570971, -0.3209386720185034, 1.9854992981843744, -0.41789610365744007, -0.6426759227513338], [-0.20291677221436993, -0.34898526583171796, 1.960476052172298, -0.6766524271895527, -0.7319215869366573], [-0.5668091236541896, -0.17145960669878008, 1.9717101931377585, -0.6073298378701644, -0.6261116249146248], [-0.7562773670217023, -0.6849663208906405, 1.8385532629830472, -0.6820239448818154, 0.2847143698111106], [1.5705375173845355, -0.892781363398027, 0.6949015415798727, -0.7345695361049176, -0.6380881594614636], [-0.5345501328804176, -0.5742942369621463, 1.996332444664971, -0.43979829828724704, -0.4476897765351602], [-0.8580541025868073, -0.9281565619484745, 1.843227331482771, -0.06823306044535611, 0.011216393497866788], [-0.47750306959609023, -0.6302397416891157, 1.9823612283231622, -0.6141621972582709, -0.2604562197796856], [-0.7349577813152365, -0.4615139992572097, 1.9365738121881602, -0.7006387592787111, -0.039463272337002704], [-0.5547276345217793, -0.40168435241346845, 1.9962506946426821, -0.49815623516068536, -0.5416824725467491]]
totts	39.663330910096775
withinss	[0.02034407664907685, 0.035528121152963395, 0.01762386096201728, 0.0, 0.0, 0.03685180625449533, 0.0693085069291598, 0.03361430657329794, 0.0, 0.01031102718007343, 0.019474094311561274, 0.009276727757875615, 0.0, 0.0016452721381995622, 0.0971059463446772, 1.226865154193539, 0.021001504068456866, 0.0, 0.0, 0.012215211760987303, 0.017322243875300163]
tot.withinss	1.628487860151681
betweenss	38.034843049945096
size	[6, 5, 3, 1, 1, 2, 3, 4, 1, 3, 4, 4, 1, 2, 3, 4, 4, 1, 1, 3, 4]
=====クラスタ数22個のとき＝＝＝＝＝
cluster	[16, 16, 16, 16, 17, 2, 10, 7, 13, 20, 17, 4, 13, 22, 2, 13, 10, 20, 11, 4, 11, 8, 11, 3, 5, 2, 15, 22, 21, 20, 9, 19, 4, 18, 12, 11, 6, 5, 12, 11, 4, 8, 8, 8, 8, 9, 22, 11, 22, 22, 15, 12, 12, 9, 12, 6, 1, 14, 22, 18]
centers	[[-0.8712621546166673, -0.7445901437682181, 1.817803675680413, -0.5262317250675579, 0.3242803477720301], [-0.5686105643181422, -0.1966967973079635, 1.9754506783666574, -0.6106887212912031, -0.599454595449349], [-0.5340274075270507, -0.6709575120211662, 1.9135982103052647, 0.06504179963470483, -0.7736550903917528], [-0.5560303043596697, -0.43929771296371234, 1.9977558233413875, -0.4875255314701225, -0.5149022745478831], [-0.5268585016407574, -0.4612337576411265, 1.979885111665136, -0.2771237731403781, -0.714669079242874], [-0.69878497322422, -0.6551544094518515, 1.8489280566343647, -0.7599200547889441, 0.2649313808306508], [-0.20291677221436993, -0.34898526583171796, 1.960476052172298, -0.6766524271895527, -0.7319215869366573], [-0.6121931396151657, -0.3045013123207898, 1.9838411644060634, -0.4237654391366684, -0.6433812733334393], [-0.6269039218287488, -0.32932071593347223, 1.9850802913763645, -0.6268702311637232, -0.4019854224504204], [-0.5368166210954002, -0.37229690145582994, 1.9861651803934188, -0.3913456824321593, -0.6857059754100294], [-0.560154869592147, -0.30116596252327094, 1.9888692050130456, -0.5435267860247791, -0.5840215868728483], [-0.7632486046030006, -0.5199312582131204, 1.905324082542006, -0.7083679477724778, 0.08622372804659281], [-0.6298164208303195, -0.4046488843682005, 1.9628578337839249, -0.18750411853282004, -0.7408884100525848], [-0.8408177503739697, -0.6862322276554802, 1.5544610191712849, -0.8519734066526236, 0.8245623655107882], [-0.8346846437904982, -0.613573627628299, 1.9419660814099897, -0.3343098470524686, -0.15939796293872438], [1.5705375173845355, -0.892781363398027, 0.6949015415798727, -0.7345695361049176, -0.6380881594614636], [-0.531819555653757, -0.61080457045791, 1.9698184695190477, -0.6485576765011927, -0.17863666690618807], [-0.8008233591601615, -0.649789265555454, 1.7098759562020285, -0.8280385022551477, 0.568775170768735], [-0.599440461594419, -0.4669111078405509, 1.9458027681914078, -0.0863139893679039, -0.793137209388534], [-0.5320060389322291, -0.598031408831064, 1.9953440414538361, -0.43347448587082127, -0.43183210781972187], [-0.8580541025868073, -0.9281565619484745, 1.843227331482771, -0.06823306044535611, 0.011216393497866788], [-0.7224527134423192, -0.48822059981721894, 1.956442173407449, -0.6226196725457602, -0.1231491876021505]]
totts	39.663330910096775
withinss	[0.0, 0.00990146129303748, 0.0, 0.016055976617244807, 0.004378012404833058, 0.032540352285651976, 0.0, 0.01678067364093236, 0.01031102718007343, 0.010053361607141814, 0.020533736283042066, 0.03821757040156445, 0.008118750504353745, 0.0, 0.03685180625449533, 1.226865154193539, 0.022725631123253008, 0.007254232189171497, 0.0, 0.010653196742541738, 0.0, 0.05529459491174215]
tot.withinss	1.5265355376326177
betweenss	38.13679537246416
size	[1, 3, 1, 4, 2, 2, 1, 5, 3, 2, 6, 5, 3, 1, 2, 4, 2, 2, 1, 3, 1, 6]
=====クラスタ数23個のとき＝＝＝＝＝
cluster	[3, 3, 3, 3, 10, 11, 15, 23, 12, 6, 7, 21, 12, 18, 11, 12, 1, 6, 9, 21, 9, 15, 9, 4, 1, 16, 19, 18, 17, 13, 2, 12, 13, 5, 8, 9, 22, 1, 20, 9, 21, 15, 15, 15, 15, 2, 18, 16, 8, 18, 19, 20, 20, 2, 20, 20, 14, 5, 8, 5]
centers	[[-0.5450165161138121, -0.43114982279323427, 1.9807520856432754, -0.2970272253358917, -0.7075585214003373], [-0.6269039218287488, -0.32932071593347223, 1.9850802913763645, -0.6268702311637232, -0.4019854224504204], [1.5705375173845355, -0.892781363398027, 0.6949015415798727, -0.7345695361049176, -0.6380881594614636], [-0.5340274075270507, -0.6709575120211662, 1.9135982103052647, 0.06504179963470483, -0.7736550903917528], [-0.8141548228980975, -0.6619369195887962, 1.6580709771917805, -0.8360168037209729, 0.654037569016086], [-0.5150578152159375, -0.6282738135307384, 1.9942137019706572, -0.4354496422962738, -0.41543243092770743], [-0.5861360417114239, -0.5913693992267044, 1.9572757107149332, -0.6829531557441144, -0.09681711403269054], [-0.7349577813152365, -0.4615139992572097, 1.9365738121881602, -0.7006387592787111, -0.039463272337002704], [-0.5501715587083106, -0.3035230168246731, 1.9891003917998737, -0.5391364764456752, -0.5962693398212151], [-0.47750306959609023, -0.6302397416891157, 1.9823612283231622, -0.6141621972582709, -0.2604562197796856], [-0.5668091236541896, -0.17145960669878008, 1.9717101931377585, -0.6073298378701644, -0.6261116249146248], [-0.6222224310213444, -0.42021444023628807, 1.9585940673857956, -0.162206586241591, -0.753950609886572], [-0.5540424505448978, -0.5203146603935541, 1.998451187359285, -0.44414695427822015, -0.4799471221426129], [-0.8712621546166673, -0.7445901437682181, 1.817803675680413, -0.5262317250675579, 0.3242803477720301], [-0.5922110658677845, -0.3160197352363598, 1.9848416915362666, -0.42744740513679025, -0.649163485295332], [-0.5911424348286883, -0.26827593477129535, 1.9853224599516794, -0.5914424110267898, -0.534461679324906], [-0.8580541025868073, -0.9281565619484745, 1.843227331482771, -0.06823306044535611, 0.011216393497866788], [-0.718300915728288, -0.49535122638753204, 1.962394941997387, -0.5968186765849081, -0.1519241232966586], [-0.8346846437904982, -0.613573627628299, 1.9419660814099897, -0.3343098470524686, -0.15939796293872438], [-0.7732459718350413, -0.5468566498163172, 1.889555827352987, -0.709139714791838, 0.1396865090902096], [-0.5606462675712318, -0.41803604349981877, 1.997241879689058, -0.4971107967813219, -0.5214487718366857], [-0.6042223840832892, -0.7390585564692755, 1.8560492251044893, -0.7625083255798818, 0.24974004102795722], [-0.20291677221436993, -0.34898526583171796, 1.960476052172298, -0.6766524271895527, -0.7319215869366573]]
totts	39.663330910096775
withinss	[0.014471306674107934, 0.01031102718007343, 1.226865154193539, 0.0, 0.0693085069291598, 0.001797354893115315, 0.0, 0.012215211760987303, 0.012296998713099425, 0.0, 0.0016452721381995622, 0.021663403933889568, 0.001773423736826793, 0.0, 0.03417915087226103, 0.003239924701658194, 0.0, 0.03361430657329794, 0.03685180625449533, 0.05112895496032819, 0.008755611249102653, 0.0, 0.0]
tot.withinss	1.5401174147641414
betweenss	38.123213495332635
size	[3, 3, 4, 1, 3, 2, 1, 3, 5, 1, 2, 4, 2, 1, 6, 2, 1, 4, 2, 5, 3, 1, 1]
=====クラスタ数24個のとき＝＝＝＝＝
cluster	[14, 14, 14, 14, 23, 11, 13, 4, 22, 15, 19, 21, 22, 6, 11, 22, 10, 15, 13, 21, 20, 13, 20, 8, 10, 20, 5, 6, 2, 7, 17, 12, 7, 16, 3, 20, 18, 10, 24, 20, 21, 9, 13, 9, 9, 17, 6, 20, 3, 6, 1, 24, 24, 17, 24, 18, 18, 16, 3, 16]
centers	[[-0.8783358843154199, -0.6277901659230344, 1.9214615947929856, -0.37520749047054813, -0.04012805408398379], [-0.8580541025868073, -0.9281565619484745, 1.843227331482771, -0.06823306044535611, 0.011216393497866788], [-0.7349577813152365, -0.4615139992572097, 1.9365738121881602, -0.7006387592787111, -0.039463272337002704], [-0.20291677221436993, -0.34898526583171796, 1.960476052172298, -0.6766524271895527, -0.7319215869366573], [-0.7910334032655765, -0.5993570893335636, 1.962470568026994, -0.293412203634389, -0.27866787179346497], [-0.718300915728288, -0.49535122638753204, 1.962394941997387, -0.5968186765849081, -0.1519241232966586], [-0.5540424505448978, -0.5203146603935541, 1.998451187359285, -0.44414695427822015, -0.4799471221426129], [-0.5340274075270507, -0.6709575120211662, 1.9135982103052647, 0.06504179963470483, -0.7736550903917528], [-0.6291418174604774, -0.2841902011193978, 1.9800154836262325, -0.4072994056309545, -0.659384059415403], [-0.5450165161138121, -0.43114982279323427, 1.9807520856432754, -0.2970272253358917, -0.7075585214003373], [-0.5668091236541896, -0.17145960669878008, 1.9717101931377585, -0.6073298378701644, -0.6261116249146248], [-0.599440461594419, -0.4669111078405509, 1.9458027681914078, -0.0863139893679039, -0.793137209388534], [-0.5507031695496745, -0.34904427180359576, 1.9905702094606141, -0.4610196910566635, -0.6298030770506805], [1.5705375173845355, -0.892781363398027, 0.6949015415798727, -0.7345695361049176, -0.6380881594614636], [-0.5150578152159375, -0.6282738135307384, 1.9942137019706572, -0.4354496422962738, -0.41543243092770743], [-0.8141548228980975, -0.6619369195887962, 1.6580709771917805, -0.8360168037209729, 0.654037569016086], [-0.6269039218287488, -0.32932071593347223, 1.9850802913763645, -0.6268702311637232, -0.4019854224504204], [-0.7562773670217023, -0.6849663208906405, 1.8385532629830472, -0.6820239448818154, 0.2847143698111106], [-0.5861360417114239, -0.5913693992267044, 1.9572757107149332, -0.6829531557441144, -0.09681711403269054], [-0.566028487970918, -0.28358961241858976, 1.9871449565665291, -0.5628791089971966, -0.5746477471798247], [-0.5606462675712318, -0.41803604349981877, 1.997241879689058, -0.4971107967813219, -0.5214487718366857], [-0.6298164208303195, -0.4046488843682005, 1.9628578337839249, -0.18750411853282004, -0.7408884100525848], [-0.47750306959609023, -0.6302397416891157, 1.9823612283231622, -0.6141621972582709, -0.2604562197796856], [-0.768220574202514, -0.5407582466617896, 1.9014930621501738, -0.697091697490296, 0.10457745620442588]]
totts	39.663330910096775
withinss	[0.0, 0.0, 0.012215211760987303, 0.0, 0.0, 0.03361430657329794, 0.001773423736826793, 0.0, 0.006825132216466135, 0.014471306674107934, 0.0016452721381995622, 0.0, 0.013333140689916912, 1.226865154193539, 0.001797354893115315, 0.0693085069291598, 0.01031102718007343, 0.0971059463446772, 0.0, 0.02034407664907685, 0.008755611249102653, 0.008118750504353745, 0.0, 0.019474094311561274]
tot.withinss	1.5459583160444619
betweenss	38.11737259405231
size	[1, 1, 3, 1, 1, 4, 2, 1, 3, 3, 2, 1, 4, 4, 2, 3, 3, 3, 1, 6, 3, 3, 1, 4]
=====クラスタ数25個のとき＝＝＝＝＝
cluster	[4, 19, 19, 19, 13, 21, 25, 12, 20, 22, 13, 1, 20, 11, 21, 20, 23, 22, 25, 1, 16, 25, 16, 5, 23, 15, 9, 14, 17, 22, 3, 7, 1, 6, 8, 16, 18, 23, 8, 16, 1, 24, 25, 24, 24, 3, 14, 15, 14, 14, 9, 8, 8, 3, 8, 18, 2, 10, 14, 6]
centers	[[-0.5560303043596697, -0.43929771296371234, 1.9977558233413875, -0.4875255314701225, -0.5149022745478831], [-0.8712621546166673, -0.7445901437682181, 1.817803675680413, -0.5262317250675579, 0.3242803477720301], [-0.6269039218287488, -0.32932071593347223, 1.9850802913763645, -0.6268702311637232, -0.4019854224504204], [1.8045031479067497, -1.0872252627943084, 0.21728350348563813, -0.6645051878594238, -0.27005620073865566], [-0.5340274075270507, -0.6709575120211662, 1.9135982103052647, 0.06504179963470483, -0.7736550903917528], [-0.8008233591601615, -0.649789265555454, 1.7098759562020285, -0.8280385022551477, 0.568775170768735], [-0.599440461594419, -0.4669111078405509, 1.9458027681914078, -0.0863139893679039, -0.793137209388534], [-0.7632486046030006, -0.5199312582131204, 1.905324082542006, -0.7083679477724778, 0.08622372804659281], [-0.8346846437904982, -0.613573627628299, 1.9419660814099897, -0.3343098470524686, -0.15939796293872438], [-0.8408177503739697, -0.6862322276554802, 1.5544610191712849, -0.8519734066526236, 0.8245623655107882], [-0.6945243277696564, -0.42078558312067615, 1.9744284325579016, -0.6208254349795463, -0.2382930866880226], [-0.20291677221436993, -0.34898526583171796, 1.960476052172298, -0.6766524271895527, -0.7319215869366573], [-0.531819555653757, -0.61080457045791, 1.9698184695190477, -0.6485576765011927, -0.17863666690618807], [-0.7280383905768518, -0.5017076031565275, 1.9528449215773585, -0.622978520059003, -0.10012040778497608], [-0.5911424348286883, -0.26827593477129535, 1.9853224599516794, -0.5914424110267898, -0.534461679324906], [-0.5534715145420328, -0.29124645124223697, 1.9880562048739536, -0.5485974579823999, -0.5947407811072841], [-0.8580541025868073, -0.9281565619484745, 1.843227331482771, -0.06823306044535611, 0.011216393497866788], [-0.69878497322422, -0.6551544094518515, 1.8489280566343647, -0.7599200547889441, 0.2649313808306508], [1.492548973877131, -0.8279667302659331, 0.8541075542779509, -0.7579243188534157, -0.7607654790357329], [-0.6298164208303195, -0.4046488843682005, 1.9628578337839249, -0.18750411853282004, -0.7408884100525848], [-0.5668091236541896, -0.17145960669878008, 1.9717101931377585, -0.6073298378701644, -0.6261116249146248], [-0.5320060389322291, -0.598031408831064, 1.9953440414538361, -0.43347448587082127, -0.43183210781972187], [-0.5450165161138121, -0.43114982279323427, 1.9807520856432754, -0.2970272253358917, -0.7075585214003373], [-0.6291418174604774, -0.2841902011193978, 1.9800154836262325, -0.4072994056309545, -0.659384059415403], [-0.5507031695496745, -0.34904427180359576, 1.9905702094606141, -0.4610196910566635, -0.6298030770506805]]
totts	39.663330910096775
withinss	[0.016055976617244807, 0.0, 0.01031102718007343, 0.0, 0.0, 0.007254232189171497, 0.0, 0.03821757040156445, 0.03685180625449533, 0.0, 0.0, 0.0, 0.022725631123253008, 0.03259981270392684, 0.003239924701658194, 0.007206183498683073, 0.0, 0.032540352285651976, 0.6121666580235566, 0.008118750504353745, 0.0016452721381995622, 0.010653196742541738, 0.014471306674107934, 0.006825132216466135, 0.013333140689916912]
tot.withinss	0.8742159739448653
betweenss	38.78911493615191
size	[4, 1, 3, 1, 1, 2, 1, 5, 2, 1, 1, 1, 2, 5, 2, 4, 1, 2, 3, 3, 2, 3, 3, 3, 4]
=====クラスタ数26個のとき＝＝＝＝＝
cluster	[8, 8, 8, 8, 20, 15, 23, 3, 14, 24, 20, 18, 14, 13, 15, 14, 10, 24, 23, 18, 9, 23, 9, 17, 12, 16, 7, 5, 4, 21, 1, 14, 21, 11, 2, 9, 25, 19, 2, 9, 18, 26, 23, 26, 26, 1, 5, 16, 5, 5, 22, 2, 2, 1, 2, 25, 6, 11, 5, 11]
centers	[[-0.6269039218287488, -0.32932071593347223, 1.9850802913763645, -0.6268702311637232, -0.4019854224504204], [-0.7632486046030006, -0.5199312582131204, 1.905324082542006, -0.7083679477724778, 0.08622372804659281], [-0.20291677221436993, -0.34898526583171796, 1.960476052172298, -0.6766524271895527, -0.7319215869366573], [-0.8580541025868073, -0.9281565619484745, 1.843227331482771, -0.06823306044535611, 0.011216393497866788], [-0.7280383905768518, -0.5017076031565275, 1.9528449215773585, -0.622978520059003, -0.10012040778497608], [-0.8712621546166673, -0.7445901437682181, 1.817803675680413, -0.5262317250675579, 0.3242803477720301], [-0.7910334032655765, -0.5993570893335636, 1.962470568026994, -0.293412203634389, -0.27866787179346497], [1.5705375173845355, -0.892781363398027, 0.6949015415798727, -0.7345695361049176, -0.6380881594614636], [-0.5534715145420328, -0.29124645124223697, 1.9880562048739536, -0.5485974579823999, -0.5947407811072841], [-0.5813325450599216, -0.37098195309745, 1.9824860335995542, -0.3368341297269189, -0.6933374057152637], [-0.8141548228980975, -0.6619369195887962, 1.6580709771917805, -0.8360168037209729, 0.654037569016086], [-0.5382403871387431, -0.47916522269668593, 1.975736055228801, -0.2363006577682287, -0.7220297876251432], [-0.6945243277696564, -0.42078558312067615, 1.9744284325579016, -0.6208254349795463, -0.2382930866880226], [-0.6222224310213444, -0.42021444023628807, 1.9585940673857956, -0.162206586241591, -0.753950609886572], [-0.5668091236541896, -0.17145960669878008, 1.9717101931377585, -0.6073298378701644, -0.6261116249146248], [-0.5911424348286883, -0.26827593477129535, 1.9853224599516794, -0.5914424110267898, -0.534461679324906], [-0.5340274075270507, -0.6709575120211662, 1.9135982103052647, 0.06504179963470483, -0.7736550903917528], [-0.5606462675712318, -0.41803604349981877, 1.997241879689058, -0.4971107967813219, -0.5214487718366857], [-0.5154766161427716, -0.443302292585567, 1.9840341681014708, -0.3179468885125275, -0.7073083708606048], [-0.531819555653757, -0.61080457045791, 1.9698184695190477, -0.6485576765011927, -0.17863666690618807], [-0.5540424505448978, -0.5203146603935541, 1.998451187359285, -0.44414695427822015, -0.4799471221426129], [-0.8783358843154199, -0.6277901659230344, 1.9214615947929856, -0.37520749047054813, -0.04012805408398379], [-0.5507031695496745, -0.34904427180359576, 1.9905702094606141, -0.4610196910566635, -0.6298030770506805], [-0.5150578152159375, -0.6282738135307384, 1.9942137019706572, -0.4354496422962738, -0.41543243092770743], [-0.69878497322422, -0.6551544094518515, 1.8489280566343647, -0.7599200547889441, 0.2649313808306508], [-0.6291418174604774, -0.2841902011193978, 1.9800154836262325, -0.4072994056309545, -0.659384059415403]]
totts	39.663330910096775
withinss	[0.01031102718007343, 0.03821757040156445, 0.0, 0.0, 0.03259981270392684, 0.0, 0.0, 1.226865154193539, 0.007206183498683073, 0.0, 0.0693085069291598, 0.0, 0.0, 0.021663403933889568, 0.0016452721381995622, 0.003239924701658194, 0.0, 0.008755611249102653, 0.0, 0.022725631123253008, 0.001773423736826793, 0.0, 0.013333140689916912, 0.001797354893115315, 0.032540352285651976, 0.006825132216466135]
tot.withinss	1.4988075018750266
betweenss	38.16452340822175
size	[3, 5, 1, 1, 5, 1, 1, 4, 4, 1, 3, 1, 1, 4, 2, 2, 1, 3, 1, 2, 2, 1, 4, 2, 2, 3]
=====クラスタ数27個のとき＝＝＝＝＝
cluster	[24, 20, 20, 20, 3, 4, 1, 8, 14, 25, 6, 19, 14, 23, 5, 14, 11, 25, 1, 19, 27, 1, 21, 17, 11, 21, 9, 23, 26, 25, 12, 14, 19, 15, 13, 27, 18, 11, 16, 27, 19, 10, 1, 10, 10, 12, 23, 22, 13, 23, 9, 16, 16, 22, 16, 16, 7, 2, 13, 15]
centers	[[-0.5507031695496745, -0.34904427180359576, 1.9905702094606141, -0.4610196910566635, -0.6298030770506805], [-0.8408177503739697, -0.6862322276554802, 1.5544610191712849, -0.8519734066526236, 0.8245623655107882], [-0.47750306959609023, -0.6302397416891157, 1.9823612283231622, -0.6141621972582709, -0.2604562197796856], [-0.5460166240602609, -0.17120001756249364, 1.9713327466071753, -0.6270580524922105, -0.6270580524922105], [-0.5876016232481183, -0.17171919583506653, 1.972087639668342, -0.5876016232481183, -0.625165197337039], [-0.5861360417114239, -0.5913693992267044, 1.9572757107149332, -0.6829531557441144, -0.09681711403269054], [-0.8712621546166673, -0.7445901437682181, 1.817803675680413, -0.5262317250675579, 0.3242803477720301], [-0.20291677221436993, -0.34898526583171796, 1.960476052172298, -0.6766524271895527, -0.7319215869366573], [-0.8346846437904982, -0.613573627628299, 1.9419660814099897, -0.3343098470524686, -0.15939796293872438], [-0.6291418174604774, -0.2841902011193978, 1.9800154836262325, -0.4072994056309545, -0.659384059415403], [-0.5450165161138121, -0.43114982279323427, 1.9807520856432754, -0.2970272253358917, -0.7075585214003373], [-0.6306940846720401, -0.3261800471967681, 1.9826134902084518, -0.6500086698453229, -0.375730688494321], [-0.7349577813152365, -0.4615139992572097, 1.9365738121881602, -0.7006387592787111, -0.039463272337002704], [-0.6222224310213444, -0.42021444023628807, 1.9585940673857956, -0.162206586241591, -0.753950609886572], [-0.8008233591601615, -0.649789265555454, 1.7098759562020285, -0.8280385022551477, 0.568775170768735], [-0.7732459718350413, -0.5468566498163172, 1.889555827352987, -0.709139714791838, 0.1396865090902096], [-0.5340274075270507, -0.6709575120211662, 1.9135982103052647, 0.06504179963470483, -0.7736550903917528], [-0.6042223840832892, -0.7390585564692755, 1.8560492251044893, -0.7625083255798818, 0.24974004102795722], [-0.5560303043596697, -0.43929771296371234, 1.9977558233413875, -0.4875255314701225, -0.5149022745478831], [1.492548973877131, -0.8279667302659331, 0.8541075542779509, -0.7579243188534157, -0.7607654790357329], [-0.5536827475485095, -0.2631348078999018, 1.9849538396609216, -0.601884630009876, -0.5662516542026343], [-0.6146975100767478, -0.31249137221157053, 1.9888635823955467, -0.5730358438604115, -0.488638856246817], [-0.718300915728288, -0.49535122638753204, 1.962394941997387, -0.5968186765849081, -0.1519241232966586], [1.8045031479067497, -1.0872252627943084, 0.21728350348563813, -0.6645051878594238, -0.27005620073865566], [-0.5320060389322291, -0.598031408831064, 1.9953440414538361, -0.43347448587082127, -0.43183210781972187], [-0.8580541025868073, -0.9281565619484745, 1.843227331482771, -0.06823306044535611, 0.011216393497866788], [-0.5595780029057198, -0.2952957892318248, 1.9884162629994755, -0.536009020014376, -0.597533450847555]]
totts	39.663330910096775
withinss	[0.013333140689916912, 0.0, 0.0, 0.0, 0.0, 0.0, 0.0, 0.0, 0.03685180625449533, 0.006825132216466135, 0.014471306674107934, 0.0027809513267408274, 0.012215211760987303, 0.021663403933889568, 0.007254232189171497, 0.05112895496032819, 0.0, 0.0, 0.016055976617244807, 0.6121666580235566, 0.0024953972492683567, 0.0035595076730345404, 0.03361430657329794, 0.0, 0.010653196742541738, 0.0, 0.004565178439924745]
tot.withinss	0.8496343613249725
betweenss	38.8136965487718
size	[4, 1, 1, 1, 1, 1, 1, 1, 2, 3, 3, 2, 3, 4, 2, 5, 1, 1, 4, 3, 2, 2, 4, 1, 3, 1, 3]
=====クラスタ数28個のとき＝＝＝＝＝
cluster	[6, 6, 6, 6, 20, 17, 11, 23, 21, 16, 20, 22, 21, 25, 17, 21, 5, 16, 11, 9, 4, 11, 26, 28, 12, 26, 18, 8, 27, 7, 15, 24, 7, 2, 13, 4, 3, 12, 13, 4, 22, 10, 11, 14, 14, 15, 25, 19, 25, 25, 1, 13, 13, 19, 13, 3, 3, 2, 25, 2]
centers	[[-0.8783358843154199, -0.6277901659230344, 1.9214615947929856, -0.37520749047054813, -0.04012805408398379], [-0.8141548228980975, -0.6619369195887962, 1.6580709771917805, -0.8360168037209729, 0.654037569016086], [-0.7562773670217023, -0.6849663208906405, 1.8385532629830472, -0.6820239448818154, 0.2847143698111106], [-0.5595780029057198, -0.2952957892318248, 1.9884162629994755, -0.536009020014376, -0.597533450847555], [-0.5813325450599216, -0.37098195309745, 1.9824860335995542, -0.3368341297269189, -0.6933374057152637], [1.5705375173845355, -0.892781363398027, 0.6949015415798727, -0.7345695361049176, -0.6380881594614636], [-0.5540424505448978, -0.5203146603935541, 1.998451187359285, -0.44414695427822015, -0.4799471221426129], [-0.7242852357242276, -0.5864684668908694, 1.960651092029271, -0.5200507469711786, -0.1298466424429954], [-0.5018923413193651, -0.45451318149429487, 1.9994005446179657, -0.5214975109021529, -0.5214975109021529], [-0.6450112990474405, -0.2387518735299355, 1.977208629292819, -0.44724278105358173, -0.6462026756618613], [-0.5507031695496745, -0.34904427180359576, 1.9905702094606141, -0.4610196910566635, -0.6298030770506805], [-0.5268585016407574, -0.4612337576411265, 1.979885111665136, -0.2771237731403781, -0.714669079242874], [-0.7632486046030006, -0.5199312582131204, 1.905324082542006, -0.7083679477724778, 0.08622372804659281], [-0.6212070766669957, -0.3069093649141289, 1.9814189107929394, -0.38732771791964093, -0.6659747512921739], [-0.6306940846720401, -0.3261800471967681, 1.9826134902084518, -0.6500086698453229, -0.375730688494321], [-0.5150578152159375, -0.6282738135307384, 1.9942137019706572, -0.4354496422962738, -0.41543243092770743], [-0.5668091236541896, -0.17145960669878008, 1.9717101931377585, -0.6073298378701644, -0.6261116249146248], [-0.7910334032655765, -0.5993570893335636, 1.962470568026994, -0.293412203634389, -0.27866787179346497], [-0.6146975100767478, -0.31249137221157053, 1.9888635823955467, -0.5730358438604115, -0.488638856246817], [-0.531819555653757, -0.61080457045791, 1.9698184695190477, -0.6485576765011927, -0.17863666690618807], [-0.6298164208303195, -0.4046488843682005, 1.9628578337839249, -0.18750411853282004, -0.7408884100525848], [-0.5900232306971651, -0.39979747450258074, 1.9961625472246043, -0.4849174397209064, -0.521424402303952], [-0.20291677221436993, -0.34898526583171796, 1.960476052172298, -0.6766524271895527, -0.7319215869366573], [-0.599440461594419, -0.4669111078405509, 1.9458027681914078, -0.0863139893679039, -0.793137209388534], [-0.7220862089859376, -0.4685710264024888, 1.9556003896830845, -0.6431334576606764, -0.12180969663398153], [-0.5536827475485095, -0.2631348078999018, 1.9849538396609216, -0.601884630009876, -0.5662516542026343], [-0.8580541025868073, -0.9281565619484745, 1.843227331482771, -0.06823306044535611, 0.011216393497866788], [-0.5340274075270507, -0.6709575120211662, 1.9135982103052647, 0.06504179963470483, -0.7736550903917528]]
totts	39.663330910096775
withinss	[0.0, 0.0693085069291598, 0.0971059463446772, 0.004565178439924745, 0.0, 1.226865154193539, 0.001773423736826793, 0.0, 0.0, 0.0, 0.013333140689916912, 0.004378012404833058, 0.03821757040156445, 0.0006847583029266448, 0.0027809513267408274, 0.001797354893115315, 0.0016452721381995622, 0.0, 0.0035595076730345404, 0.022725631123253008, 0.008118750504353745, 0.0006826420266114847, 0.0, 0.0, 0.031007846615818492, 0.0024953972492683567, 0.0, 0.0]
tot.withinss	1.5310450449937638
betweenss	38.132285865103015
size	[1, 3, 3, 3, 1, 4, 2, 1, 1, 1, 4, 2, 5, 2, 2, 2, 2, 1, 2, 2, 3, 2, 1, 1, 5, 2, 1, 1]
=====クラスタ数29個のとき＝＝＝＝＝
cluster	[25, 17, 17, 28, 3, 1, 19, 8, 14, 11, 3, 27, 14, 29, 1, 9, 2, 11, 19, 27, 23, 19, 23, 10, 6, 23, 7, 15, 13, 20, 22, 12, 20, 16, 24, 23, 18, 6, 24, 23, 27, 4, 19, 2, 2, 22, 5, 21, 5, 5, 26, 24, 24, 21, 24, 18, 18, 16, 5, 16]
centers	[[-0.5668091236541896, -0.17145960669878008, 1.9717101931377585, -0.6073298378701644, -0.6261116249146248], [-0.6079155661313044, -0.32826689430856926, 1.9817746183951443, -0.3704965218554002, -0.6750956360998704], [-0.531819555653757, -0.61080457045791, 1.9698184695190477, -0.6485576765011927, -0.17863666690618807], [-0.6450112990474405, -0.2387518735299355, 1.977208629292819, -0.44724278105358173, -0.6462026756618613], [-0.7289766792900079, -0.480517387222942, 1.95089337896438, -0.648710463330959, -0.09268884912047126], [-0.5268585016407574, -0.4612337576411265, 1.979885111665136, -0.2771237731403781, -0.714669079242874], [-0.7910334032655765, -0.5993570893335636, 1.962470568026994, -0.293412203634389, -0.27866787179346497], [-0.20291677221436993, -0.34898526583171796, 1.960476052172298, -0.6766524271895527, -0.7319215869366573], [-0.6658245357955233, -0.43077120543543224, 1.9581381521018197, -0.14295080091287174, -0.7185916099579926], [-0.5340274075270507, -0.6709575120211662, 1.9135982103052647, 0.06504179963470483, -0.7736550903917528], [-0.5150578152159375, -0.6282738135307384, 1.9942137019706572, -0.4354496422962738, -0.41543243092770743], [-0.599440461594419, -0.4669111078405509, 1.9458027681914078, -0.0863139893679039, -0.793137209388534], [-0.8580541025868073, -0.9281565619484745, 1.843227331482771, -0.06823306044535611, 0.011216393497866788], [-0.6118123633477177, -0.3915877238345846, 1.9652176746249772, -0.2097807773427942, -0.7520368100998808], [-0.7242852357242276, -0.5864684668908694, 1.960651092029271, -0.5200507469711786, -0.1298466424429954], [-0.8141548228980975, -0.6619369195887962, 1.6580709771917805, -0.8360168037209729, 0.654037569016086], [1.5883165837138118, -0.7621106413263179, 0.7431313507559224, -0.6152167734650655, -0.9541205196783504], [-0.7562773670217023, -0.6849663208906405, 1.8385532629830472, -0.6820239448818154, 0.2847143698111106], [-0.5507031695496745, -0.34904427180359576, 1.9905702094606141, -0.4610196910566635, -0.6298030770506805], [-0.5540424505448978, -0.5203146603935541, 1.998451187359285, -0.44414695427822015, -0.4799471221426129], [-0.6146975100767478, -0.31249137221157053, 1.9888635823955467, -0.5730358438604115, -0.488638856246817], [-0.6306940846720401, -0.3261800471967681, 1.9826134902084518, -0.6500086698453229, -0.375730688494321], [-0.5572199007628357, -0.2824313966990556, 1.9870312936640542, -0.5623592640125761, -0.5850207321895867], [-0.7632486046030006, -0.5199312582131204, 1.905324082542006, -0.7083679477724778, 0.08622372804659281], [1.8045031479067497, -1.0872252627943084, 0.21728350348563813, -0.6645051878594238, -0.27005620073865566], [-0.8783358843154199, -0.6277901659230344, 1.9214615947929856, -0.37520749047054813, -0.04012805408398379], [-0.5606462675712318, -0.41803604349981877, 1.997241879689058, -0.4971107967813219, -0.5214487718366857], [1.3010137542037687, -0.9596789081451637, 1.076059961322008, -1.0433394096301158, -0.3740553977504978], [-0.6945243277696564, -0.42078558312067615, 1.9744284325579016, -0.6208254349795463, -0.2382930866880226]]
totts	39.663330910096775
withinss	[0.0016452721381995622, 0.006681245559014006, 0.022725631123253008, 0.0, 0.009178310217394278, 0.004378012404833058, 0.0, 0.0, 0.0, 0.0, 0.001797354893115315, 0.0, 0.0, 0.0013936793015495471, 0.0, 0.0693085069291598, 0.11071190275300304, 0.0971059463446772, 0.013333140689916912, 0.001773423736826793, 0.0035595076730345404, 0.0027809513267408274, 0.014739637199130417, 0.03821757040156445, 0.0, 0.0, 0.008755611249102653, 0.0, 0.0]
tot.withinss	0.4080857039405154
betweenss	39.25524520615626
size	[2, 3, 2, 1, 4, 2, 1, 1, 1, 1, 2, 1, 1, 2, 1, 3, 2, 3, 4, 2, 2, 2, 5, 5, 1, 1, 3, 1, 1]
##########################クラスタ数3個の時の平均##########################
cl[1] = [-0.5714816934658159, -0.3590061062664675, 1.9807986140961884, 1.3227853029722447, 0.9796247326645133]
cl[2] = [1.5705375173845355, -0.5792699163623335, 1.8392811229992099, 1.1251104400144876, 0.49385660369178536]
cl[3] = [-0.7626451354880165, -0.5578560853233414, 1.844711615750284, -0.03318084942879877, 1.9999829376893627]
##########################クラスタ数3個の時の標準偏差##########################
cl[1] = [0.0860387147673493, 0.11070515909948475, 0.023391567341354197, 0.8683123155858593, 1.2056716445633437]
cl[2] = [0.19304204507375136, 0.2584176413705584, 0.1555164249243208, 0.8989052784126595, 1.506447746068997]
cl[3] = [0.07652804426905946, 0.10146293072279752, 0.1039598470448838, 0.4234402041625487, 2.5687843208782494e-05]
##########################異常データ(標準化)##########################
[0.9675313489939612, -0.4150698079878169, 1.9725288032486847, 0.4025924394260558, 1.999999982717943]
[0.608267754286394, -0.5704455022456394, 1.8364331566315384, -0.2989089593955068, 1.9999955577698292]
[0.04273585096687362, -0.3182460080565988, 1.9737771798033048, -0.047395977332622345, 1.999985259771366]
[0.07485803011889057, -0.3302226973037008, 1.9480543151771927, -0.43879950525626366, 1.9999919240971307]
[0.28596890174853534, -0.395029618795184, 1.926236701436247, -0.4618853464016958, 1.9999909134231586]

[-0.7166732802654017, -0.3168389104931779, 1.9741967535656004, -0.051212480395675504, 1.9999877914483215]
[-0.6921319190894386, -0.33800715679175936, 1.9696081177628104, -0.15876706396375911, 1.9999750730327799]
[-0.5479079390248106, -0.28974515966928216, 1.999476118092895, 0.9461977374518233, 1.9983689806293794]
[-0.6515066846824185, -0.4687516378638775, 1.9700634639925882, -0.10321774084081083, 1.9999893635755566]
[-0.7172580601979227, -0.3627646271773935, 1.951015546593883, -0.23197402303787434, 1.9999921574651396]

[-0.7208617133590489, -0.4190043432836097, 1.9517041115472853, -0.2635134662819638, 1.9999887457597612]
[-0.9113681191505935, -0.7150003349425195, 1.6733261363922443, 0.025637045314826967, 1.999998999821178]
[-0.7674273054249363, -0.41679504366974557, 1.9502856056263171, 0.17838560206232426, 1.9999937811628556]
[-0.7701390509374711, -0.4375463797724564, 1.9278313147144686, -0.20385986869055484, 1.9999973420721873]
[-0.8367005670474956, 0.7332148152110924, 1.9960851958872896, -0.33721482662960256, 1.999998403493804]

[-0.8883137296383822, 0.7835471162651494, 1.9865851250425939, -0.27132382073306244, 1.999999318148646]
[-0.7762336524438481, -0.6361078572300242, 1.8161626003714986, -0.39402102911059284, 1.9999984999217957]
[-0.6953812818817673, -0.4828774536954016, 1.947011003888682, -0.35107408259582457, 1.9999925260157203]
[-0.6838553750405536, -0.39426454084299317, 1.9726436422177256, -0.3121944509954558, 1.9999890491961176]
[-0.7445542828030288, -0.5340299896400224, 1.8921747012793735, -0.4363799820502109, 1.999996300049482]

[-0.641786157139049, -0.47958705204088353, 1.9644222065412311, -0.391200099790126, 1.999987589706728]
[-0.7031870161336593, -0.618437968047625, 1.9144797243950573, -0.3383812709873453, 1.9999787886379226]
[-0.6557095778112102, -0.3938389597555386, 1.978907328915655, -0.16369592621839774, 1.9999814807977998]
[-0.6711849956314, -0.32482313941662866, 1.9809269995334553, -0.3791607746245663, 1.9999881987270687]
[-0.7819309402062325, -0.43189647878065274, 1.9181968564619085, -0.25034508739831474, 1.9999859480987952]

[-0.7337882565352997, -0.37598811952612726, 1.9209885610880897, -0.4694496652519854, 1.99999206984657]
[-0.7582090227122862, -0.4084230224582757, 1.9177078247439772, -0.44248545858161603, 1.999992036486028]
[-0.8120330871860727, -0.6364092921621969, 1.6788176268732697, -0.5001350179444659, 1.9999954055976255]
[-0.7907957351849715, -0.4876345364940013, 1.8458882156886762, -0.4818442387650895, 1.9999968098171126]
[-0.8327660546257941, -0.5991124845405426, 1.784268862303605, -0.2995479978295827, 1.9999973963449305]

##########################逸脱度##########################
3.541332601992183
5.325279143880718
7.37530371653234
7.955644006993325
7.015536925783987

2.5085033564819126
2.4204766784097425
1.4163683829203177
2.1033549153276323
2.3331682491938865

1.8913199954045428
3.050167684440758
1.84279166467332
1.5911505409468547
10.565930644057147

11.145616155901942
1.3397563310541956
1.7291249620711588
2.380066687114202
1.2234120717184007

2.272184257582329
1.398615703362752
2.170432639710304
2.4487355540726923
1.543074460658391

2.2541786869974327
1.9301014969127015
2.2391882128046605
1.424338744460589
1.433685224074217

##############################################################
タイムスロット0 = [17.949416845157824, 3.541332601992183, 22.718519151216043]
タイムスロット1 = [15.295638668933067, 5.325279143880718, 17.93218879402102]
タイムスロット2 = [7.37530371653234, 8.191828670167478, 10.857351108856143]
タイムスロット3 = [7.955644006993325, 8.091671385728715, 11.261748422000183]
タイムスロット4 = [10.478827953036571, 7.015536925783987, 13.85879225362001]
タイムスロット5 = [2.5085033564819126, 12.036488281024281, 2.755421930008599]
タイムスロット6 = [2.4204766784097425, 11.91629765454346, 2.677500119576545]
タイムスロット7 = [1.4163683829203177, 11.12574808294486, 63.007787329630595]
タイムスロット8 = [2.339173365810347, 11.672727593815576, 2.1033549153276323]
タイムスロット9 = [2.9009131272932143, 12.039510137278489, 2.3331682491938865]
タイムスロット10 = [2.984769732140082, 12.04943443182993, 1.8913199954045428]
タイムスロット11 = [14.20120888821303, 13.007994230781177, 3.050167684440758]
タイムスロット12 = [3.1006330998692837, 12.234950305032363, 1.84279166467332]
タイムスロット13 = [3.8430849760158754, 12.281335823406186, 1.5911505409468547]
タイムスロット14 = [10.565930644057147, 13.636698789643482, 12.878236375380471]
タイムスロット15 = [11.145616155901942, 13.941413714959404, 13.41889612308217]
タイムスロット16 = [8.12965055112451, 12.317206994705542, 1.3397563310541956]
タイムスロット17 = [3.137586695202936, 11.920360759495066, 1.7291249620711588]
タイムスロット18 = [2.48807588431066, 11.882155668362707, 2.380066687114202]
タイムスロット19 = [5.071589704489993, 12.16502594219594, 1.2234120717184007]
タイムスロット20 = [2.637579198516161, 11.661057597278111, 2.272184257582329]
タイムスロット21 = [4.499923071383355, 11.943093430347838, 1.398615703362752]
タイムスロット22 = [2.170432639710304, 11.72064515878724, 2.515987185128543]
タイムスロット23 = [2.4487355540726923, 11.851238820298452, 3.021527970191828]
タイムスロット24 = [4.19251717326888, 12.346237621830932, 1.543074460658391]
タイムスロット25 = [3.885415963385072, 12.146232736033067, 2.2541786869974327]
タイムスロット26 = [4.127140492924328, 12.257983942027915, 1.9301014969127015]
タイムスロット27 = [13.633888068147092, 12.55837898779206, 2.2391882128046605]
タイムスロット28 = [6.793156125172401, 12.407667214979877, 1.424338744460589]
タイムスロット29 = [9.419265485962972, 12.595076612884776, 1.433685224074217]
