##########################通常データ(標準化)##########################
[1.8045031479067497, -1.0052452387751818, 1.5814544307658003, 0.5483480869906026, 1.9999838997356294]
[1.4857354960778246, -0.4612090349582455, 1.9200749850204564, 1.9997634518307756, -0.96813341790942]
[1.6908976713497987, -0.31504096110107815, 1.991314743767119, 1.9984372546654878, -1.0564022935917419]
[1.3010137542037687, -0.5355844306148289, 1.8642803324434636, -0.04610703342891565, 1.9999782265326738]
[-0.47750306959609023, -0.5641345700970791, 1.9726568989634272, -0.019903747644868856, 1.9999015657073866]

[-0.5460166240602609, -0.1529599175612235, 1.9999990535885197, -0.29153783092419316, -0.22021659458110926]
[-0.49230069713087876, -0.3289893256682083, 1.9925348456531498, 1.9975169085061912, -0.5644726376828058]
[-0.20291677221436993, -0.23299795116846428, 1.9995926975987428, 1.9769018786900305, -0.6754793838167756]
[-0.5957270737877876, -0.34835205193057667, 1.9561087917090731, 1.9992791885050534, -0.5287832906627133]
[-0.5160257931467631, -0.5273326512953338, 1.94797707066038, 1.1662509448700658, 1.999910697283138]

[-0.5861360417114239, -0.4919352572377138, 1.916897792298714, 0.1327243402416185, 1.9999526840462503]
[-0.5794170853089015, -0.37287985497130854, 1.9945188894107744, 1.518821193853968, 1.9920897737655656]
[-0.6278976529076478, -0.3492373184342559, 1.9579221225268741, 1.9894891333594142, 1.9775024857016377]
[-0.6945243277696564, -0.3933565883221599, 1.9618002309112375, 0.140376277325947, 1.9999480610929332]
[-0.5876016232481183, -0.16312265332274548, 1.9997952141346425, 1.9739568423595066, -0.5793407644966934]

[-0.6658245357955233, -0.4163840251203759, 1.9530399824744276, 1.9996305790866105, -0.492944820439304]
[-0.5813325450599216, -0.3436000384654449, 1.9823898847795867, 1.9999245015787377, -0.5356389549965027]
[-0.5140898372851119, -0.5247457976965888, 1.9741438189783602, 1.201334346629977, 1.9996675484169515]
[-0.5369717353734218, -0.3366932407273089, 1.9985270760529938, 1.995529939488877, -0.5502993783681317]
[-0.5018923413193651, -0.44949255507831276, 1.9999998805121695, -0.22790538550288403, -0.17555201158027015]

[-0.5585794884115861, -0.2758031180735384, 1.998563874952359, 1.9934492643818076, -0.5598578574972174]
[-0.5854122647055602, -0.3429618570615832, 1.9963255671853122, 1.9983278037352683, -0.535454906468881]
[-0.5351520494509718, -0.26655366511421663, 1.9999984796223516, -0.26562400395389313, -0.20222877482924723]
[-0.5340274075270507, -0.6025028079176101, 1.8994425741486385, 1.9978466957697274, -0.4761660029279751]
[-0.5382403871387431, -0.4318907410781644, 1.9672469436663755, 1.999058946074292, -0.5236692728790742]

[-0.5722134456460473, -0.23664589096275826, 1.9992771582282407, -0.5174938467473724, 1.9966084537025461]
[-0.7910334032655765, -0.5696737811692076, 1.9330343653988258, 1.1996670611828502, 1.9999392698920888]
[-0.7242852357242276, -0.5605987197185978, 1.9409821736748258, 0.36418005860178804, 1.9999669789758332]
[-0.8580541025868073, -0.8267659682864801, 1.7791960394001833, 1.1504136990887308, 1.9998856720715688]
[-0.5659024863648123, -0.5222726710298194, 1.9937893769230377, 1.4159086844889557, 1.9998821510098408]

[-0.6173754330652711, -0.3127532825058085, 1.979619805344865, -0.02080759916594298, 1.999957515598014]
[-0.599440461594419, -0.4168478716800376, 1.9320935407535798, 1.9998825528058084, -0.5088933200087116]
[-0.5421824147249832, -0.4847665608024471, 1.996265163506497, 1.4778644282849838, 1.9967085747517688]
[-0.8200370957797252, -0.6180340582894741, 1.7201904180920504, -0.4319378988434787, 1.9999734089046282]
[-0.7433607262049463, -0.4292660260745834, 1.914372346739099, -0.45998805328640757, 1.9999881787235565]

[-0.5334304892830842, -0.30865231077533817, 1.9998659641897352, 1.7400862742257017, 1.8502113953577093]
[-0.6042223840832892, -0.6387112645086838, 1.8221007726050187, -0.19869616440291785, 1.9999863246700673]
[-0.5154766161427716, -0.38878412605701523, 1.9772517629017679, 1.9956000984298412, 1.9642382875532403]
[-0.7240074895831826, -0.5292190781742124, 1.90521568250481, -0.3997006682757941, 1.9999917716564493]
[-0.5867240310224889, -0.2660838601918447, 1.999017307058151, 1.956602253588785, 1.9194561530213723]

[-0.6006293760854289, -0.3699525548213535, 1.9899014570596392, 1.3109994677362558, 1.9997474527547996]
[-0.6450112990474405, -0.23089079699929604, 1.993092700867003, 1.9811123687565124, 1.989243159275487]
[-0.5881279809888369, -0.3007393564568809, 1.9936031113856976, 1.9647217983259397, 1.9893404944351551]
[-0.6119418897616893, -0.2893416179620764, 1.9896540862278764, 1.9955629187847663, 1.931725824295633]
[-0.6304722635723021, -0.2945654123972183, 1.9867235425856196, 1.9977749331469858, 1.769556130302842]

[-0.6440127362788091, -0.29883956757352037, 1.9905837337590553, -0.2905959123993611, 1.999657476768892]
[-0.7248247311612213, -0.438017291784972, 1.9363025314526068, 0.1728941220342228, 1.9999898048218856]
[-0.6100714240113294, -0.2650132644968339, 1.9945938009802684, 0.9542523742580735, 1.999867641993517]
[-0.7248528867799111, -0.47076879544546263, 1.926845311282279, -0.02032372480492766, 1.9999969822230588]
[-0.7295693682580469, -0.4904177244296174, 1.9450895756462467, -0.09657268990952374, 1.9999967850792535]

[-0.8783358843154199, -0.5761899770990178, 1.8681657796715168, 0.7904927847869493, 1.9999937653940587]
[-0.8055279807653007, -0.5424905931786035, 1.8691937678962725, -0.02655260855773102, 1.9999971720690888]
[-0.7660601369060227, -0.5164432259341095, 1.8844182706201091, -0.013590085901109947, 1.9999942967648894]
[-0.619323596142166, -0.3034122768733446, 1.9885979468597197, 0.6391948780806403, 1.999952967141884]
[-0.7772866895555501, -0.48532889918738875, 1.8699323614745929, -0.35766507029088945, 1.9999841296331455]

[-0.7933475623651507, -0.5316779050233141, 1.813825365546819, -0.2214028611590743, 1.9999963794726643]
[-0.8712621546166673, -0.7164814513897338, 1.7900633565968749, 0.17590317259987373, 1.9999950334835015]
[-0.8408177503739697, -0.6747631829556245, 1.5466164890789302, -0.4735210895472138, 1.9999959059863452]
[-0.736659730960852, -0.44044102172774474, 1.9354853063882012, -0.32744367092176485, 1.9999926974930042]
[-0.7816096225405978, -0.6217151806981508, 1.6646273582862465, -0.3896497305995268, 1.9999978446286362]

##########################クラスタ数##########################
3
##########################クラスタリング結果##########################
=====クラスタ数1個のとき＝＝＝＝＝
cluster	[1, 1, 1, 1, 1, 1, 1, 1, 1, 1, 1, 1, 1, 1, 1, 1, 1, 1, 1, 1, 1, 1, 1, 1, 1, 1, 1, 1, 1, 1, 1, 1, 1, 1, 1, 1, 1, 1, 1, 1, 1, 1, 1, 1, 1, 1, 1, 1, 1, 1, 1, 1, 1, 1, 1, 1, 1, 1, 1, 1]
centers	[-0.48921550271615594, -0.4890738305821349, 1.8592194878090351, -0.5290748751378951, -0.3518552793728491]
totts	39.663330910096775
withinss	39.66333091009682
tot.withinss	39.66333091009682
betweenss	-4.263256414560601e-14
size	60
=====クラスタ数2個のとき＝＝＝＝＝
cluster	[2, 2, 2, 2, 1, 1, 1, 1, 1, 1, 1, 1, 1, 1, 1, 1, 1, 1, 1, 1, 1, 1, 1, 1, 1, 1, 1, 1, 1, 1, 1, 1, 1, 1, 1, 1, 1, 1, 1, 1, 1, 1, 1, 1, 1, 1, 1, 1, 1, 1, 1, 1, 1, 1, 1, 1, 1, 1, 1, 1]
centers	[[-0.6363407184376338, -0.46023757823814254, 1.9423850553968323, -0.514396685068822, -0.331410073652234], [1.5705375173845355, -0.892781363398027, 0.6949015415798727, -0.7345695361049176, -0.6380881594614636]]
totts	39.663330910096775
withinss	[13.213512014014883, 1.226865154193539]
tot.withinss	14.440377168208421
betweenss	25.222953741888354
size	[56, 4]
=====クラスタ数3個のとき＝＝＝＝＝
cluster	[2, 2, 2, 2, 3, 3, 3, 3, 3, 3, 1, 3, 3, 3, 3, 3, 3, 3, 3, 3, 3, 3, 3, 3, 3, 3, 3, 1, 1, 3, 3, 3, 3, 1, 1, 3, 1, 3, 1, 3, 3, 3, 3, 3, 3, 3, 1, 3, 1, 1, 1, 1, 1, 3, 1, 1, 1, 1, 1, 1]
centers	[[-0.7626451354880165, -0.5945379029149874, 1.8685622304269474, -0.6493288574539887, 0.13794966543004558], [1.5705375173845355, -0.892781363398027, 0.6949015415798727, -0.7345695361049176, -0.6380881594614636], [-0.5714816934658159, -0.3912725466473304, 1.980294073624611, -0.4451071911413038, -0.5724326423701613]]
totts	39.663330910096775
withinss	[2.5215697053994237, 1.226865154193539, 2.699161417615818]
tot.withinss	6.447596277208781
betweenss	33.215734632887994
size	[19, 4, 37]
=====クラスタ数4個のとき＝＝＝＝＝
cluster	[2, 2, 2, 2, 3, 1, 1, 1, 1, 1, 3, 1, 1, 3, 1, 1, 1, 1, 1, 1, 1, 1, 1, 1, 1, 1, 3, 3, 3, 1, 1, 1, 1, 4, 3, 1, 4, 1, 3, 1, 1, 1, 1, 1, 1, 1, 3, 1, 3, 3, 3, 3, 3, 1, 3, 4, 4, 4, 3, 4]
centers	[[-0.5641694664001138, -0.37725593564140797, 1.980930014564781, -0.43942841871635396, -0.6000761938069057], [1.5705375173845355, -0.892781363398027, 0.6949015415798727, -0.7345695361049176, -0.6380881594614636], [-0.7338763628215148, -0.556618303005613, 1.9332543679059733, -0.5819703676056017, -0.06078933447324356], [-0.7852160949599, -0.6734516202397183, 1.748312120087414, -0.7590203743013942, 0.4693759694135983]]
totts	39.663330910096775
withinss	[2.112021385773885, 1.226865154193539, 1.1479079338686944, 0.4612656054017481]
tot.withinss	4.948060079237867
betweenss	34.715270830858906
size	[34, 4, 16, 6]
=====クラスタ数5個のとき＝＝＝＝＝
cluster	[3, 3, 3, 3, 2, 1, 1, 1, 1, 1, 2, 1, 1, 2, 1, 1, 1, 1, 1, 1, 1, 1, 1, 1, 1, 1, 2, 2, 5, 1, 2, 1, 1, 4, 2, 1, 5, 1, 5, 1, 1, 1, 1, 1, 1, 2, 2, 1, 2, 2, 5, 5, 5, 1, 5, 5, 5, 4, 2, 4]
centers	[[-0.5600116777581183, -0.38044817866919795, 1.9808247973370516, -0.42626715302079343, -0.6140977878889423], [-0.6828448075646693, -0.48660610233038976, 1.9605529743363352, -0.614977990041932, -0.17612407439934377], [1.5705375173845355, -0.892781363398027, 0.6949015415798727, -0.7345695361049176, -0.6380881594614636], [-0.8141548228980975, -0.6619369195887962, 1.6580709771917805, -0.8360168037209729, 0.654037569016086], [-0.7864560427530434, -0.6415420752433988, 1.8762578848695104, -0.5864310195025039, 0.13817125262943536]]
totts	39.663330910096775
withinss	[1.8931023213410954, 0.5274226435044689, 1.226865154193539, 0.0693085069291598, 0.7791693505800613]
tot.withinss	4.4958679765483245
betweenss	35.16746293354845
size	[32, 12, 4, 3, 9]
=====クラスタ数6個のとき＝＝＝＝＝
cluster	[6, 6, 6, 6, 5, 3, 3, 3, 4, 5, 2, 3, 4, 2, 3, 4, 4, 5, 3, 3, 3, 3, 3, 4, 4, 3, 5, 2, 5, 5, 3, 4, 3, 1, 2, 3, 1, 4, 2, 3, 3, 3, 3, 3, 3, 3, 2, 3, 2, 2, 2, 2, 2, 3, 2, 1, 1, 1, 2, 1]
centers	[[-0.7852160949599, -0.6734516202397183, 1.748312120087414, -0.7590203743013942, 0.4693759694135983], [-0.7396485561304432, -0.5190876503937427, 1.9341546737432802, -0.6412091092578164, -0.03420935796127795], [-0.5620772635153614, -0.3211888193029852, 1.9858851145244685, -0.5289250677132277, -0.573693963992895], [-0.5822458349942331, -0.4556580926682527, 1.961278842097284, -0.1843582776674168, -0.7390166367673816], [-0.6204347820408602, -0.6586412699107242, 1.9623485420324058, -0.37937181982507995, -0.3039006702557415], [1.5705375173845355, -0.892781363398027, 0.6949015415798727, -0.7345695361049176, -0.6380881594614636]]
totts	39.663330910096775
withinss	[0.4612656054017481, 0.3925261690032104, 0.6504563881129642, 0.2129378383669292, 0.5649717799698445, 1.226865154193539]
tot.withinss	3.509022935048235
betweenss	36.15430797504854
size	[6, 13, 23, 8, 6, 4]
=====クラスタ数7個のとき＝＝＝＝＝
cluster	[3, 3, 3, 3, 1, 5, 5, 5, 7, 1, 1, 5, 7, 1, 5, 7, 7, 5, 5, 5, 5, 5, 5, 7, 7, 5, 6, 1, 6, 5, 1, 7, 5, 4, 2, 5, 2, 7, 2, 5, 5, 5, 5, 5, 5, 5, 1, 5, 1, 1, 6, 2, 2, 5, 2, 2, 2, 4, 1, 4]
centers	[[-0.6531756618173464, -0.5149875813812703, 1.9653378273471591, -0.6125678651265797, -0.18460671902196296], [-0.7606343905100137, -0.5818194067171903, 1.8802850252073964, -0.6984889466884795, 0.160657718708287], [1.5705375173845355, -0.892781363398027, 0.6949015415798727, -0.7345695361049176, -0.6380881594614636], [-0.8141548228980975, -0.6619369195887962, 1.6580709771917805, -0.8360168037209729, 0.654037569016086], [-0.5579330813099154, -0.34093724985284507, 1.986929227684812, -0.515535614667827, -0.5725232818542249], [-0.8424744633892679, -0.7184346057350242, 1.9090531647675835, -0.24561758485009774, -0.10252651079319398], [-0.5822458349942331, -0.4556580926682527, 1.961278842097284, -0.1843582776674168, -0.7390166367673816]]
totts	39.663330910096775
withinss	[0.3627754013709837, 0.27001611756003463, 1.226865154193539, 0.0693085069291598, 0.7445960246057287, 0.17629447952153077, 0.2129378383669292]
tot.withinss	3.0627935225479055
betweenss	36.60053738754887
size	[10, 8, 4, 3, 24, 3, 8]
=====クラスタ数8個のとき＝＝＝＝＝
cluster	[8, 6, 6, 6, 2, 1, 5, 1, 3, 1, 2, 1, 3, 2, 1, 3, 5, 1, 1, 1, 1, 5, 1, 3, 3, 1, 4, 2, 4, 1, 1, 3, 1, 7, 2, 1, 7, 5, 2, 1, 1, 5, 5, 5, 5, 1, 2, 1, 2, 2, 4, 2, 2, 1, 2, 7, 7, 7, 2, 7]
centers	[[-0.5485264391221646, -0.3642659329521846, 1.9876169804603347, -0.545050779209798, -0.5297738291761879], [-0.7088152626904948, -0.5192760792988258, 1.9388392609379088, -0.6595902405491797, -0.051157678399408844], [-0.5935262531251952, -0.4718300826105007, 1.9539517558462078, -0.13668086718331465, -0.7519145529271974], [-0.8424744633892679, -0.7184346057350242, 1.9090531647675835, -0.24561758485009774, -0.10252651079319398], [-0.5812594445511751, -0.33880033213764693, 1.9844462938648282, -0.4024331811325236, -0.6619533360434825], [1.492548973877131, -0.8279667302659331, 0.8541075542779509, -0.7579243188534157, -0.7607654790357329], [-0.7852160949599, -0.6734516202397183, 1.748312120087414, -0.7590203743013942, 0.4693759694135983], [1.8045031479067497, -1.0872252627943084, 0.21728350348563813, -0.6645051878594238, -0.27005620073865566]]
totts	39.663330910096775
withinss	[0.7613430532593126, 0.40506964684998314, 0.13871004877659274, 0.17629447952153077, 0.07352012363271192, 0.6121666580235566, 0.4612656054017481, 0.0]
tot.withinss	2.628369615465436
betweenss	37.03496129463134
size	[20, 13, 6, 3, 8, 3, 6, 1]
=====クラスタ数9個のとき＝＝＝＝＝
cluster	[8, 8, 8, 8, 7, 1, 6, 1, 3, 7, 4, 1, 3, 4, 1, 3, 6, 7, 1, 7, 1, 6, 1, 3, 3, 1, 5, 4, 5, 7, 1, 3, 7, 2, 4, 1, 9, 6, 9, 1, 1, 6, 6, 6, 6, 1, 4, 1, 4, 4, 5, 9, 9, 1, 9, 9, 9, 2, 4, 2]
centers	[[-0.5553623939734836, -0.30224190198005413, 1.9845072857285895, -0.5746883253429879, -0.552214664432064], [-0.8141548228980975, -0.6619369195887962, 1.6580709771917805, -0.8360168037209729, 0.654037569016086], [-0.5935262531251952, -0.4718300826105007, 1.9539517558462078, -0.13668086718331465, -0.7519145529271974], [-0.7080266310712857, -0.49466453781855774, 1.9520721144086202, -0.6465180174899849, -0.10286292802879164], [-0.8424744633892679, -0.7184346057350242, 1.9090531647675835, -0.24561758485009774, -0.10252651079319398], [-0.5812594445511751, -0.33880033213764693, 1.9844462938648282, -0.4024331811325236, -0.6619533360434825], [-0.519599323739521, -0.5636549785053326, 1.9945152586001687, -0.4824754835515686, -0.4287854728037465], [1.5705375173845355, -0.892781363398027, 0.6949015415798727, -0.7345695361049176, -0.6380881594614636], [-0.7631020568393091, -0.6025617070455828, 1.8745188625071196, -0.6906340892295185, 0.1817789906072908]]
totts	39.663330910096775
withinss	[0.4011835505748182, 0.0693085069291598, 0.13871004877659274, 0.11882732772016623, 0.17629447952153077, 0.07352012363271192, 0.10547350362501053, 1.226865154193539, 0.2152823926599557]
tot.withinss	2.525465087633485
betweenss	37.13786582246329
size	[15, 3, 6, 8, 3, 8, 6, 4, 7]
=====クラスタ数10個のとき＝＝＝＝＝
cluster	[6, 6, 6, 6, 9, 10, 10, 5, 8, 9, 7, 10, 8, 7, 10, 8, 8, 9, 10, 9, 10, 10, 10, 4, 8, 10, 3, 7, 3, 9, 10, 4, 9, 2, 7, 10, 1, 8, 1, 10, 10, 10, 10, 10, 8, 10, 7, 10, 7, 7, 3, 1, 1, 10, 1, 1, 1, 2, 7, 2]
centers	[[-0.7631020568393091, -0.6025617070455828, 1.8745188625071196, -0.6906340892295185, 0.1817789906072908], [-0.8141548228980975, -0.6619369195887962, 1.6580709771917805, -0.8360168037209729, 0.654037569016086], [-0.8424744633892679, -0.7184346057350242, 1.9090531647675835, -0.24561758485009774, -0.10252651079319398], [-0.5667339345607348, -0.5689343099308586, 1.9297004892483363, -0.010636094866599534, -0.7833961498901434], [-0.20291677221436993, -0.34898526583171796, 1.960476052172298, -0.6766524271895527, -0.7319215869366573], [1.5705375173845355, -0.892781363398027, 0.6949015415798727, -0.7345695361049176, -0.6380881594614636], [-0.7080266310712857, -0.49466453781855774, 1.9520721144086202, -0.6465180174899849, -0.10286292802879164], [-0.5935672963435282, -0.40217770091881677, 1.9729866730090515, -0.2607820222603729, -0.7164596534863339], [-0.519599323739521, -0.5636549785053326, 1.9945152586001687, -0.4824754835515686, -0.4287854728037465], [-0.5815954352116995, -0.3038375731757811, 1.9861108647469674, -0.5334987768189228, -0.5671790795405645]]
totts	39.663330910096775
withinss	[0.2152823926599557, 0.0693085069291598, 0.17629447952153077, 0.03511953203765417, 0.0, 1.226865154193539, 0.11882732772016623, 0.08352996061056311, 0.10547350362501053, 0.3511211146511363]
tot.withinss	2.3818219719487157
betweenss	37.28150893814806
size	[7, 3, 3, 2, 1, 4, 8, 7, 6, 19]
=====クラスタ数11個のとき＝＝＝＝＝
cluster	[9, 9, 9, 9, 11, 7, 3, 4, 10, 11, 5, 3, 10, 2, 7, 10, 3, 11, 3, 11, 7, 3, 7, 1, 10, 7, 8, 5, 8, 11, 2, 10, 11, 6, 5, 7, 6, 10, 5, 7, 3, 3, 3, 3, 3, 2, 5, 7, 5, 5, 8, 5, 5, 2, 5, 6, 6, 6, 5, 6]
centers	[[-0.5340274075270507, -0.6709575120211662, 1.9135982103052647, 0.06504179963470483, -0.7736550903917528], [-0.6438090233139756, -0.35218693273027324, 1.9824173266717486, -0.625359032117679, -0.36106233850982095], [-0.5851617137034382, -0.3419324592675188, 1.987713841676992, -0.4372645990288249, -0.6233550696772099], [-0.20291677221436993, -0.34898526583171796, 1.960476052172298, -0.6766524271895527, -0.7319215869366573], [-0.7311428197827895, -0.5181421550977222, 1.9316473392101594, -0.667244135900138, -0.015118228429509722], [-0.7852160949599, -0.6734516202397183, 1.748312120087414, -0.7590203743013942, 0.4693759694135983], [-0.5662236468917359, -0.2555571109886373, 1.9832862657093366, -0.5739917912154385, -0.5875137166135248], [-0.8424744633892679, -0.7184346057350242, 1.9090531647675835, -0.24561758485009774, -0.10252651079319398], [1.5705375173845355, -0.892781363398027, 0.6949015415798727, -0.7345695361049176, -0.6380881594614636], [-0.5904344545611487, -0.43388754603790086, 1.965691082145576, -0.2005123152078534, -0.7408567663386728], [-0.519599323739521, -0.5636549785053326, 1.9945152586001687, -0.4824754835515686, -0.4287854728037465]]
totts	39.663330910096775
withinss	[0.0, 0.04022366993537265, 0.0988977326449883, 0.0, 0.22279557728011723, 0.4612656054017481, 0.04814391504588221, 0.17629447952153077, 1.226865154193539, 0.06068031032300509, 0.10547350362501053]
tot.withinss	2.440639947971194
betweenss	37.22269096212558
size	[1, 4, 10, 1, 11, 6, 8, 3, 4, 6, 6]
=====クラスタ数12個のとき＝＝＝＝＝
cluster	[9, 9, 9, 9, 2, 10, 1, 7, 6, 2, 11, 8, 6, 5, 10, 6, 1, 2, 1, 8, 10, 1, 10, 12, 6, 10, 4, 11, 4, 8, 5, 6, 8, 3, 11, 10, 3, 6, 11, 10, 8, 1, 1, 1, 1, 5, 11, 10, 11, 11, 4, 11, 11, 5, 11, 3, 3, 3, 11, 3]
centers	[[-0.5839463344550063, -0.32746620545875327, 1.9856016652900887, -0.4253513888558046, -0.6488377365205243], [-0.5025395666759884, -0.6289291229168642, 1.990262877421492, -0.49502049395027287, -0.3637736938783667], [-0.7852160949599, -0.6734516202397183, 1.748312120087414, -0.7590203743013942, 0.4693759694135983], [-0.8424744633892679, -0.7184346057350242, 1.9090531647675835, -0.24561758485009774, -0.10252651079319398], [-0.6438090233139756, -0.35218693273027324, 1.9824173266717486, -0.625359032117679, -0.36106233850982095], [-0.5904344545611487, -0.43388754603790086, 1.965691082145576, -0.2005123152078534, -0.7408567663386728], [-0.20291677221436993, -0.34898526583171796, 1.960476052172298, -0.6766524271895527, -0.7319215869366573], [-0.5580047407606982, -0.4589474902573129, 1.9977256027571488, -0.47592525978008127, -0.5048481119590565], [1.5705375173845355, -0.892781363398027, 0.6949015415798727, -0.7345695361049176, -0.6380881594614636], [-0.5662236468917359, -0.2555571109886373, 1.9832862657093366, -0.5739917912154385, -0.5875137166135248], [-0.7311428197827895, -0.5181421550977222, 1.9316473392101594, -0.667244135900138, -0.015118228429509722], [-0.5340274075270507, -0.6709575120211662, 1.9135982103052647, 0.06504179963470483, -0.7736550903917528]]
totts	39.663330910096775
withinss	[0.05795501777275895, 0.04013769372411597, 0.4612656054017481, 0.17629447952153077, 0.04022366993537265, 0.06068031032300509, 0.0, 0.02856928759162177, 1.226865154193539, 0.04814391504588221, 0.22279557728011723, 0.0]
tot.withinss	2.3629307107896915
betweenss	37.300400199307084
size	[8, 3, 6, 3, 4, 6, 1, 5, 4, 8, 11, 1]
=====クラスタ数13個のとき＝＝＝＝＝
cluster	[11, 11, 11, 11, 2, 3, 13, 4, 7, 2, 5, 1, 7, 5, 3, 7, 13, 2, 13, 1, 3, 13, 3, 8, 7, 3, 10, 5, 10, 1, 6, 7, 1, 9, 5, 3, 12, 7, 12, 3, 1, 13, 13, 13, 13, 6, 5, 3, 5, 5, 10, 12, 12, 6, 12, 12, 12, 9, 5, 9]
centers	[[-0.5580047407606982, -0.4589474902573129, 1.9977256027571488, -0.47592525978008127, -0.5048481119590565], [-0.5025395666759884, -0.6289291229168642, 1.990262877421492, -0.49502049395027287, -0.3637736938783667], [-0.5662236468917359, -0.2555571109886373, 1.9832862657093366, -0.5739917912154385, -0.5875137166135248], [-0.20291677221436993, -0.34898526583171796, 1.960476052172298, -0.6766524271895527, -0.7319215869366573], [-0.7080266310712857, -0.49466453781855774, 1.9520721144086202, -0.6465180174899849, -0.10286292802879164], [-0.6269039218287488, -0.32932071593347223, 1.9850802913763645, -0.6268702311637232, -0.4019854224504204], [-0.5904344545611487, -0.43388754603790086, 1.965691082145576, -0.2005123152078534, -0.7408567663386728], [-0.5340274075270507, -0.6709575120211662, 1.9135982103052647, 0.06504179963470483, -0.7736550903917528], [-0.8141548228980975, -0.6619369195887962, 1.6580709771917805, -0.8360168037209729, 0.654037569016086], [-0.8424744633892679, -0.7184346057350242, 1.9090531647675835, -0.24561758485009774, -0.10252651079319398], [1.5705375173845355, -0.892781363398027, 0.6949015415798727, -0.7345695361049176, -0.6380881594614636], [-0.7631020568393091, -0.6025617070455828, 1.8745188625071196, -0.6906340892295185, 0.1817789906072908], [-0.5839463344550063, -0.32746620545875327, 1.9856016652900887, -0.4253513888558046, -0.6488377365205243]]
totts	39.663330910096775
withinss	[0.02856928759162177, 0.04013769372411597, 0.04814391504588221, 0.0, 0.11882732772016623, 0.01031102718007343, 0.06068031032300509, 0.0, 0.0693085069291598, 0.17629447952153077, 1.226865154193539, 0.2152823926599557, 0.05795501777275895]
tot.withinss	2.052375112661809
betweenss	37.61095579743497
size	[5, 3, 8, 1, 8, 3, 6, 1, 3, 3, 4, 7, 8]
=====クラスタ数14個のとき＝＝＝＝＝
cluster	[5, 5, 5, 5, 11, 6, 14, 4, 10, 13, 11, 3, 10, 12, 6, 10, 14, 13, 3, 3, 6, 14, 6, 10, 10, 6, 8, 12, 8, 13, 1, 10, 13, 7, 9, 6, 2, 14, 9, 6, 3, 14, 14, 14, 14, 1, 12, 6, 12, 12, 8, 9, 9, 1, 9, 2, 2, 7, 12, 7]
centers	[[-0.6269039218287488, -0.32932071593347223, 1.9850802913763645, -0.6268702311637232, -0.4019854224504204], [-0.7562773670217023, -0.6849663208906405, 1.8385532629830472, -0.6820239448818154, 0.2847143698111106], [-0.5547276345217793, -0.40168435241346845, 1.9962506946426821, -0.49815623516068536, -0.5416824725467491], [-0.20291677221436993, -0.34898526583171796, 1.960476052172298, -0.6766524271895527, -0.7319215869366573], [1.5705375173845355, -0.892781363398027, 0.6949015415798727, -0.7345695361049176, -0.6380881594614636], [-0.5662236468917359, -0.2555571109886373, 1.9832862657093366, -0.5739917912154385, -0.5875137166135248], [-0.8141548228980975, -0.6619369195887962, 1.6580709771917805, -0.8360168037209729, 0.654037569016086], [-0.8424744633892679, -0.7184346057350242, 1.9090531647675835, -0.24561758485009774, -0.10252651079319398], [-0.7632486046030006, -0.5199312582131204, 1.905324082542006, -0.7083679477724778, 0.08622372804659281], [-0.5935262531251952, -0.4718300826105007, 1.9539517558462078, -0.13668086718331465, -0.7519145529271974], [-0.531819555653757, -0.61080457045791, 1.9698184695190477, -0.6485576765011927, -0.17863666690618807], [-0.7224527134423192, -0.48822059981721894, 1.956442173407449, -0.6226196725457602, -0.1231491876021505], [-0.5345501328804176, -0.5742942369621463, 1.996332444664971, -0.43979829828724704, -0.4476897765351602], [-0.5812594445511751, -0.33880033213764693, 1.9844462938648282, -0.4024331811325236, -0.6619533360434825]]
totts	39.663330910096775
withinss	[0.01031102718007343, 0.0971059463446772, 0.017322243875300163, 0.0, 1.226865154193539, 0.04814391504588221, 0.0693085069291598, 0.17629447952153077, 0.03821757040156445, 0.13871004877659274, 0.022725631123253008, 0.05529459491174215, 0.021001504068456866, 0.07352012363271192]
tot.withinss	1.9948207460044836
betweenss	37.66851016409229
size	[3, 3, 4, 1, 4, 8, 3, 3, 5, 6, 2, 6, 4, 8]
=====クラスタ数15個のとき＝＝＝＝＝
cluster	[6, 6, 6, 6, 7, 15, 3, 10, 2, 13, 7, 4, 2, 5, 15, 2, 11, 13, 4, 4, 15, 3, 15, 9, 11, 15, 14, 5, 14, 13, 1, 2, 13, 12, 5, 15, 8, 11, 8, 15, 4, 3, 3, 3, 3, 1, 5, 15, 5, 5, 14, 8, 8, 1, 8, 8, 8, 12, 5, 12]
centers	[[-0.6269039218287488, -0.32932071593347223, 1.9850802913763645, -0.6268702311637232, -0.4019854224504204], [-0.6222224310213444, -0.42021444023628807, 1.9585940673857956, -0.162206586241591, -0.753950609886572], [-0.5922110658677845, -0.3160197352363598, 1.9848416915362666, -0.42744740513679025, -0.649163485295332], [-0.5547276345217793, -0.40168435241346845, 1.9962506946426821, -0.49815623516068536, -0.5416824725467491], [-0.725439572408409, -0.48084955761739395, 1.9513287435077182, -0.6413129977393951, -0.10372661574252037], [1.5705375173845355, -0.892781363398027, 0.6949015415798727, -0.7345695361049176, -0.6380881594614636], [-0.531819555653757, -0.61080457045791, 1.9698184695190477, -0.6485576765011927, -0.17863666690618807], [-0.7631020568393091, -0.6025617070455828, 1.8745188625071196, -0.6906340892295185, 0.1817789906072908], [-0.5340274075270507, -0.6709575120211662, 1.9135982103052647, 0.06504179963470483, -0.7736550903917528], [-0.20291677221436993, -0.34898526583171796, 1.960476052172298, -0.6766524271895527, -0.7319215869366573], [-0.5450165161138121, -0.43114982279323427, 1.9807520856432754, -0.2970272253358917, -0.7075585214003373], [-0.8141548228980975, -0.6619369195887962, 1.6580709771917805, -0.8360168037209729, 0.654037569016086], [-0.5345501328804176, -0.5742942369621463, 1.996332444664971, -0.43979829828724704, -0.4476897765351602], [-0.8424744633892679, -0.7184346057350242, 1.9090531647675835, -0.24561758485009774, -0.10252651079319398], [-0.5662236468917359, -0.2555571109886373, 1.9832862657093366, -0.5739917912154385, -0.5875137166135248]]
totts	39.663330910096775
withinss	[0.01031102718007343, 0.021663403933889568, 0.03417915087226103, 0.017322243875300163, 0.08956984820536007, 1.226865154193539, 0.022725631123253008, 0.2152823926599557, 0.0, 0.0, 0.014471306674107934, 0.0693085069291598, 0.021001504068456866, 0.17629447952153077, 0.04814391504588221]
tot.withinss	1.9671385642827695
betweenss	37.696192345814005
size	[3, 4, 6, 4, 7, 4, 2, 7, 1, 1, 3, 3, 4, 3, 8]
=====クラスタ数16個のとき＝＝＝＝＝
cluster	[4, 4, 4, 4, 9, 1, 12, 16, 15, 9, 7, 8, 15, 7, 1, 15, 12, 9, 5, 8, 5, 12, 5, 15, 15, 1, 10, 7, 2, 8, 11, 15, 8, 3, 6, 5, 14, 12, 13, 5, 8, 12, 12, 12, 12, 11, 7, 5, 7, 7, 10, 13, 13, 11, 13, 14, 14, 3, 6, 3]
centers	[[-0.5686105643181422, -0.1966967973079635, 1.9754506783666574, -0.6106887212912031, -0.599454595449349], [-0.8580541025868073, -0.9281565619484745, 1.843227331482771, -0.06823306044535611, 0.011216393497866788], [-0.8141548228980975, -0.6619369195887962, 1.6580709771917805, -0.8360168037209729, 0.654037569016086], [1.5705375173845355, -0.892781363398027, 0.6949015415798727, -0.7345695361049176, -0.6380881594614636], [-0.560154869592147, -0.30116596252327094, 1.9888692050130456, -0.5435267860247791, -0.5840215868728483], [-0.7400102285828991, -0.4413205001723118, 1.931304134774553, -0.7242500860704371, -0.02572331994890506], [-0.697365431900748, -0.5124458837006397, 1.9589947742866425, -0.6206073279631678, -0.12857613072208715], [-0.5580047407606982, -0.4589474902573129, 1.9977256027571488, -0.47592525978008127, -0.5048481119590565], [-0.5025395666759884, -0.6289291229168642, 1.990262877421492, -0.49502049395027287, -0.3637736938783667], [-0.8346846437904982, -0.613573627628299, 1.9419660814099897, -0.3343098470524686, -0.15939796293872438], [-0.6269039218287488, -0.32932071593347223, 1.9850802913763645, -0.6268702311637232, -0.4019854224504204], [-0.5812594445511751, -0.33880033213764693, 1.9844462938648282, -0.4024331811325236, -0.6619533360434825], [-0.768220574202514, -0.5407582466617896, 1.9014930621501738, -0.697091697490296, 0.10457745620442588], [-0.7562773670217023, -0.6849663208906405, 1.8385532629830472, -0.6820239448818154, 0.2847143698111106], [-0.5935262531251952, -0.4718300826105007, 1.9539517558462078, -0.13668086718331465, -0.7519145529271974], [-0.20291677221436993, -0.34898526583171796, 1.960476052172298, -0.6766524271895527, -0.7319215869366573]]
totts	39.663330910096775
withinss	[0.00990146129303748, 0.0, 0.0693085069291598, 1.226865154193539, 0.020533736283042066, 0.004971080721663512, 0.07040920843641042, 0.02856928759162177, 0.04013769372411597, 0.03685180625449533, 0.01031102718007343, 0.07352012363271192, 0.019474094311561274, 0.0971059463446772, 0.13871004877659274, 0.0]
tot.withinss	1.8466691756727018
betweenss	37.81666173442407
size	[3, 1, 3, 4, 6, 2, 6, 5, 3, 2, 3, 8, 4, 3, 6, 1]
=====クラスタ数17個のとき＝＝＝＝＝
cluster	[4, 8, 8, 8, 11, 6, 15, 3, 12, 7, 11, 9, 12, 2, 6, 12, 16, 7, 15, 9, 15, 15, 6, 5, 16, 6, 14, 2, 14, 7, 1, 12, 9, 13, 2, 6, 17, 16, 17, 6, 9, 10, 15, 10, 10, 1, 2, 6, 2, 2, 14, 17, 17, 1, 17, 17, 17, 13, 2, 13]
centers	[[-0.6269039218287488, -0.32932071593347223, 1.9850802913763645, -0.6268702311637232, -0.4019854224504204], [-0.725439572408409, -0.48084955761739395, 1.9513287435077182, -0.6413129977393951, -0.10372661574252037], [-0.20291677221436993, -0.34898526583171796, 1.960476052172298, -0.6766524271895527, -0.7319215869366573], [1.8045031479067497, -1.0872252627943084, 0.21728350348563813, -0.6645051878594238, -0.27005620073865566], [-0.5340274075270507, -0.6709575120211662, 1.9135982103052647, 0.06504179963470483, -0.7736550903917528], [-0.5673156695317573, -0.2505830541726545, 1.982674261908933, -0.581813060714697, -0.5829624774898242], [-0.5320060389322291, -0.598031408831064, 1.9953440414538361, -0.43347448587082127, -0.43183210781972187], [1.492548973877131, -0.8279667302659331, 0.8541075542779509, -0.7579243188534157, -0.7607654790357329], [-0.5560303043596697, -0.43929771296371234, 1.9977558233413875, -0.4875255314701225, -0.5149022745478831], [-0.6291418174604774, -0.2841902011193978, 1.9800154836262325, -0.4072994056309545, -0.659384059415403], [-0.531819555653757, -0.61080457045791, 1.9698184695190477, -0.6485576765011927, -0.17863666690618807], [-0.6222224310213444, -0.42021444023628807, 1.9585940673857956, -0.162206586241591, -0.753950609886572], [-0.8141548228980975, -0.6619369195887962, 1.6580709771917805, -0.8360168037209729, 0.654037569016086], [-0.8424744633892679, -0.7184346057350242, 1.9090531647675835, -0.24561758485009774, -0.10252651079319398], [-0.5522784333220567, -0.33731051918298005, 1.9899702260309238, -0.47266433378945666, -0.6277169397364301], [-0.5450165161138121, -0.43114982279323427, 1.9807520856432754, -0.2970272253358917, -0.7075585214003373], [-0.7631020568393091, -0.6025617070455828, 1.8745188625071196, -0.6906340892295185, 0.1817789906072908]]
totts	39.663330910096775
withinss	[0.01031102718007343, 0.08956984820536007, 0.0, 0.0, 0.0, 0.04208503214880619, 0.010653196742541738, 0.6121666580235566, 0.016055976617244807, 0.006825132216466135, 0.022725631123253008, 0.021663403933889568, 0.0693085069291598, 0.17629447952153077, 0.018942581887888714, 0.014471306674107934, 0.2152823926599557]
tot.withinss	1.3263551738638344
betweenss	38.336975736232944
size	[3, 7, 1, 1, 1, 7, 3, 3, 4, 3, 2, 4, 3, 3, 5, 3, 7]
=====クラスタ数18個のとき＝＝＝＝＝
cluster	[2, 1, 1, 15, 18, 17, 16, 8, 4, 18, 12, 11, 4, 12, 17, 4, 16, 18, 3, 11, 3, 16, 3, 13, 4, 17, 10, 12, 5, 11, 9, 4, 11, 7, 6, 3, 14, 4, 6, 3, 11, 16, 16, 16, 16, 9, 12, 3, 12, 12, 10, 6, 6, 9, 6, 14, 14, 7, 12, 7]
centers	[[1.5883165837138118, -0.7621106413263179, 0.7431313507559224, -0.6152167734650655, -0.9541205196783504], [1.8045031479067497, -1.0872252627943084, 0.21728350348563813, -0.6645051878594238, -0.27005620073865566], [-0.560154869592147, -0.30116596252327094, 1.9888692050130456, -0.5435267860247791, -0.5840215868728483], [-0.5904344545611487, -0.43388754603790086, 1.965691082145576, -0.2005123152078534, -0.7408567663386728], [-0.8580541025868073, -0.9281565619484745, 1.843227331482771, -0.06823306044535611, 0.011216393497866788], [-0.7632486046030006, -0.5199312582131204, 1.905324082542006, -0.7083679477724778, 0.08622372804659281], [-0.8141548228980975, -0.6619369195887962, 1.6580709771917805, -0.8360168037209729, 0.654037569016086], [-0.20291677221436993, -0.34898526583171796, 1.960476052172298, -0.6766524271895527, -0.7319215869366573], [-0.6269039218287488, -0.32932071593347223, 1.9850802913763645, -0.6268702311637232, -0.4019854224504204], [-0.8346846437904982, -0.613573627628299, 1.9419660814099897, -0.3343098470524686, -0.15939796293872438], [-0.5580047407606982, -0.4589474902573129, 1.9977256027571488, -0.47592525978008127, -0.5048481119590565], [-0.7029789031950485, -0.5029561425900027, 1.956561250165661, -0.6312387415740964, -0.11938746280651337], [-0.5340274075270507, -0.6709575120211662, 1.9135982103052647, 0.06504179963470483, -0.7736550903917528], [-0.7562773670217023, -0.6849663208906405, 1.8385532629830472, -0.6820239448818154, 0.2847143698111106], [1.3010137542037687, -0.9596789081451637, 1.076059961322008, -1.0433394096301158, -0.3740553977504978], [-0.5906569914666614, -0.3238714806450869, 1.984505168973879, -0.4145026515068087, -0.6554740453553222], [-0.5686105643181422, -0.1966967973079635, 1.9754506783666574, -0.6106887212912031, -0.599454595449349], [-0.5025395666759884, -0.6289291229168642, 1.990262877421492, -0.49502049395027287, -0.3637736938783667]]
totts	39.663330910096775
withinss	[0.11071190275300304, 0.0, 0.020533736283042066, 0.06068031032300509, 0.0, 0.03821757040156445, 0.0693085069291598, 0.0, 0.01031102718007343, 0.03685180625449533, 0.02856928759162177, 0.0840569765310251, 0.0, 0.0971059463446772, 0.0, 0.045585011721344035, 0.00990146129303748, 0.04013769372411597]
tot.withinss	0.6519712373301647
betweenss	39.01135967276661
size	[2, 1, 6, 6, 1, 5, 3, 1, 3, 2, 5, 7, 1, 3, 1, 7, 3, 3]
=====クラスタ数19個のとき＝＝＝＝＝
cluster	[9, 9, 9, 9, 16, 18, 4, 10, 1, 15, 16, 11, 1, 5, 18, 1, 4, 15, 7, 11, 7, 3, 7, 1, 1, 18, 13, 14, 6, 8, 17, 1, 8, 2, 19, 7, 12, 4, 19, 7, 11, 3, 3, 3, 3, 17, 14, 7, 14, 14, 13, 19, 19, 17, 19, 12, 12, 2, 14, 2]
centers	[[-0.5935262531251952, -0.4718300826105007, 1.9539517558462078, -0.13668086718331465, -0.7519145529271974], [-0.8141548228980975, -0.6619369195887962, 1.6580709771917805, -0.8360168037209729, 0.654037569016086], [-0.6121931396151657, -0.3045013123207898, 1.9838411644060634, -0.4237654391366684, -0.6433812733334393], [-0.5297032861111907, -0.39596536516574227, 1.9854548429627694, -0.36687941779228206, -0.6929067738935545], [-0.6945243277696564, -0.42078558312067615, 1.9744284325579016, -0.6208254349795463, -0.2382930866880226], [-0.8580541025868073, -0.9281565619484745, 1.843227331482771, -0.06823306044535611, 0.011216393497866788], [-0.560154869592147, -0.30116596252327094, 1.9888692050130456, -0.5435267860247791, -0.5840215868728483], [-0.5540424505448978, -0.5203146603935541, 1.998451187359285, -0.44414695427822015, -0.4799471221426129], [1.5705375173845355, -0.892781363398027, 0.6949015415798727, -0.7345695361049176, -0.6380881594614636], [-0.20291677221436993, -0.34898526583171796, 1.960476052172298, -0.6766524271895527, -0.7319215869366573], [-0.5606462675712318, -0.41803604349981877, 1.997241879689058, -0.4971107967813219, -0.5214487718366857], [-0.7562773670217023, -0.6849663208906405, 1.8385532629830472, -0.6820239448818154, 0.2847143698111106], [-0.8346846437904982, -0.613573627628299, 1.9419660814099897, -0.3343098470524686, -0.15939796293872438], [-0.7280383905768518, -0.5017076031565275, 1.9528449215773585, -0.622978520059003, -0.10012040778497608], [-0.5150578152159375, -0.6282738135307384, 1.9942137019706572, -0.4354496422962738, -0.41543243092770743], [-0.531819555653757, -0.61080457045791, 1.9698184695190477, -0.6485576765011927, -0.17863666690618807], [-0.6269039218287488, -0.32932071593347223, 1.9850802913763645, -0.6268702311637232, -0.4019854224504204], [-0.5686105643181422, -0.1966967973079635, 1.9754506783666574, -0.6106887212912031, -0.599454595449349], [-0.7632486046030006, -0.5199312582131204, 1.905324082542006, -0.7083679477724778, 0.08622372804659281]]
totts	39.663330910096775
withinss	[0.13871004877659274, 0.0693085069291598, 0.01678067364093236, 0.01762386096201728, 0.0, 0.0, 0.020533736283042066, 0.001773423736826793, 1.226865154193539, 0.0, 0.008755611249102653, 0.0971059463446772, 0.03685180625449533, 0.03259981270392684, 0.001797354893115315, 0.022725631123253008, 0.01031102718007343, 0.00990146129303748, 0.03821757040156445]
tot.withinss	1.7498616259653557
betweenss	37.913469284131416
size	[6, 3, 5, 3, 1, 1, 6, 2, 4, 1, 3, 3, 2, 5, 2, 2, 3, 3, 5]
=====クラスタ数20個のとき＝＝＝＝＝
cluster	[10, 10, 10, 10, 5, 13, 1, 3, 15, 2, 5, 19, 15, 4, 13, 15, 16, 2, 1, 19, 7, 1, 7, 14, 16, 7, 8, 4, 11, 2, 20, 15, 19, 9, 6, 7, 17, 16, 6, 7, 19, 18, 1, 18, 18, 20, 4, 7, 4, 4, 8, 6, 6, 20, 6, 17, 12, 9, 4, 9]
centers	[[-0.5507031695496745, -0.34904427180359576, 1.9905702094606141, -0.4610196910566635, -0.6298030770506805], [-0.5320060389322291, -0.598031408831064, 1.9953440414538361, -0.43347448587082127, -0.43183210781972187], [-0.20291677221436993, -0.34898526583171796, 1.960476052172298, -0.6766524271895527, -0.7319215869366573], [-0.7224527134423192, -0.48822059981721894, 1.956442173407449, -0.6226196725457602, -0.1231491876021505], [-0.531819555653757, -0.61080457045791, 1.9698184695190477, -0.6485576765011927, -0.17863666690618807], [-0.7632486046030006, -0.5199312582131204, 1.905324082542006, -0.7083679477724778, 0.08622372804659281], [-0.566028487970918, -0.28358961241858976, 1.9871449565665291, -0.5628791089971966, -0.5746477471798247], [-0.8346846437904982, -0.613573627628299, 1.9419660814099897, -0.3343098470524686, -0.15939796293872438], [-0.8141548228980975, -0.6619369195887962, 1.6580709771917805, -0.8360168037209729, 0.654037569016086], [1.5705375173845355, -0.892781363398027, 0.6949015415798727, -0.7345695361049176, -0.6380881594614636], [-0.8580541025868073, -0.9281565619484745, 1.843227331482771, -0.06823306044535611, 0.011216393497866788], [-0.8712621546166673, -0.7445901437682181, 1.817803675680413, -0.5262317250675579, 0.3242803477720301], [-0.5668091236541896, -0.17145960669878008, 1.9717101931377585, -0.6073298378701644, -0.6261116249146248], [-0.5340274075270507, -0.6709575120211662, 1.9135982103052647, 0.06504179963470483, -0.7736550903917528], [-0.6222224310213444, -0.42021444023628807, 1.9585940673857956, -0.162206586241591, -0.753950609886572], [-0.5450165161138121, -0.43114982279323427, 1.9807520856432754, -0.2970272253358917, -0.7075585214003373], [-0.69878497322422, -0.6551544094518515, 1.8489280566343647, -0.7599200547889441, 0.2649313808306508], [-0.6291418174604774, -0.2841902011193978, 1.9800154836262325, -0.4072994056309545, -0.659384059415403], [-0.5560303043596697, -0.43929771296371234, 1.9977558233413875, -0.4875255314701225, -0.5149022745478831], [-0.6269039218287488, -0.32932071593347223, 1.9850802913763645, -0.6268702311637232, -0.4019854224504204]]
totts	39.663330910096775
withinss	[0.013333140689916912, 0.010653196742541738, 0.0, 0.05529459491174215, 0.022725631123253008, 0.03821757040156445, 0.02034407664907685, 0.03685180625449533, 0.0693085069291598, 1.226865154193539, 0.0, 0.0, 0.0016452721381995622, 0.0, 0.021663403933889568, 0.014471306674107934, 0.032540352285651976, 0.006825132216466135, 0.016055976617244807, 0.01031102718007343]
tot.withinss	1.5971061489409226
betweenss	38.06622476115585
size	[4, 3, 1, 6, 2, 5, 6, 2, 3, 4, 1, 1, 2, 1, 4, 3, 2, 3, 4, 3]
=====クラスタ数21個のとき＝＝＝＝＝
cluster	[1, 5, 5, 5, 8, 12, 15, 3, 20, 4, 8, 18, 20, 19, 12, 20, 15, 4, 6, 18, 6, 15, 6, 17, 20, 10, 7, 2, 9, 4, 14, 20, 18, 11, 16, 6, 21, 20, 16, 6, 18, 15, 15, 15, 15, 14, 2, 10, 2, 2, 7, 16, 16, 14, 16, 21, 13, 11, 2, 11]
centers	[[1.8045031479067497, -1.0872252627943084, 0.21728350348563813, -0.6645051878594238, -0.27005620073865566], [-0.7280383905768518, -0.5017076031565275, 1.9528449215773585, -0.622978520059003, -0.10012040778497608], [-0.20291677221436993, -0.34898526583171796, 1.960476052172298, -0.6766524271895527, -0.7319215869366573], [-0.5320060389322291, -0.598031408831064, 1.9953440414538361, -0.43347448587082127, -0.43183210781972187], [1.492548973877131, -0.8279667302659331, 0.8541075542779509, -0.7579243188534157, -0.7607654790357329], [-0.5501715587083106, -0.3035230168246731, 1.9891003917998737, -0.5391364764456752, -0.5962693398212151], [-0.8346846437904982, -0.613573627628299, 1.9419660814099897, -0.3343098470524686, -0.15939796293872438], [-0.531819555653757, -0.61080457045791, 1.9698184695190477, -0.6485576765011927, -0.17863666690618807], [-0.8580541025868073, -0.9281565619484745, 1.843227331482771, -0.06823306044535611, 0.011216393497866788], [-0.5911424348286883, -0.26827593477129535, 1.9853224599516794, -0.5914424110267898, -0.534461679324906], [-0.8141548228980975, -0.6619369195887962, 1.6580709771917805, -0.8360168037209729, 0.654037569016086], [-0.5668091236541896, -0.17145960669878008, 1.9717101931377585, -0.6073298378701644, -0.6261116249146248], [-0.8712621546166673, -0.7445901437682181, 1.817803675680413, -0.5262317250675579, 0.3242803477720301], [-0.6269039218287488, -0.32932071593347223, 1.9850802913763645, -0.6268702311637232, -0.4019854224504204], [-0.5906569914666614, -0.3238714806450869, 1.984505168973879, -0.4145026515068087, -0.6554740453553222], [-0.7632486046030006, -0.5199312582131204, 1.905324082542006, -0.7083679477724778, 0.08622372804659281], [-0.5340274075270507, -0.6709575120211662, 1.9135982103052647, 0.06504179963470483, -0.7736550903917528], [-0.5560303043596697, -0.43929771296371234, 1.9977558233413875, -0.4875255314701225, -0.5149022745478831], [-0.6945243277696564, -0.42078558312067615, 1.9744284325579016, -0.6208254349795463, -0.2382930866880226], [-0.5904344545611487, -0.43388754603790086, 1.965691082145576, -0.2005123152078534, -0.7408567663386728], [-0.69878497322422, -0.6551544094518515, 1.8489280566343647, -0.7599200547889441, 0.2649313808306508]]
totts	39.663330910096775
withinss	[0.0, 0.03259981270392684, 0.0, 0.010653196742541738, 0.6121666580235566, 0.012296998713099425, 0.03685180625449533, 0.022725631123253008, 0.0, 0.003239924701658194, 0.0693085069291598, 0.0016452721381995622, 0.0, 0.01031102718007343, 0.045585011721344035, 0.03821757040156445, 0.0, 0.016055976617244807, 0.0, 0.06068031032300509, 0.032540352285651976]
tot.withinss	1.0048780558587742
betweenss	38.658452854238
size	[1, 5, 1, 3, 3, 5, 2, 2, 1, 2, 3, 2, 1, 3, 7, 5, 1, 4, 1, 6, 2]
=====クラスタ数22個のとき＝＝＝＝＝
cluster	[6, 18, 18, 18, 17, 20, 2, 4, 3, 19, 17, 15, 3, 1, 20, 3, 14, 19, 2, 15, 12, 2, 12, 8, 14, 12, 21, 1, 22, 11, 13, 3, 11, 9, 10, 12, 5, 14, 10, 12, 15, 7, 2, 7, 7, 13, 1, 12, 1, 1, 16, 10, 10, 13, 10, 5, 5, 9, 1, 9]
centers	[[-0.7224527134423192, -0.48822059981721894, 1.956442173407449, -0.6226196725457602, -0.1231491876021505], [-0.5507031695496745, -0.34904427180359576, 1.9905702094606141, -0.4610196910566635, -0.6298030770506805], [-0.6222224310213444, -0.42021444023628807, 1.9585940673857956, -0.162206586241591, -0.753950609886572], [-0.20291677221436993, -0.34898526583171796, 1.960476052172298, -0.6766524271895527, -0.7319215869366573], [-0.7562773670217023, -0.6849663208906405, 1.8385532629830472, -0.6820239448818154, 0.2847143698111106], [1.8045031479067497, -1.0872252627943084, 0.21728350348563813, -0.6645051878594238, -0.27005620073865566], [-0.6291418174604774, -0.2841902011193978, 1.9800154836262325, -0.4072994056309545, -0.659384059415403], [-0.5340274075270507, -0.6709575120211662, 1.9135982103052647, 0.06504179963470483, -0.7736550903917528], [-0.8141548228980975, -0.6619369195887962, 1.6580709771917805, -0.8360168037209729, 0.654037569016086], [-0.7632486046030006, -0.5199312582131204, 1.905324082542006, -0.7083679477724778, 0.08622372804659281], [-0.5540424505448978, -0.5203146603935541, 1.998451187359285, -0.44414695427822015, -0.4799471221426129], [-0.566028487970918, -0.28358961241858976, 1.9871449565665291, -0.5628791089971966, -0.5746477471798247], [-0.6269039218287488, -0.32932071593347223, 1.9850802913763645, -0.6268702311637232, -0.4019854224504204], [-0.5450165161138121, -0.43114982279323427, 1.9807520856432754, -0.2970272253358917, -0.7075585214003373], [-0.5606462675712318, -0.41803604349981877, 1.997241879689058, -0.4971107967813219, -0.5214487718366857], [-0.8783358843154199, -0.6277901659230344, 1.9214615947929856, -0.37520749047054813, -0.04012805408398379], [-0.531819555653757, -0.61080457045791, 1.9698184695190477, -0.6485576765011927, -0.17863666690618807], [1.492548973877131, -0.8279667302659331, 0.8541075542779509, -0.7579243188534157, -0.7607654790357329], [-0.5150578152159375, -0.6282738135307384, 1.9942137019706572, -0.4354496422962738, -0.41543243092770743], [-0.5668091236541896, -0.17145960669878008, 1.9717101931377585, -0.6073298378701644, -0.6261116249146248], [-0.7910334032655765, -0.5993570893335636, 1.962470568026994, -0.293412203634389, -0.27866787179346497], [-0.8580541025868073, -0.9281565619484745, 1.843227331482771, -0.06823306044535611, 0.011216393497866788]]
totts	39.663330910096775
withinss	[0.05529459491174215, 0.013333140689916912, 0.021663403933889568, 0.0, 0.0971059463446772, 0.0, 0.006825132216466135, 0.0, 0.0693085069291598, 0.03821757040156445, 0.001773423736826793, 0.02034407664907685, 0.01031102718007343, 0.014471306674107934, 0.008755611249102653, 0.0, 0.022725631123253008, 0.6121666580235566, 0.001797354893115315, 0.0016452721381995622, 0.0, 0.0]
tot.withinss	0.9957386570947284
betweenss	38.66759225300205
size	[6, 4, 4, 1, 3, 1, 3, 1, 3, 5, 2, 6, 3, 3, 3, 1, 2, 3, 2, 2, 1, 1]
=====クラスタ数23個のとき＝＝＝＝＝
cluster	[11, 11, 11, 11, 10, 20, 22, 6, 2, 8, 10, 7, 2, 19, 20, 2, 1, 8, 22, 7, 15, 22, 15, 21, 2, 9, 18, 12, 16, 23, 17, 2, 23, 5, 3, 15, 4, 2, 14, 15, 7, 1, 22, 1, 1, 17, 12, 9, 12, 12, 13, 14, 14, 17, 14, 4, 4, 5, 3, 5]
centers	[[-0.6171894993603384, -0.30588813911391083, 1.980633121119563, -0.3896830866549456, -0.6678723959903682], [-0.5904344545611487, -0.43388754603790086, 1.965691082145576, -0.2005123152078534, -0.7408567663386728], [-0.7400102285828991, -0.4413205001723118, 1.931304134774553, -0.7242500860704371, -0.02572331994890506], [-0.7562773670217023, -0.6849663208906405, 1.8385532629830472, -0.6820239448818154, 0.2847143698111106], [-0.8141548228980975, -0.6619369195887962, 1.6580709771917805, -0.8360168037209729, 0.654037569016086], [-0.20291677221436993, -0.34898526583171796, 1.960476052172298, -0.6766524271895527, -0.7319215869366573], [-0.5606462675712318, -0.41803604349981877, 1.997241879689058, -0.4971107967813219, -0.5214487718366857], [-0.5150578152159375, -0.6282738135307384, 1.9942137019706572, -0.4354496422962738, -0.41543243092770743], [-0.5911424348286883, -0.26827593477129535, 1.9853224599516794, -0.5914424110267898, -0.534461679324906], [-0.531819555653757, -0.61080457045791, 1.9698184695190477, -0.6485576765011927, -0.17863666690618807], [1.5705375173845355, -0.892781363398027, 0.6949015415798727, -0.7345695361049176, -0.6380881594614636], [-0.7258830554808517, -0.5156300799641144, 1.955566125611755, -0.6049663442638363, -0.10908664590295244], [-0.8783358843154199, -0.6277901659230344, 1.9214615947929856, -0.37520749047054813, -0.04012805408398379], [-0.768220574202514, -0.5407582466617896, 1.9014930621501738, -0.697091697490296, 0.10457745620442588], [-0.5534715145420328, -0.29124645124223697, 1.9880562048739536, -0.5485974579823999, -0.5947407811072841], [-0.8580541025868073, -0.9281565619484745, 1.843227331482771, -0.06823306044535611, 0.011216393497866788], [-0.6269039218287488, -0.32932071593347223, 1.9850802913763645, -0.6268702311637232, -0.4019854224504204], [-0.7910334032655765, -0.5993570893335636, 1.962470568026994, -0.293412203634389, -0.27866787179346497], [-0.6945243277696564, -0.42078558312067615, 1.9744284325579016, -0.6208254349795463, -0.2382930866880226], [-0.5668091236541896, -0.17145960669878008, 1.9717101931377585, -0.6073298378701644, -0.6261116249146248], [-0.5340274075270507, -0.6709575120211662, 1.9135982103052647, 0.06504179963470483, -0.7736550903917528], [-0.5507031695496745, -0.34904427180359576, 1.9905702094606141, -0.4610196910566635, -0.6298030770506805], [-0.5540424505448978, -0.5203146603935541, 1.998451187359285, -0.44414695427822015, -0.4799471221426129]]
totts	39.663330910096775
withinss	[0.018782249608404446, 0.06068031032300509, 0.004971080721663512, 0.0971059463446772, 0.0693085069291598, 0.0, 0.008755611249102653, 0.001797354893115315, 0.003239924701658194, 0.022725631123253008, 1.226865154193539, 0.0203854590220289, 0.0, 0.019474094311561274, 0.007206183498683073, 0.0, 0.01031102718007343, 0.0, 0.0, 0.0016452721381995622, 0.0, 0.013333140689916912, 0.001773423736826793]
tot.withinss	1.5883603706648681
betweenss	38.07497053943191
size	[4, 6, 2, 3, 3, 1, 3, 2, 2, 2, 4, 4, 1, 4, 4, 1, 3, 1, 1, 2, 1, 4, 2]
=====クラスタ数24個のとき＝＝＝＝＝
cluster	[19, 1, 1, 1, 21, 8, 24, 3, 7, 22, 4, 23, 7, 11, 8, 7, 6, 22, 24, 23, 24, 24, 8, 17, 6, 8, 18, 11, 10, 14, 20, 7, 14, 12, 16, 8, 13, 6, 15, 8, 23, 9, 24, 9, 9, 20, 11, 8, 16, 11, 2, 15, 15, 20, 15, 15, 5, 12, 16, 12]
centers	[[1.492548973877131, -0.8279667302659331, 0.8541075542779509, -0.7579243188534157, -0.7607654790357329], [-0.8783358843154199, -0.6277901659230344, 1.9214615947929856, -0.37520749047054813, -0.04012805408398379], [-0.20291677221436993, -0.34898526583171796, 1.960476052172298, -0.6766524271895527, -0.7319215869366573], [-0.5861360417114239, -0.5913693992267044, 1.9572757107149332, -0.6829531557441144, -0.09681711403269054], [-0.8712621546166673, -0.7445901437682181, 1.817803675680413, -0.5262317250675579, 0.3242803477720301], [-0.5450165161138121, -0.43114982279323427, 1.9807520856432754, -0.2970272253358917, -0.7075585214003373], [-0.6222224310213444, -0.42021444023628807, 1.9585940673857956, -0.162206586241591, -0.753950609886572], [-0.5673156695317573, -0.2505830541726545, 1.982674261908933, -0.581813060714697, -0.5829624774898242], [-0.6291418174604774, -0.2841902011193978, 1.9800154836262325, -0.4072994056309545, -0.659384059415403], [-0.8580541025868073, -0.9281565619484745, 1.843227331482771, -0.06823306044535611, 0.011216393497866788], [-0.718300915728288, -0.49535122638753204, 1.962394941997387, -0.5968186765849081, -0.1519241232966586], [-0.8141548228980975, -0.6619369195887962, 1.6580709771917805, -0.8360168037209729, 0.654037569016086], [-0.6042223840832892, -0.7390585564692755, 1.8560492251044893, -0.7625083255798818, 0.24974004102795722], [-0.5540424505448978, -0.5203146603935541, 1.998451187359285, -0.44414695427822015, -0.4799471221426129], [-0.7732459718350413, -0.5468566498163172, 1.889555827352987, -0.709139714791838, 0.1396865090902096], [-0.7349577813152365, -0.4615139992572097, 1.9365738121881602, -0.7006387592787111, -0.039463272337002704], [-0.5340274075270507, -0.6709575120211662, 1.9135982103052647, 0.06504179963470483, -0.7736550903917528], [-0.7910334032655765, -0.5993570893335636, 1.962470568026994, -0.293412203634389, -0.27866787179346497], [1.8045031479067497, -1.0872252627943084, 0.21728350348563813, -0.6645051878594238, -0.27005620073865566], [-0.6269039218287488, -0.32932071593347223, 1.9850802913763645, -0.6268702311637232, -0.4019854224504204], [-0.47750306959609023, -0.6302397416891157, 1.9823612283231622, -0.6141621972582709, -0.2604562197796856], [-0.5150578152159375, -0.6282738135307384, 1.9942137019706572, -0.4354496422962738, -0.41543243092770743], [-0.5606462675712318, -0.41803604349981877, 1.997241879689058, -0.4971107967813219, -0.5214487718366857], [-0.5522784333220567, -0.33731051918298005, 1.9899702260309238, -0.47266433378945666, -0.6277169397364301]]
totts	39.663330910096775
withinss	[0.6121666580235566, 0.0, 0.0, 0.0, 0.0, 0.014471306674107934, 0.021663403933889568, 0.04208503214880619, 0.006825132216466135, 0.0, 0.03361430657329794, 0.0693085069291598, 0.0, 0.001773423736826793, 0.05112895496032819, 0.012215211760987303, 0.0, 0.0, 0.0, 0.01031102718007343, 0.0, 0.001797354893115315, 0.008755611249102653, 0.018942581887888714]
tot.withinss	0.9050585121676066
betweenss	38.75827239792917
size	[3, 1, 1, 1, 1, 3, 4, 7, 3, 1, 4, 3, 1, 2, 5, 3, 1, 1, 1, 3, 1, 2, 3, 5]
=====クラスタ数25個のとき＝＝＝＝＝
cluster	[10, 10, 10, 10, 6, 15, 13, 17, 21, 8, 6, 24, 21, 11, 15, 21, 13, 8, 14, 24, 14, 20, 14, 23, 21, 15, 3, 12, 2, 8, 22, 21, 24, 16, 18, 14, 4, 13, 9, 14, 24, 5, 20, 20, 20, 22, 12, 14, 12, 12, 25, 9, 9, 22, 9, 1, 7, 19, 18, 16]
centers	[[-0.7933475623651507, -0.5712502624344276, 1.84180688816424, -0.7573317839980064, 0.2801227206333445], [-0.8580541025868073, -0.9281565619484745, 1.843227331482771, -0.06823306044535611, 0.011216393497866788], [-0.7910334032655765, -0.5993570893335636, 1.962470568026994, -0.293412203634389, -0.27866787179346497], [-0.6042223840832892, -0.7390585564692755, 1.8560492251044893, -0.7625083255798818, 0.24974004102795722], [-0.6450112990474405, -0.2387518735299355, 1.977208629292819, -0.44724278105358173, -0.6462026756618613], [-0.531819555653757, -0.61080457045791, 1.9698184695190477, -0.6485576765011927, -0.17863666690618807], [-0.8712621546166673, -0.7445901437682181, 1.817803675680413, -0.5262317250675579, 0.3242803477720301], [-0.5320060389322291, -0.598031408831064, 1.9953440414538361, -0.43347448587082127, -0.43183210781972187], [-0.768220574202514, -0.5407582466617896, 1.9014930621501738, -0.697091697490296, 0.10457745620442588], [1.5705375173845355, -0.892781363398027, 0.6949015415798727, -0.7345695361049176, -0.6380881594614636], [-0.6945243277696564, -0.42078558312067615, 1.9744284325579016, -0.6208254349795463, -0.2382930866880226], [-0.7258830554808517, -0.5156300799641144, 1.955566125611755, -0.6049663442638363, -0.10908664590295244], [-0.5297032861111907, -0.39596536516574227, 1.9854548429627694, -0.36687941779228206, -0.6929067738935545], [-0.560154869592147, -0.30116596252327094, 1.9888692050130456, -0.5435267860247791, -0.5840215868728483], [-0.5686105643181422, -0.1966967973079635, 1.9754506783666574, -0.6106887212912031, -0.599454595449349], [-0.8008233591601615, -0.649789265555454, 1.7098759562020285, -0.8280385022551477, 0.568775170768735], [-0.20291677221436993, -0.34898526583171796, 1.960476052172298, -0.6766524271895527, -0.7319215869366573], [-0.7400102285828991, -0.4413205001723118, 1.931304134774553, -0.7242500860704371, -0.02572331994890506], [-0.8408177503739697, -0.6862322276554802, 1.5544610191712849, -0.8519734066526236, 0.8245623655107882], [-0.6039885997570971, -0.3209386720185034, 1.9854992981843744, -0.41789610365744007, -0.6426759227513338], [-0.6054260222448242, -0.43200459672836766, 1.9620224649543967, -0.17702540054691857, -0.7475664454342864], [-0.6269039218287488, -0.32932071593347223, 1.9850802913763645, -0.6268702311637232, -0.4019854224504204], [-0.5340274075270507, -0.6709575120211662, 1.9135982103052647, 0.06504179963470483, -0.7736550903917528], [-0.5560303043596697, -0.43929771296371234, 1.9977558233413875, -0.4875255314701225, -0.5149022745478831], [-0.8783358843154199, -0.6277901659230344, 1.9214615947929856, -0.37520749047054813, -0.04012805408398379]]
totts	39.663330910096775
withinss	[0.0, 0.0, 0.0, 0.0, 0.0, 0.022725631123253008, 0.0, 0.010653196742541738, 0.019474094311561274, 1.226865154193539, 0.0, 0.0203854590220289, 0.01762386096201728, 0.020533736283042066, 0.00990146129303748, 0.007254232189171497, 0.0, 0.004971080721663512, 0.0, 0.009276727757875615, 0.035528121152963395, 0.01031102718007343, 0.0, 0.016055976617244807, 0.0]
tot.withinss	1.431559759550013
betweenss	38.23177115054676
size	[1, 1, 1, 1, 1, 2, 1, 3, 4, 4, 1, 4, 3, 6, 3, 2, 1, 2, 1, 4, 5, 3, 1, 4, 1]
=====クラスタ数26個のとき＝＝＝＝＝
cluster	[17, 17, 17, 17, 24, 3, 11, 15, 26, 22, 24, 21, 26, 25, 3, 26, 1, 22, 7, 21, 9, 6, 16, 4, 20, 16, 12, 25, 5, 2, 18, 26, 2, 19, 10, 7, 14, 20, 8, 9, 21, 23, 6, 1, 1, 18, 25, 13, 10, 25, 12, 8, 8, 13, 8, 14, 14, 19, 10, 19]
centers	[[-0.6079155661313044, -0.32826689430856926, 1.9817746183951443, -0.3704965218554002, -0.6750956360998704], [-0.5540424505448978, -0.5203146603935541, 1.998451187359285, -0.44414695427822015, -0.4799471221426129], [-0.5668091236541896, -0.17145960669878008, 1.9717101931377585, -0.6073298378701644, -0.6261116249146248], [-0.5340274075270507, -0.6709575120211662, 1.9135982103052647, 0.06504179963470483, -0.7736550903917528], [-0.8580541025868073, -0.9281565619484745, 1.843227331482771, -0.06823306044535611, 0.011216393497866788], [-0.5867701228471985, -0.3349679791228779, 1.9895796855758094, -0.44846448939523925, -0.6193770942104937], [-0.535201112328253, -0.33754300561364475, 1.9924347037839796, -0.5306861781410488, -0.589004407701033], [-0.768220574202514, -0.5407582466617896, 1.9014930621501738, -0.697091697490296, 0.10457745620442588], [-0.5726517597170375, -0.2817153178113013, 1.986828260467011, -0.5239736270299034, -0.6084875559087691], [-0.7349577813152365, -0.4615139992572097, 1.9365738121881602, -0.7006387592787111, -0.039463272337002704], [-0.49230069713087876, -0.37361184981420986, 1.9898443271872834, -0.4458572351373996, -0.6780745451047953], [-0.8346846437904982, -0.613573627628299, 1.9419660814099897, -0.3343098470524686, -0.15939796293872438], [-0.6146975100767478, -0.31249137221157053, 1.9888635823955467, -0.5730358438604115, -0.488638856246817], [-0.7562773670217023, -0.6849663208906405, 1.8385532629830472, -0.6820239448818154, 0.2847143698111106], [-0.20291677221436993, -0.34898526583171796, 1.960476052172298, -0.6766524271895527, -0.7319215869366573], [-0.5536827475485095, -0.2631348078999018, 1.9849538396609216, -0.601884630009876, -0.5662516542026343], [1.5705375173845355, -0.892781363398027, 0.6949015415798727, -0.7345695361049176, -0.6380881594614636], [-0.6306940846720401, -0.3261800471967681, 1.9826134902084518, -0.6500086698453229, -0.375730688494321], [-0.8141548228980975, -0.6619369195887962, 1.6580709771917805, -0.8360168037209729, 0.654037569016086], [-0.5268585016407574, -0.4612337576411265, 1.979885111665136, -0.2771237731403781, -0.714669079242874], [-0.5606462675712318, -0.41803604349981877, 1.997241879689058, -0.4971107967813219, -0.5214487718366857], [-0.5150578152159375, -0.6282738135307384, 1.9942137019706572, -0.4354496422962738, -0.41543243092770743], [-0.6450112990474405, -0.2387518735299355, 1.977208629292819, -0.44724278105358173, -0.6462026756618613], [-0.531819555653757, -0.61080457045791, 1.9698184695190477, -0.6485576765011927, -0.17863666690618807], [-0.718300915728288, -0.49535122638753204, 1.962394941997387, -0.5968186765849081, -0.1519241232966586], [-0.6222224310213444, -0.42021444023628807, 1.9585940673857956, -0.162206586241591, -0.753950609886572]]
totts	39.663330910096775
withinss	[0.006681245559014006, 0.001773423736826793, 0.0016452721381995622, 0.0, 0.0, 0.0006431351182285949, 0.002548855839911891, 0.019474094311561274, 0.0008288753887783748, 0.012215211760987303, 0.0, 0.03685180625449533, 0.0035595076730345404, 0.0971059463446772, 0.0, 0.0024953972492683567, 1.226865154193539, 0.0027809513267408274, 0.0693085069291598, 0.004378012404833058, 0.008755611249102653, 0.001797354893115315, 0.0, 0.022725631123253008, 0.03361430657329794, 0.021663403933889568]
tot.withinss	1.5777117040019144
betweenss	38.08561920609486
size	[3, 2, 2, 1, 1, 2, 2, 4, 2, 3, 1, 2, 2, 3, 1, 2, 4, 2, 3, 2, 3, 2, 1, 2, 4, 4]
=====クラスタ数27個のとき＝＝＝＝＝
cluster	[19, 7, 7, 7, 10, 18, 5, 12, 3, 25, 10, 8, 3, 14, 18, 3, 4, 25, 11, 8, 23, 11, 23, 20, 9, 26, 27, 14, 1, 25, 17, 15, 8, 21, 6, 23, 2, 9, 22, 23, 8, 24, 11, 13, 13, 17, 14, 26, 6, 14, 16, 22, 22, 17, 22, 2, 2, 21, 6, 21]
centers	[[-0.8580541025868073, -0.9281565619484745, 1.843227331482771, -0.06823306044535611, 0.011216393497866788], [-0.7562773670217023, -0.6849663208906405, 1.8385532629830472, -0.6820239448818154, 0.2847143698111106], [-0.6298164208303195, -0.4046488843682005, 1.9628578337839249, -0.18750411853282004, -0.7408884100525848], [-0.5813325450599216, -0.37098195309745, 1.9824860335995542, -0.3368341297269189, -0.6933374057152637], [-0.49230069713087876, -0.37361184981420986, 1.9898443271872834, -0.4458572351373996, -0.6780745451047953], [-0.7349577813152365, -0.4615139992572097, 1.9365738121881602, -0.7006387592787111, -0.039463272337002704], [1.492548973877131, -0.8279667302659331, 0.8541075542779509, -0.7579243188534157, -0.7607654790357329], [-0.5560303043596697, -0.43929771296371234, 1.9977558233413875, -0.4875255314701225, -0.5149022745478831], [-0.5268585016407574, -0.4612337576411265, 1.979885111665136, -0.2771237731403781, -0.714669079242874], [-0.531819555653757, -0.61080457045791, 1.9698184695190477, -0.6485576765011927, -0.17863666690618807], [-0.5701706603559397, -0.34085507913339114, 1.9908121702183912, -0.46607384302975147, -0.6137125876993089], [-0.20291677221436993, -0.34898526583171796, 1.960476052172298, -0.6766524271895527, -0.7319215869366573], [-0.6212070766669957, -0.3069093649141289, 1.9814189107929394, -0.38732771791964093, -0.6659747512921739], [-0.718300915728288, -0.49535122638753204, 1.962394941997387, -0.5968186765849081, -0.1519241232966586], [-0.599440461594419, -0.4669111078405509, 1.9458027681914078, -0.0863139893679039, -0.793137209388534], [-0.8783358843154199, -0.6277901659230344, 1.9214615947929856, -0.37520749047054813, -0.04012805408398379], [-0.6269039218287488, -0.32932071593347223, 1.9850802913763645, -0.6268702311637232, -0.4019854224504204], [-0.5668091236541896, -0.17145960669878008, 1.9717101931377585, -0.6073298378701644, -0.6261116249146248], [1.8045031479067497, -1.0872252627943084, 0.21728350348563813, -0.6645051878594238, -0.27005620073865566], [-0.5340274075270507, -0.6709575120211662, 1.9135982103052647, 0.06504179963470483, -0.7736550903917528], [-0.8141548228980975, -0.6619369195887962, 1.6580709771917805, -0.8360168037209729, 0.654037569016086], [-0.768220574202514, -0.5407582466617896, 1.9014930621501738, -0.697091697490296, 0.10457745620442588], [-0.5534715145420328, -0.29124645124223697, 1.9880562048739536, -0.5485974579823999, -0.5947407811072841], [-0.6450112990474405, -0.2387518735299355, 1.977208629292819, -0.44724278105358173, -0.6462026756618613], [-0.5320060389322291, -0.598031408831064, 1.9953440414538361, -0.43347448587082127, -0.43183210781972187], [-0.5911424348286883, -0.26827593477129535, 1.9853224599516794, -0.5914424110267898, -0.534461679324906], [-0.7910334032655765, -0.5993570893335636, 1.962470568026994, -0.293412203634389, -0.27866787179346497]]
totts	39.663330910096775
withinss	[0.0, 0.0971059463446772, 0.008118750504353745, 0.0, 0.0, 0.012215211760987303, 0.6121666580235566, 0.016055976617244807, 0.004378012404833058, 0.022725631123253008, 0.004566505654432149, 0.0, 0.0006847583029266448, 0.03361430657329794, 0.0, 0.0, 0.01031102718007343, 0.0016452721381995622, 0.0, 0.0, 0.0693085069291598, 0.019474094311561274, 0.007206183498683073, 0.0, 0.010653196742541738, 0.003239924701658194, 0.0]
tot.withinss	0.9334699628114396
betweenss	38.72986094728534
size	[1, 3, 3, 1, 1, 3, 3, 4, 2, 2, 3, 1, 2, 4, 1, 1, 3, 2, 1, 1, 3, 4, 4, 1, 3, 2, 1]
=====クラスタ数28個のとき＝＝＝＝＝
cluster	[27, 6, 6, 23, 15, 3, 5, 28, 13, 14, 9, 20, 13, 17, 3, 13, 26, 25, 7, 20, 7, 22, 7, 8, 13, 4, 1, 2, 18, 16, 12, 13, 16, 24, 21, 7, 11, 5, 19, 7, 20, 22, 22, 22, 26, 12, 2, 4, 2, 2, 1, 19, 19, 10, 19, 11, 11, 24, 21, 24]
centers	[[-0.8346846437904982, -0.613573627628299, 1.9419660814099897, -0.3343098470524686, -0.15939796293872438], [-0.7258830554808517, -0.5156300799641144, 1.955566125611755, -0.6049663442638363, -0.10908664590295244], [-0.5668091236541896, -0.17145960669878008, 1.9717101931377585, -0.6073298378701644, -0.6261116249146248], [-0.5911424348286883, -0.26827593477129535, 1.9853224599516794, -0.5914424110267898, -0.534461679324906], [-0.5038886566368252, -0.40845707119988844, 1.986939247644377, -0.38190206182496356, -0.6926914579827], [1.5883165837138118, -0.7621106413263179, 0.7431313507559224, -0.6152167734650655, -0.9541205196783504], [-0.5501715587083106, -0.3035230168246731, 1.9891003917998737, -0.5391364764456752, -0.5962693398212151], [-0.5340274075270507, -0.6709575120211662, 1.9135982103052647, 0.06504179963470483, -0.7736550903917528], [-0.5861360417114239, -0.5913693992267044, 1.9572757107149332, -0.6829531557441144, -0.09681711403269054], [-0.619323596142166, -0.33560205340688054, 1.9900138937121898, -0.5805933538005239, -0.45449489036261925], [-0.7562773670217023, -0.6849663208906405, 1.8385532629830472, -0.6820239448818154, 0.2847143698111106], [-0.6306940846720401, -0.3261800471967681, 1.9826134902084518, -0.6500086698453229, -0.375730688494321], [-0.6054260222448242, -0.43200459672836766, 1.9620224649543967, -0.17702540054691857, -0.7475664454342864], [-0.5160257931467631, -0.6507583762138031, 1.9922457949512975, -0.4284496141531871, -0.39701201143754444], [-0.47750306959609023, -0.6302397416891157, 1.9823612283231622, -0.6141621972582709, -0.2604562197796856], [-0.5540424505448978, -0.5203146603935541, 1.998451187359285, -0.44414695427822015, -0.4799471221426129], [-0.6945243277696564, -0.42078558312067615, 1.9744284325579016, -0.6208254349795463, -0.2382930866880226], [-0.8580541025868073, -0.9281565619484745, 1.843227331482771, -0.06823306044535611, 0.011216393497866788], [-0.768220574202514, -0.5407582466617896, 1.9014930621501738, -0.697091697490296, 0.10457745620442588], [-0.5606462675712318, -0.41803604349981877, 1.997241879689058, -0.4971107967813219, -0.5214487718366857], [-0.7400102285828991, -0.4413205001723118, 1.931304134774553, -0.7242500860704371, -0.02572331994890506], [-0.6076233586258817, -0.303664694164134, 1.9847822173121388, -0.4367367678667168, -0.6367573966554063], [1.3010137542037687, -0.9596789081451637, 1.076059961322008, -1.0433394096301158, -0.3740553977504978], [-0.8141548228980975, -0.6619369195887962, 1.6580709771917805, -0.8360168037209729, 0.654037569016086], [-0.5140898372851119, -0.6057892508476737, 1.9961816089900168, -0.4424496704393605, -0.43385285041787036], [-0.6059024043161119, -0.33941486902243156, 1.9812814931906577, -0.35435712697169697, -0.6816070928804174], [1.8045031479067497, -1.0872252627943084, 0.21728350348563813, -0.6645051878594238, -0.27005620073865566], [-0.20291677221436993, -0.34898526583171796, 1.960476052172298, -0.6766524271895527, -0.7319215869366573]]
totts	39.663330910096775
withinss	[0.03685180625449533, 0.0203854590220289, 0.0016452721381995622, 0.003239924701658194, 0.011321656163166018, 0.11071190275300304, 0.012296998713099425, 0.0, 0.0, 0.0, 0.0971059463446772, 0.0027809513267408274, 0.035528121152963395, 0.0, 0.0, 0.001773423736826793, 0.0, 0.0, 0.019474094311561274, 0.008755611249102653, 0.004971080721663512, 0.012088683239515013, 0.0, 0.0693085069291598, 0.0, 0.0040925307402176125, 0.0, 0.0]
tot.withinss	0.4523319694980785
betweenss	39.2109989405987
size	[2, 4, 2, 2, 2, 2, 5, 1, 1, 1, 3, 2, 5, 1, 1, 2, 1, 1, 4, 3, 2, 4, 1, 3, 1, 2, 1, 1]
=====クラスタ数29個のとき＝＝＝＝＝
cluster	[17, 7, 7, 7, 3, 8, 19, 1, 26, 18, 3, 13, 26, 24, 8, 26, 11, 18, 19, 13, 2, 19, 2, 14, 27, 16, 4, 20, 23, 18, 22, 9, 13, 29, 5, 2, 28, 27, 5, 2, 13, 6, 19, 10, 10, 22, 20, 16, 20, 20, 4, 5, 5, 22, 5, 12, 21, 15, 20, 25]
centers	[[-0.20291677221436993, -0.34898526583171796, 1.960476052172298, -0.6766524271895527, -0.7319215869366573], [-0.5534715145420328, -0.29124645124223697, 1.9880562048739536, -0.5485974579823999, -0.5947407811072841], [-0.531819555653757, -0.61080457045791, 1.9698184695190477, -0.6485576765011927, -0.17863666690618807], [-0.8346846437904982, -0.613573627628299, 1.9419660814099897, -0.3343098470524686, -0.15939796293872438], [-0.7632486046030006, -0.5199312582131204, 1.905324082542006, -0.7083679477724778, 0.08622372804659281], [-0.6450112990474405, -0.2387518735299355, 1.977208629292819, -0.44724278105358173, -0.6462026756618613], [1.492548973877131, -0.8279667302659331, 0.8541075542779509, -0.7579243188534157, -0.7607654790357329], [-0.5668091236541896, -0.17145960669878008, 1.9717101931377585, -0.6073298378701644, -0.6261116249146248], [-0.599440461594419, -0.4669111078405509, 1.9458027681914078, -0.0863139893679039, -0.793137209388534], [-0.6212070766669957, -0.3069093649141289, 1.9814189107929394, -0.38732771791964093, -0.6659747512921739], [-0.5813325450599216, -0.37098195309745, 1.9824860335995542, -0.3368341297269189, -0.6933374057152637], [-0.7933475623651507, -0.5712502624344276, 1.84180688816424, -0.7573317839980064, 0.2801227206333445], [-0.5560303043596697, -0.43929771296371234, 1.9977558233413875, -0.4875255314701225, -0.5149022745478831], [-0.5340274075270507, -0.6709575120211662, 1.9135982103052647, 0.06504179963470483, -0.7736550903917528], [-0.8408177503739697, -0.6862322276554802, 1.5544610191712849, -0.8519734066526236, 0.8245623655107882], [-0.5911424348286883, -0.26827593477129535, 1.9853224599516794, -0.5914424110267898, -0.534461679324906], [1.8045031479067497, -1.0872252627943084, 0.21728350348563813, -0.6645051878594238, -0.27005620073865566], [-0.5320060389322291, -0.598031408831064, 1.9953440414538361, -0.43347448587082127, -0.43183210781972187], [-0.5507031695496745, -0.34904427180359576, 1.9905702094606141, -0.4610196910566635, -0.6298030770506805], [-0.7280383905768518, -0.5017076031565275, 1.9528449215773585, -0.622978520059003, -0.10012040778497608], [-0.8712621546166673, -0.7445901437682181, 1.817803675680413, -0.5262317250675579, 0.3242803477720301], [-0.6269039218287488, -0.32932071593347223, 1.9850802913763645, -0.6268702311637232, -0.4019854224504204], [-0.8580541025868073, -0.9281565619484745, 1.843227331482771, -0.06823306044535611, 0.011216393497866788], [-0.6945243277696564, -0.42078558312067615, 1.9744284325579016, -0.6208254349795463, -0.2382930866880226], [-0.7816096225405978, -0.6694513170417495, 1.6869020737138707, -0.8484930157279844, 0.6126518815964612], [-0.6298164208303195, -0.4046488843682005, 1.9628578337839249, -0.18750411853282004, -0.7408884100525848], [-0.5268585016407574, -0.4612337576411265, 1.979885111665136, -0.2771237731403781, -0.714669079242874], [-0.6042223840832892, -0.7390585564692755, 1.8560492251044893, -0.7625083255798818, 0.24974004102795722], [-0.8200370957797252, -0.6301272140691586, 1.7328498386901863, -0.807583988782311, 0.5248984599410087]]
totts	39.663330910096775
withinss	[0.0, 0.007206183498683073, 0.022725631123253008, 0.03685180625449533, 0.03821757040156445, 0.0, 0.6121666580235566, 0.0016452721381995622, 0.0, 0.0006847583029266448, 0.0, 0.0, 0.016055976617244807, 0.0, 0.0, 0.003239924701658194, 0.0, 0.010653196742541738, 0.013333140689916912, 0.03259981270392684, 0.0, 0.01031102718007343, 0.0, 0.0, 0.0, 0.008118750504353745, 0.004378012404833058, 0.0, 0.0]
tot.withinss	0.8181877212872274
betweenss	38.845143188809544
size	[1, 4, 2, 2, 5, 1, 3, 2, 1, 2, 1, 1, 4, 1, 1, 2, 1, 3, 4, 5, 1, 3, 1, 1, 1, 3, 2, 1, 1]
##########################クラスタ数3個の時の平均##########################
cl[1] = [-0.7626451354880165, -0.5578560853233414, 1.844711615750284, -0.03318084942879877, 1.9999829376893627]
cl[2] = [1.5705375173845355, -0.5792699163623335, 1.8392811229992099, 1.1251104400144876, 0.49385660369178536]
cl[3] = [-0.5714816934658159, -0.3590061062664675, 1.9807986140961884, 1.3227853029722447, 0.9796247326645133]
##########################クラスタ数3個の時の標準偏差##########################
cl[1] = [0.07652804426905946, 0.10146293072279752, 0.1039598470448838, 0.4234402041625487, 2.5687843208782494e-05]
cl[2] = [0.19304204507375136, 0.2584176413705584, 0.1555164249243208, 0.8989052784126595, 1.506447746068997]
cl[3] = [0.0860387147673493, 0.11070515909948475, 0.023391567341354197, 0.8683123155858593, 1.2056716445633437]
##########################異常データ(標準化)##########################
[1.7882974315594882, -0.6328603947455873, 1.7263018753257988, -0.2062065211988931, 1.9999953799133579]
[1.783852303934138, -0.2678337348534132, 1.9819608665012767, -0.08049041379860919, 1.9999315265731534]
[1.9232002363970768, -0.21846049603344836, 1.9956039308077271, -0.5293880814381325, 1.9988778594410783]
[1.8236828177052313, -0.17463325561977236, 1.999930955676612, -0.644073880143778, 1.9710037029026382]
[1.323574142540898, -0.26304343048379364, 1.9942171637987456, -0.5097500466126464, 1.9998546502605254]

[1.5227757626471325, -0.23225558205058827, 1.9970841537405928, -0.5173022163463178, 1.9995794879844242]
[1.4168687912209488, -0.14163080819045634, 1.9999775749809832, 1.5976333645360268, 1.9318012889048242]
[0.8218770752466589, -0.28653655578856635, 1.9951519886915148, 1.984223399631198, 1.9887635155393146]
[1.2912830207268904, -0.24401366625494195, 1.9987027347091562, 1.9993293787276645, -0.2531526516649456]
[1.2030227540508893, -0.2074601024146428, 1.9995127825540882, 0.7778427483437359, 1.9983696749775257]

[1.3547442393023081, -0.37824727321038876, 1.9817632455866758, -0.03880417061502829, 1.9998811292475143]
[1.2889944423423323, -0.2572584519695189, 1.9900752746089254, -0.22862378001260586, 1.9998842558556835]
[0.3745740348164853, -0.23211327935644946, 1.9989363816069585, 0.44312201064775164, 1.9998393094274407]
[0.8379343140460381, -0.648788195967621, 1.6752658359213828, -0.2634156937369433, 1.999997440326671]
[1.5660424987446906, -0.5064861491245127, 1.909734447394646, -0.18049468483505124, 1.9999864921520312]

[0.36643168647090096, -0.4556660809556243, 1.970405043046354, 1.6937447390579137, 1.9999400571648789]
[1.0389905018031582, -0.3205320196047053, 1.9897971619888235, 0.735741081863254, 1.9999395960521784]
[-0.1316674254092705, -0.4424139103034247, 1.9981461401934788, 1.7691963285252184, 1.9998522202332276]
[0.6693418996170796, -0.29215951324680134, 1.9977969518191074, 1.9994213957372624, 1.322854778057657]
[0.8820124324038918, -0.43795070516588847, 1.9609559957008533, 1.2134979318905998, 1.9999875034286396]

[-0.18077744913128624, -0.5255833446960432, 1.875119727125469, 1.8482427341861476, 1.9999704430663765]
[0.9839141918192075, -0.4949932450550885, 1.925308404190136, 0.654208585994302, 1.9999937886335248]
[0.7697972197564023, -0.4486543213232201, 1.9321172218103106, 0.14959351782552574, 1.9999950698658415]
[0.44066058607883635, -0.6448954339542751, 1.8979062692478883, 1.0007524918652893, 1.9999887432279029]
[0.8524022034463045, -0.46986985541227877, 1.9687027556980854, 0.9350984783027759, 1.999980395511921]

[0.6772016132819096, -0.35539632764324003, 1.9867977776112091, 0.9201858611131473, 1.9999657683109748]
[0.41601854240511876, -0.5111143732588642, 1.9845154154809794, 0.3891535980814859, 1.9999780306523052]
[0.6168895155888031, -0.48763551465919136, 1.93249068323137, -0.13348404140258432, 1.999990900022459]
[0.73769799087902, -0.40979117762891515, 1.8902625631661392, -0.29297921274320704, 1.999994829329821]
[0.07725527548993781, -0.5661379174595287, 1.8485729925557919, -0.15197425093745276, 1.9999971319689833]

[-0.2106531328430577, -0.5724419998518887, 1.7964736369552103, -0.21728324910700647, 1.9999992236073063]
[0.608267754286394, -0.5704455022456394, 1.8364331566315384, -0.2989089593955068, 1.9999955577698292]
[0.04273585096687362, -0.3182460080565988, 1.9737771798033048, -0.047395977332622345, 1.999985259771366]
[0.07485803011889057, -0.3302226973037008, 1.9480543151771927, -0.43879950525626366, 1.9999919240971307]
[0.28596890174853534, -0.395029618795184, 1.926236701436247, -0.4618853464016958, 1.9999909134231586]

[-0.7166732802654017, -0.3168389104931779, 1.9741967535656004, -0.051212480395675504, 1.9999877914483215]
[-0.6921319190894386, -0.33800715679175936, 1.9696081177628104, -0.15876706396375911, 1.9999750730327799]
[-0.5479079390248106, -0.28974515966928216, 1.999476118092895, 0.9461977374518233, 1.9983689806293794]
[-0.6515066846824185, -0.4687516378638775, 1.9700634639925882, -0.10321774084081083, 1.9999893635755566]
[-0.7172580601979227, -0.3627646271773935, 1.951015546593883, -0.23197402303787434, 1.9999921574651396]

[-0.7208617133590489, -0.4190043432836097, 1.9517041115472853, -0.2635134662819638, 1.9999887457597612]
[-0.9113681191505935, -0.7150003349425195, 1.6733261363922443, 0.025637045314826967, 1.999998999821178]
[-0.7674273054249363, -0.41679504366974557, 1.9502856056263171, 0.17838560206232426, 1.9999937811628556]
[-0.7701390509374711, -0.4375463797724564, 1.9278313147144686, -0.20385986869055484, 1.9999973420721873]
[-0.8367005670474956, 0.7332148152110924, 1.9960851958872896, -0.33721482662960256, 1.999998403493804]

[-0.8883137296383822, 0.7835471162651494, 1.9865851250425939, -0.27132382073306244, 1.999999318148646]
[-0.7762336524438481, -0.6361078572300242, 1.8161626003714986, -0.39402102911059284, 1.9999984999217957]
[-0.6953812818817673, -0.4828774536954016, 1.947011003888682, -0.35107408259582457, 1.9999925260157203]
[-0.6838553750405536, -0.39426454084299317, 1.9726436422177256, -0.3121944509954558, 1.9999890491961176]
[-0.7445542828030288, -0.5340299896400224, 1.8921747012793735, -0.4363799820502109, 1.999996300049482]

[-0.641786157139049, -0.47958705204088353, 1.9644222065412311, -0.391200099790126, 1.999987589706728]
[-0.7031870161336593, -0.618437968047625, 1.9144797243950573, -0.3383812709873453, 1.9999787886379226]
[-0.6557095778112102, -0.3938389597555386, 1.978907328915655, -0.16369592621839774, 1.9999814807977998]
[-0.6711849956314, -0.32482313941662866, 1.9809269995334553, -0.3791607746245663, 1.9999881987270687]
[-0.7819309402062325, -0.43189647878065274, 1.9181968564619085, -0.25034508739831474, 1.9999859480987952]

[-0.7337882565352997, -0.37598811952612726, 1.9209885610880897, -0.4694496652519854, 1.99999206984657]
[-0.7582090227122862, -0.4084230224582757, 1.9177078247439772, -0.44248545858161603, 1.999992036486028]
[-0.8120330871860727, -0.6364092921621969, 1.6788176268732697, -0.5001350179444659, 1.9999954055976255]
[-0.7907957351849715, -0.4876345364940013, 1.8458882156886762, -0.4818442387650895, 1.9999968098171126]
[-0.8327660546257941, -0.5991124845405426, 1.784268862303605, -0.2995479978295827, 1.9999973963449305]

##########################逸脱度##########################
2.244178335197188
2.512669310096832
3.268501939235179
3.1739023944068387
2.904105642860498

2.689143019478143
2.3993551902858696
4.384811195858644
2.4532266765679824
2.811200241520244

2.3173491636909094
2.8084589101293234
6.543395308270017
4.3557623466669195
1.8423522053259855

6.422317715670634
3.2723502549576096
5.3130663391770465
5.031507238408233
3.826469541613633

6.661692162584821
3.3046794680131284
4.471590450810783
5.9567641357508965
3.96927810192443

4.910925029938222
6.195149724953182
5.277270606324187
4.758047619718035
7.928591653689872

7.270035363695552
5.325279143880718
7.37530371653234
7.955644006993325
7.015536925783987

2.5085033564819126
2.4204766784097425
1.4163683829203177
2.1033549153276323
2.3331682491938865

1.8913199954045428
3.050167684440758
1.84279166467332
1.5911505409468547
10.565930644057147

11.145616155901942
1.3397563310541956
1.7291249620711588
2.380066687114202
1.2234120717184007

2.272184257582329
1.398615703362752
2.170432639710304
2.4487355540726923
1.543074460658391

2.2541786869974327
1.9301014969127015
2.2391882128046605
1.424338744460589
1.433685224074217

##############################################################
タイムスロット0 = [33.36709778107877, 2.244178335197188, 29.67397365853005]
タイムスロット1 = [33.4840314025927, 2.512669310096832, 27.448399710303608]
タイムスロット2 = [55.65151981060604, 3.268501939235179, 29.120094564167328]
タイムスロット3 = [1128.6446531595832, 3.1739023944068387, 28.003858615729065]
タイムスロット4 = [27.926191425971076, 2.904105642860498, 22.167055977641756]
タイムスロット5 = [33.945193667023965, 2.689143019478143, 24.484284327942074]
タイムスロット6 = [2654.397143299169, 2.3993551902858696, 23.223296844718234]
タイムスロット7 = [437.287016209606, 4.384811195858644, 16.25882855688047]
タイムスロット8 = [87712.14000400736, 2.4532266765679824, 21.72678537422067]
タイムスロット9 = [67.98326939777289, 2.811200241520244, 20.71210578531345]
タイムスロット10 = [28.037580015218477, 2.3173491636909094, 22.459404317953933]
タイムスロット11 = [27.28415398620503, 2.8084589101293234, 21.736953600374154]
タイムスロット12 = [16.305216880707682, 6.543395308270017, 11.16076970612011]
タイムスロット13 = [21.012113369670274, 4.3557623466669195, 21.209794506070214]
タイムスロット14 = [30.4421467570461, 1.8423522053259855, 25.13821135142233]
タイムスロット15 = [15.47801828602863, 6.422317715670634, 10.985973716325049]
タイムスロット16 = [23.828477990957825, 3.2723502549576096, 18.756474291136396]
タイムスロット17 = [10.745526404250274, 8.977209323062077, 5.3130663391770465]
タイムスロット18 = [26359.87538378194, 5.031507238408233, 14.476397138037099]
タイムスロット19 = [21.753297070088255, 3.826469541613633, 16.95140579934913]
タイムスロット20 = [8.830389869493738, 9.167752716886886, 6.661692162584821]
タイムスロット21 = [22.9055434327228, 3.3046794680131284, 18.30995672987367]
タイムスロット22 = [20.081300725154474, 4.471590450810783, 15.828878134445713]
タイムスロット23 = [15.94510465308134, 5.9567641357508965, 12.588386443473606]
タイムスロット24 = [21.278905026279798, 3.96927810192443, 16.61524794740924]
タイムスロット25 = [19.114282120998606, 4.910925029938222, 14.547382692140538]
タイムスロット26 = [15.500483739423649, 6.195149724953182, 11.641134300723095]
タイムスロット27 = [18.063767058494, 5.277270606324187, 14.139193535039418]
タイムスロット28 = [19.679274533737818, 4.758047619718035, 15.839872254577067]
タイムスロット29 = [10.992914679638337, 7.928591653689872, 9.793219831222565]
タイムスロット30 = [7.270035363695552, 9.404410449390541, 9.341359277246951]
タイムスロット31 = [17.93218879402102, 5.325279143880718, 15.295638668933067]
タイムスロット32 = [10.857351108856143, 8.191828670167478, 7.37530371653234]
タイムスロット33 = [11.261748422000183, 8.091671385728715, 7.955644006993325]
タイムスロット34 = [13.85879225362001, 7.015536925783987, 10.478827953036571]
タイムスロット35 = [2.755421930008599, 12.036488281024281, 2.5085033564819126]
タイムスロット36 = [2.677500119576545, 11.91629765454346, 2.4204766784097425]
タイムスロット37 = [63.007787329630595, 11.12574808294486, 1.4163683829203177]
タイムスロット38 = [2.1033549153276323, 11.672727593815576, 2.339173365810347]
タイムスロット39 = [2.3331682491938865, 12.039510137278489, 2.9009131272932143]
タイムスロット40 = [1.8913199954045428, 12.04943443182993, 2.984769732140082]
タイムスロット41 = [3.050167684440758, 13.007994230781177, 14.20120888821303]
タイムスロット42 = [1.84279166467332, 12.234950305032363, 3.1006330998692837]
タイムスロット43 = [1.5911505409468547, 12.281335823406186, 3.8430849760158754]
タイムスロット44 = [12.878236375380471, 13.636698789643482, 10.565930644057147]
タイムスロット45 = [13.41889612308217, 13.941413714959404, 11.145616155901942]
タイムスロット46 = [1.3397563310541956, 12.317206994705542, 8.12965055112451]
タイムスロット47 = [1.7291249620711588, 11.920360759495066, 3.137586695202936]
タイムスロット48 = [2.380066687114202, 11.882155668362707, 2.48807588431066]
タイムスロット49 = [1.2234120717184007, 12.16502594219594, 5.071589704489993]
タイムスロット50 = [2.272184257582329, 11.661057597278111, 2.637579198516161]
タイムスロット51 = [1.398615703362752, 11.943093430347838, 4.499923071383355]
タイムスロット52 = [2.515987185128543, 11.72064515878724, 2.170432639710304]
タイムスロット53 = [3.021527970191828, 11.851238820298452, 2.4487355540726923]
タイムスロット54 = [1.543074460658391, 12.346237621830932, 4.19251717326888]
タイムスロット55 = [2.2541786869974327, 12.146232736033067, 3.885415963385072]
タイムスロット56 = [1.9301014969127015, 12.257983942027915, 4.127140492924328]
タイムスロット57 = [2.2391882128046605, 12.55837898779206, 13.633888068147092]
タイムスロット58 = [1.424338744460589, 12.407667214979877, 6.793156125172401]
タイムスロット59 = [1.433685224074217, 12.595076612884776, 9.419265485962972]
