##########################通常データ(標準化)##########################
[2.420752229306136, -0.03540315334347394, 0.21737157954632236, 0.473840087686305, 0.8500285203362986, 2.2861275821046143, 2.4494884440104627]
[2.3474098467607294, 0.4235765059598889, 2.1373178823546097, -0.628575289997047, -0.6251443836371805, 0.9320906460261482, 2.4482460017103995]
[2.3853856859010447, -0.40720949759846997, -0.011365366256289257, 2.1781079438386, 0.6762782752600655, 0.3097409392506001, 2.4482741456380657]
[2.051867605935265, -0.1296817877433707, -0.43454165971890274, -0.5078262196887297, 2.3932916428898414, -0.11868992942405424, 2.4481344040031865]
[2.340352590279043, 0.5832049949443225, -0.4145457417289743, -0.466243304679416, 2.4407783716227676, 0.5578685767370728, 2.446016698925651]

[2.3957616438947342, 0.8839913800254682, -0.49004246035356147, 2.2562396121931547, -0.3612500658863056, 0.39881396061281166, 2.44756170973366]
[2.1827807652162385, -0.370642177607865, -0.337581372177207, -0.5180850251873421, 2.2496656452801744, 1.411049613844064, 2.4491829297957852]
[2.4168832136463334, 0.5940985000557755, 1.6409212817979357, 1.790154315721714, -0.3856146272803458, 1.8426272738129301, 2.448538964572514]
[2.3069978708303354, -0.017974133480196733, -0.549294088314267, 0.03375304017433934, 2.336241869326933, -0.07153465974343558, 2.449306294326805]
[2.414087094052376, 1.6731354255921018, 0.220172324776648, -0.493527161002823, -0.3196485731664727, -0.18892765085399188, 2.449129716813371]

[2.4309493350485822, 1.3240704352006094, 1.078722356006288, -0.8318812835279181, 1.267883082942876, 0.778163419906468, 2.449238456549604]
[2.4155673824934443, 2.1363159188476595, 2.2918239423893154, -0.7933501343000926, 0.3473666847041085, 0.5378706931431116, 2.44687901162792]
[2.4083490420821794, 1.3134025143007382, 0.897379377907102, -0.57316520579054, -0.2393333695041911, 0.13855629910920625, 2.4493365714258344]
[2.414819320468966, 1.597891831843851, 1.6259942668296634, -0.5789732579566609, -0.3623131583129302, 0.23151839906130942, 2.44901475592923]
[2.4176839990194043, 1.7155740038780631, 2.2107722768179325, -0.6782993425501099, -0.3601247085981112, 0.5039819835490559, 2.44545171744583]

[2.414567859951981, 1.5761194567320316, -0.47626951690324454, -0.6798238646827569, 1.5962126665908407, -0.23052226462995018, 2.4486888913695712]
[2.370978894137342, 0.6388737656406591, 0.2523198995098191, -0.602374923875854, 2.357767369234083, 1.4144838914070996, 2.4491017917937645]
[2.424963539247798, 2.107990866734207, 0.8453901133699927, -0.8401515539592206, 1.693820795523613, 1.197825084844617, 2.4490535893950787]
[2.362076412048661, 0.4578932253024375, 0.03356801313885642, -0.3716831483027371, 2.4058819437086063, 1.6036193130719065, 2.4492108589262176]
[2.210006262026928, -0.03372822233959364, -0.32542442657549736, 1.7359333957826886, 2.441613500579343, 0.8232019723716519, 2.4485510646732904]

[2.2919006973808336, 0.22031929194351824, 1.0573512739438746, -0.5423970529963371, 2.4069344716990844, 1.923574500263003, 2.4487108237835935]
[2.2917729942133196, 0.2207284375072683, 0.11027972836516031, -0.48611948811815986, 2.4363521532411165, 1.7143610746216291, 2.448473914098053]
[2.3106673617636226, 0.26607385799734756, 0.070508212997491, -0.39318182356331155, 2.41874458834204, 1.8659294743045174, 2.448399377966642]
[2.4229018778840805, 1.8156238835418996, 0.7289210950561983, -0.6922118888850178, 2.1869622132406503, 2.16869326790448, 2.447469893184333]
[2.285802458555031, 0.3249703974618203, -0.3135326757334418, -0.495650310259736, 2.4289293063125816, 0.5967060653552277, 2.4474588916613573]

[2.224765783552413, 0.1921381159697123, -0.1459866570413059, -0.5004655697111762, 2.430047750142942, 1.907446023906461, 2.448186727686575]
[2.1590736753113, -0.30705293822162266, 0.29396529122874326, -0.012476094925941181, 2.438705416472142, 1.3408212684441054, 2.448154343893714]
[1.868984307188835, -0.20040208611595448, -0.4346160054844499, -0.4682641805789801, 2.4360169893626638, 0.05401695554973002, 2.448589811391107]
[2.3629260815513864, 0.542366309498974, -0.34872619415036965, 0.13690249290157128, 2.442178058088109, 0.4882251787036722, 2.447349120948627]
[2.0438104413377625, -0.08278207659810218, -0.348920467417776, -0.48996872426549964, 2.4341080991684616, 1.9268118672494712, 2.448325990250438]

##########################クラスタ数##########################
2
##########################クラスタリング結果##########################
=====クラスタ数1個のとき＝＝＝＝＝
cluster	[1, 1, 1, 1, 1, 1, 1, 1, 1, 1, 1, 1, 1, 1, 1, 1, 1, 1, 1, 1, 1, 1, 1, 1, 1, 1, 1, 1, 1, 1]
centers	[2.3131615423695364, -0.3150003808901191, -0.446663204106029, -0.5496131389087441, 0.03308017590649033, -0.5600175707517604, -0.47494742361937503]
totts	15.245603573606665
withinss	15.245603573606658
tot.withinss	15.245603573606658
betweenss	7.105427357601002e-15
size	30
=====クラスタ数2個のとき＝＝＝＝＝
cluster	[1, 1, 1, 2, 2, 1, 2, 1, 2, 1, 1, 1, 1, 1, 1, 1, 2, 1, 2, 2, 2, 2, 2, 1, 2, 2, 2, 2, 2, 2]
centers	[[2.40929157641127, -0.2248614952766343, -0.3453000507648049, -0.48371926417905936, -0.5053473808977119, -0.48334458506781836, -0.3667188002252419], [2.2290477625830203, -0.3938719058019184, -0.5353559632795999, -0.6072702792972182, 0.5042042881101673, -0.6271064332252096, -0.5696474690892416]]
totts	15.245603573606665
withinss	[2.3527604022488036, 3.9815218020151133]
tot.withinss	6.334282204263917
betweenss	8.911321369342748
size	[14, 16]
=====クラスタ数3個のとき＝＝＝＝＝
cluster	[1, 1, 1, 2, 3, 1, 2, 1, 3, 1, 1, 1, 1, 1, 1, 1, 3, 1, 3, 3, 3, 3, 3, 1, 3, 3, 2, 2, 3, 2]
centers	[[2.40929157641127, -0.2248614952766343, -0.3453000507648049, -0.48371926417905936, -0.5053473808977119, -0.48334458506781836, -0.3667188002252419], [2.0613033589978818, -0.5243637049829559, -0.5980138998267954, -0.7085381815968, 0.9167234511591745, -0.6270123933162715, -0.5200986304342334], [2.3052952187580824, -0.33455745162871947, -0.5068750830308747, -0.5612394146155902, 0.3166955776333458, -0.6271491786383634, -0.5921696684778813]]
totts	15.245603573606665
withinss	[2.3527604022488036, 0.5619758762854902, 1.7324575200978711]
tot.withinss	4.6471937986321645
betweenss	10.5984097749745
size	[14, 5, 11]
=====クラスタ数4個のとき＝＝＝＝＝
cluster	[4, 4, 2, 3, 1, 2, 3, 4, 1, 4, 4, 4, 4, 4, 4, 4, 1, 4, 1, 2, 1, 1, 1, 4, 1, 1, 3, 3, 1, 3]
centers	[[2.3148241144311976, -0.32239952895667084, -0.49158199697707045, -0.6520948078289018, 0.3301517421627468, -0.6067239656267971, -0.5721755572045053], [2.330384530607567, -0.412617053671578, -0.577120328637424, 0.15604398904938513, -0.3246757727964267, -0.6670572894931556, -0.5049580750583696], [2.0613033589978818, -0.5243637049829559, -0.5980138998267954, -0.7085381815968, 0.9167234511591745, -0.6270123933162715, -0.5200986304342334], [2.4124112283301673, -0.19719553760061267, -0.31355380569699287, -0.5744072623447884, -0.49322517348661266, -0.4664211359353348, -0.3676083132658267]]
totts	15.245603573606665
withinss	[0.6626835324566678, 0.7088251914172399, 0.5619758762854902, 1.406048081822182]
tot.withinss	3.33953268198158
betweenss	11.906070891625085
size	[10, 3, 5, 12]
=====クラスタ数5個のとき＝＝＝＝＝
cluster	[1, 1, 4, 2, 3, 4, 2, 1, 3, 1, 1, 1, 1, 1, 1, 1, 3, 1, 3, 4, 5, 5, 3, 1, 3, 5, 5, 2, 3, 2]
centers	[[2.4124112283301673, -0.19719553760061267, -0.31355380569699287, -0.5744072623447884, -0.49322517348661266, -0.4664211359353348, -0.3676083132658267], [2.036860779919527, -0.5098704046994235, -0.6693509899985892, -0.7486554085336923, 0.9614763427682465, -0.5990714674190598, -0.47138885203700853], [2.3342573813093455, -0.3114887504296412, -0.5500483428870382, -0.6093284438893762, 0.28403971025842745, -0.6060222295079065, -0.5414093248538115], [2.330384530607567, -0.412617053671578, -0.577120328637424, 0.15604398904938513, -0.3246757727964267, -0.6670572894931556, -0.5049580750583696], [2.241878287614465, -0.4064777356690765, -0.3445367771752644, -0.7009295612281541, 0.5127378336353408, -0.640965036654436, -0.6617070105228766]]
totts	15.245603573606665
withinss	[1.406048081822182, 0.3087353379801183, 0.27522143189173703, 0.7088251914172399, 0.34862928507500246]
tot.withinss	3.04745932818628
betweenss	12.198144245420385
size	[12, 4, 7, 3, 4]
=====クラスタ数6個のとき＝＝＝＝＝
cluster	[3, 3, 5, 4, 1, 5, 4, 3, 1, 2, 2, 2, 2, 2, 2, 2, 1, 2, 1, 5, 6, 1, 1, 2, 1, 1, 6, 4, 1, 4]
centers	[[2.3173711607701275, -0.3183496809864008, -0.5369304764269017, -0.6340886036169217, 0.3355122912946655, -0.6039122227278108, -0.5596024683067587], [2.418209938916535, -0.1387095586057112, -0.36874733597601556, -0.6038410391002738, -0.4550064355174308, -0.5145241083250286, -0.3373814613920753], [2.3950150965710666, -0.372653474585317, -0.14797321485992468, -0.4861059320783323, -0.6078813873941583, -0.32211221876625334, -0.4582888688870807], [2.036860779919527, -0.5098704046994235, -0.6693509899985892, -0.7486554085336923, 0.9614763427682465, -0.5990714674190598, -0.47138885203700853], [2.330384530607567, -0.412617053671578, -0.577120328637424, 0.15604398904938513, -0.3246757727964267, -0.6670572894931556, -0.5049580750583696], [2.225487186346065, -0.4705925334030935, -0.19805561053410425, -0.6811099597929771, 0.509809342349183, -0.6854028743113965, -0.700135550653679]]
totts	15.245603573606665
withinss	[0.4288346747012725, 0.42146627836136136, 0.5505968267816533, 0.3087353379801183, 0.7088251914172399, 0.20548038754307218]
tot.withinss	2.623938696784718
betweenss	12.621664876821947
size	[9, 9, 3, 4, 3, 2]
=====クラスタ数7個のとき＝＝＝＝＝
cluster	[6, 5, 7, 4, 2, 7, 1, 5, 2, 5, 6, 5, 5, 5, 5, 6, 2, 6, 2, 3, 2, 2, 2, 6, 2, 1, 1, 4, 2, 4]
centers	[[2.18887340802665, -0.5136814564445613, -0.5028124918866274, -0.6904717640327348, 0.6766940344468554, -0.5883254431193193, -0.5702762869902633], [2.324830595639952, -0.32061214852486536, -0.48569989879003944, -0.6428778083478702, 0.2997042437747071, -0.6092045608492175, -0.5661404229026673], [2.21000626202693, -0.456136678349206, -0.659805943568917, 0.347314517517527, 0.182133932339336, -0.831401308754027, -0.792110781211642], [1.9882207848206235, -0.4730867028080053, -0.6753843013781481, -0.7354411396813276, 1.0525714600368037, -0.6514947486161377, -0.505385352373808], [2.4049714140747755, -0.18043563675629895, -0.22002884206638243, -0.5684775511052192, -0.60599401239385, -0.5055970964801563, -0.3244382752728697], [2.422826968287716, -0.2206593987826518, -0.44448875477984745, -0.582708858080185, -0.3353487990164804, -0.41157479117258455, -0.42804636645596644], [2.390573664897885, -0.390857241332764, -0.5357775211716775, 0.06040872481531421, -0.578080625364308, -0.58488527986272, -0.36138172198173346]]
totts	15.245603573606665
withinss	[0.2584086577025058, 0.5553582705303196, 0.0, 0.11514905279187602, 0.5870108967202435, 0.39511363744537575, 0.06963330872714146]
tot.withinss	1.9806738239174622
betweenss	13.264929749689204
size	[3, 9, 1, 3, 7, 5, 2]
=====クラスタ数8個のとき＝＝＝＝＝
cluster	[4, 2, 5, 3, 7, 5, 3, 8, 7, 1, 4, 8, 1, 1, 8, 4, 7, 4, 7, 6, 7, 7, 7, 4, 7, 7, 3, 3, 7, 3]
centers	[[2.4124184855345097, -0.14628662304966833, -0.35456400941753835, -0.6092433070175357, -0.5745049273403756, -0.529844823031433, -0.19797479567795737], [2.34740984676073, -0.307236349589255, 0.179376373800595, -0.724332969637697, -0.724332969637697, -0.476681851483935, -0.294202080212741], [2.0613033589978818, -0.5243637049829559, -0.5980138998267954, -0.7085381815968, 0.9167234511591745, -0.6270123933162715, -0.5200986304342334], [2.422826968287716, -0.2206593987826518, -0.44448875477984745, -0.582708858080185, -0.3353487990164804, -0.41157479117258455, -0.42804636645596644], [2.390573664897885, -0.390857241332764, -0.5357775211716775, 0.06040872481531421, -0.578080625364308, -0.58488527986272, -0.36138172198173346], [2.21000626202693, -0.456136678349206, -0.659805943568917, 0.347314517517527, 0.182133932339336, -0.831401308754027, -0.792110781211642], [2.3148241144311976, -0.32239952895667084, -0.49158199697707045, -0.6520948078289018, 0.3301517421627468, -0.6067239656267971, -0.5721755572045053], [2.416711531719723, -0.1723177461852776, -0.2186287466708857, -0.47575998901541033, -0.598036778366042, -0.49098778492762, -0.4609804865544917]]
totts	15.245603573606665
withinss	[0.03587628867871643, 0.0, 0.5619758762854902, 0.39511363744537575, 0.06963330872714146, 0.0, 0.6626835324566678, 0.13333760571932485]
tot.withinss	1.8586202493127164
betweenss	13.386983324293949
size	[3, 1, 5, 5, 2, 1, 10, 3]
=====クラスタ数9個のとき＝＝＝＝＝
cluster	[1, 3, 8, 6, 9, 8, 7, 3, 9, 4, 4, 4, 4, 4, 4, 4, 9, 4, 9, 5, 2, 2, 2, 4, 2, 2, 7, 6, 9, 6]
centers	[[2.42075222930614, -0.479078278556121, -0.470020836939859, -0.448282977060832, -0.392006073151794, -0.0553107768033031, -0.576053286794227], [2.2809818590930417, -0.33720952131608267, -0.42547137805750823, -0.7226387363677228, 0.42722398124396016, -0.6053377204288293, -0.6175484841668608], [2.3821465302035296, -0.319441072599915, 0.013050596180042506, -0.5050174095870825, -0.7158190445153405, -0.4555129397477285, -0.39940665993350755], [2.418209938916535, -0.1387095586057112, -0.36874733597601556, -0.6038410391002738, -0.4550064355174308, -0.5145241083250286, -0.3373814613920753], [2.21000626202693, -0.456136678349206, -0.659805943568917, 0.347314517517527, 0.182133932339336, -0.831401308754027, -0.792110781211642], [1.9882207848206235, -0.4730867028080053, -0.6753843013781481, -0.7354411396813276, 1.0525714600368037, -0.6514947486161377, -0.505385352373808], [2.1709272202637697, -0.601279208245382, -0.4819582974997665, -0.6681837444700085, 0.712951437842731, -0.5902888603664725, -0.5421685475248715], [2.390573664897885, -0.390857241332764, -0.5357775211716775, 0.06040872481531421, -0.578080625364308, -0.58488527986272, -0.36138172198173346], [2.3486663697693535, -0.307589536597259, -0.5576926158966327, -0.5815508792900809, 0.2330795030815334, -0.608110210824765, -0.5268026302421499]]
totts	15.245603573606665
withinss	[0.0, 0.24929322078113322, 0.17741556992215188, 0.42146627836136136, 0.0, 0.11514905279187602, 0.1921951516536007, 0.06963330872714146, 0.19143693482756446]
tot.withinss	1.416589517064829
betweenss	13.829014056541837
size	[1, 5, 2, 9, 1, 3, 2, 2, 5]
=====クラスタ数10個のとき＝＝＝＝＝
cluster	[9, 10, 1, 2, 6, 1, 5, 10, 5, 4, 7, 4, 4, 4, 4, 7, 6, 7, 6, 3, 6, 6, 6, 7, 5, 5, 8, 2, 6, 2]
centers	[[2.390573664897885, -0.390857241332764, -0.5357775211716775, 0.06040872481531421, -0.578080625364308, -0.58488527986272, -0.36138172198173346], [1.9882207848206235, -0.4730867028080053, -0.6753843013781481, -0.7354411396813276, 1.0525714600368037, -0.6514947486161377, -0.505385352373808], [2.21000626202693, -0.456136678349206, -0.659805943568917, 0.347314517517527, 0.182133932339336, -0.831401308754027, -0.792110781211642], [2.4141013676232737, -0.12483346241885254, -0.31326061736495237, -0.5938616077124741, -0.5620639995452537, -0.5256307591731273, -0.2944509214086146], [2.250086719538505, -0.42550742203490655, -0.6189802898218772, -0.6692984466699174, 0.5307396669015657, -0.5849944638856915, -0.48204576402767696], [2.3329535759106004, -0.3060267302572514, -0.44159283804901556, -0.6617217866714478, 0.2666785349976829, -0.5955804892218616, -0.594710266708708], [2.42334565303311, -0.15605467883928448, -0.4381057342398445, -0.6163153283350232, -0.321184480482652, -0.500640794764905, -0.3910446363714013], [2.1590736753113, -0.582336906117086, -0.31266553913962, -0.548069273849231, 0.737711884722887, -0.738776096905119, -0.714937744023133], [2.42075222930614, -0.479078278556121, -0.470020836939859, -0.448282977060832, -0.392006073151794, -0.0553107768033031, -0.576053286794227], [2.3821465302035296, -0.319441072599915, 0.013050596180042506, -0.5050174095870825, -0.7158190445153405, -0.4555129397477285, -0.39940665993350755]]
totts	15.245603573606665
withinss	[0.06963330872714146, 0.11514905279187602, 0.0, 0.13411195150567778, 0.27473977212080414, 0.35897003760206886, 0.09817992521106678, 0.0, 0.0, 0.17741556992215188]
tot.withinss	1.228199617880787
betweenss	14.017403955725879
size	[2, 3, 1, 5, 4, 7, 4, 1, 1, 2]
=====クラスタ数11個のとき＝＝＝＝＝
cluster	[5, 1, 9, 8, 10, 9, 4, 1, 10, 3, 3, 3, 3, 3, 3, 3, 10, 3, 10, 2, 7, 6, 6, 3, 6, 6, 11, 8, 10, 8]
centers	[[2.3821465302035296, -0.319441072599915, 0.013050596180042506, -0.5050174095870825, -0.7158190445153405, -0.4555129397477285, -0.39940665993350755], [2.21000626202693, -0.456136678349206, -0.659805943568917, 0.347314517517527, 0.182133932339336, -0.831401308754027, -0.792110781211642], [2.418209938916535, -0.1387095586057112, -0.36874733597601556, -0.6038410391002738, -0.4550064355174308, -0.5145241083250286, -0.3373814613920753], [2.18278076521624, -0.620221510373678, -0.651251055859913, -0.788298215090786, 0.688190990962575, -0.441801623827826, -0.36939935102661], [2.42075222930614, -0.479078278556121, -0.470020836939859, -0.448282977060832, -0.392006073151794, -0.0553107768033031, -0.576053286794227], [2.2782521495210952, -0.331799861472828, -0.5109778020897382, -0.6997607590254727, 0.4635532765610805, -0.598664737606618, -0.6006022658875197], [2.29190069738083, -0.358848160689101, -0.0834456819285885, -0.814150645736723, 0.281906799975479, -0.632029651717674, -0.685333357284225], [1.9882207848206235, -0.4730867028080053, -0.6753843013781481, -0.7354411396813276, 1.0525714600368037, -0.6514947486161377, -0.505385352373808], [2.390573664897885, -0.390857241332764, -0.5357775211716775, 0.06040872481531421, -0.578080625364308, -0.58488527986272, -0.36138172198173346], [2.3486663697693535, -0.307589536597259, -0.5576926158966327, -0.5815508792900809, 0.2330795030815334, -0.608110210824765, -0.5268026302421499], [2.1590736753113, -0.582336906117086, -0.31266553913962, -0.548069273849231, 0.737711884722887, -0.738776096905119, -0.714937744023133]]
totts	15.245603573606665
withinss	[0.17741556992215188, 0.0, 0.42146627836136136, 0.0, 0.0, 0.058833483901652085, 0.0, 0.11514905279187602, 0.06963330872714146, 0.19143693482756446, 0.0]
tot.withinss	1.0339346285317472
betweenss	14.211668945074917
size	[2, 1, 9, 1, 1, 4, 1, 3, 2, 5, 1]
=====クラスタ数12個のとき＝＝＝＝＝
cluster	[11, 3, 9, 10, 8, 9, 1, 7, 4, 12, 5, 12, 12, 12, 12, 2, 8, 5, 8, 6, 8, 4, 4, 5, 4, 4, 1, 10, 8, 10]
centers	[[2.1709272202637697, -0.601279208245382, -0.4819582974997665, -0.6681837444700085, 0.712951437842731, -0.5902888603664725, -0.5421685475248715], [2.41456785995198, -0.144328577759916, -0.563298149944869, -0.60042203608784, -0.263655354648036, -0.573904974557146, -0.268958766954174], [2.34740984676073, -0.307236349589255, 0.179376373800595, -0.724332969637697, -0.724332969637697, -0.476681851483935, -0.294202080212741], [2.284001293782944, -0.35380452337206564, -0.545623621331809, -0.6546729167839531, 0.44794888917717, -0.6179397282019033, -0.5599093932703829], [2.4262715840601534, -0.159963379199074, -0.39637492900483634, -0.6216130924174177, -0.34036085576085734, -0.4762194015008247, -0.4317399261771437], [2.21000626202693, -0.456136678349206, -0.659805943568917, 0.347314517517527, 0.182133932339336, -0.831401308754027, -0.792110781211642], [2.41688321364633, -0.331645795610575, -0.15327518144051, -0.285701849536468, -0.707305119392984, -0.434344028011522, -0.504611239654274], [2.345646935079452, -0.290994534541276, -0.4375403726223318, -0.6495166988738503, 0.2123545951483236, -0.5955082030516909, -0.584441721138628], [2.390573664897885, -0.390857241332764, -0.5357775211716775, 0.06040872481531421, -0.578080625364308, -0.58488527986272, -0.36138172198173346], [1.9882207848206235, -0.4730867028080053, -0.6753843013781481, -0.7354411396813276, 1.0525714600368037, -0.6514947486161377, -0.505385352373808], [2.42075222930614, -0.479078278556121, -0.470020836939859, -0.448282977060832, -0.392006073151794, -0.0553107768033031, -0.576053286794227], [2.4141013676232737, -0.12483346241885254, -0.31326061736495237, -0.5938616077124741, -0.5620639995452537, -0.5256307591731273, -0.2944509214086146]]
totts	15.245603573606665
withinss	[0.1921951516536007, 0.0, 0.0, 0.17926220717972657, 0.04521660700080291, 0.0, 0.0, 0.2932624881952837, 0.06963330872714146, 0.11514905279187602, 0.0, 0.13411195150567778]
tot.withinss	1.0288307670541093
betweenss	14.216772806552555
size	[2, 1, 1, 5, 3, 1, 1, 5, 2, 3, 1, 5]
=====クラスタ数13個のとき＝＝＝＝＝
cluster	[7, 3, 10, 4, 13, 10, 5, 3, 6, 12, 11, 12, 12, 12, 12, 8, 13, 11, 13, 1, 9, 9, 9, 11, 6, 6, 2, 4, 13, 4]
centers	[[2.21000626202693, -0.456136678349206, -0.659805943568917, 0.347314517517527, 0.182133932339336, -0.831401308754027, -0.792110781211642], [2.1590736753113, -0.582336906117086, -0.31266553913962, -0.548069273849231, 0.737711884722887, -0.738776096905119, -0.714937744023133], [2.3821465302035296, -0.319441072599915, 0.013050596180042506, -0.5050174095870825, -0.7158190445153405, -0.4555129397477285, -0.39940665993350755], [1.9882207848206235, -0.4730867028080053, -0.6753843013781481, -0.7354411396813276, 1.0525714600368037, -0.6514947486161377, -0.505385352373808], [2.18278076521624, -0.620221510373678, -0.651251055859913, -0.788298215090786, 0.688190990962575, -0.441801623827826, -0.36939935102661], [2.2725220376459263, -0.36060272592198267, -0.6082233678091987, -0.6296318571962947, 0.4782558922145627, -0.6327254105716468, -0.519594568361366], [2.42075222930614, -0.479078278556121, -0.470020836939859, -0.448282977060832, -0.392006073151794, -0.0553107768033031, -0.576053286794227], [2.41456785995198, -0.144328577759916, -0.563298149944869, -0.60042203608784, -0.263655354648036, -0.573904974557146, -0.268958766954174], [2.29811368445259, -0.34868753326116037, -0.3289645617200125, -0.7328732193558684, 0.36229452307254695, -0.6078506870040837, -0.6420322061840137], [2.390573664897885, -0.390857241332764, -0.5357775211716775, 0.06040872481531421, -0.578080625364308, -0.58488527986272, -0.36138172198173346], [2.4262715840601534, -0.159963379199074, -0.39637492900483634, -0.6216130924174177, -0.34036085576085734, -0.4762194015008247, -0.4317399261771437], [2.4141013676232737, -0.12483346241885254, -0.31326061736495237, -0.5938616077124741, -0.5620639995452537, -0.5256307591731273, -0.2944509214086146], [2.3590834945041075, -0.2740311280043197, -0.5260640452957677, -0.6083582121581322, 0.19496654394153476, -0.586377840885195, -0.5592188121022287]]
totts	15.245603573606665
withinss	[0.0, 0.0, 0.17741556992215188, 0.11514905279187602, 0.0, 0.12056598790194936, 0.0, 0.0, 0.11647357813827727, 0.06963330872714146, 0.04521660700080291, 0.13411195150567778, 0.07284922977225029]
tot.withinss	0.851415285760127
betweenss	14.394188287846537
size	[1, 1, 2, 3, 1, 3, 1, 1, 3, 2, 3, 5, 4]
=====クラスタ数14個のとき＝＝＝＝＝
cluster	[10, 14, 4, 2, 1, 4, 8, 11, 5, 3, 10, 11, 3, 3, 11, 10, 1, 10, 1, 9, 6, 13, 13, 10, 13, 7, 12, 2, 1, 2]
centers	[[2.3590834945041075, -0.2740311280043197, -0.5260640452957677, -0.6083582121581322, 0.19496654394153476, -0.586377840885195, -0.5592188121022287], [1.9882207848206235, -0.4730867028080053, -0.6753843013781481, -0.7354411396813276, 1.0525714600368037, -0.6514947486161377, -0.505385352373808], [2.4124184855345097, -0.14628662304966833, -0.35456400941753835, -0.6092433070175357, -0.5745049273403756, -0.529844823031433, -0.19797479567795737], [2.390573664897885, -0.390857241332764, -0.5357775211716775, 0.06040872481531421, -0.578080625364308, -0.58488527986272, -0.36138172198173346], [2.30699787083034, -0.441823170969016, -0.684206898300092, -0.474321547817875, 0.385531339641528, -0.695039690583045, -0.397137902801835], [2.29190069738083, -0.358848160689101, -0.0834456819285885, -0.814150645736723, 0.281906799975479, -0.632029651717674, -0.685333357284225], [2.22476578355241, -0.33848595284292, -0.544520880660349, -0.735047803158187, 0.604179227655104, -0.584398608625013, -0.626491765921047], [2.18278076521624, -0.620221510373678, -0.651251055859913, -0.788298215090786, 0.688190990962575, -0.441801623827826, -0.36939935102661], [2.21000626202693, -0.456136678349206, -0.659805943568917, 0.347314517517527, 0.182133932339336, -0.831401308754027, -0.792110781211642], [2.422826968287716, -0.2206593987826518, -0.44448875477984745, -0.582708858080185, -0.3353487990164804, -0.41157479117258455, -0.42804636645596644], [2.416711531719723, -0.1723177461852776, -0.2186287466708857, -0.47575998901541033, -0.598036778366042, -0.49098778492762, -0.4609804865544917], [2.1590736753113, -0.582336906117086, -0.31266553913962, -0.548069273849231, 0.737711884722887, -0.738776096905119, -0.714937744023133], [2.2960809381773233, -0.329571164349464, -0.4997967758995347, -0.6879984109812347, 0.41667795952973935, -0.6034201139338197, -0.5919724325430107], [2.34740984676073, -0.307236349589255, 0.179376373800595, -0.724332969637697, -0.724332969637697, -0.476681851483935, -0.294202080212741]]
totts	15.245603573606665
withinss	[0.07284922977225029, 0.11514905279187602, 0.03587628867871643, 0.06963330872714146, 0.0, 0.0, 0.0, 0.0, 0.0, 0.39511363744537575, 0.13333760571932485, 0.0, 0.02426647652142797, 0.0]
tot.withinss	0.8462255996561128
betweenss	14.399377973950553
size	[4, 3, 3, 2, 1, 1, 1, 1, 1, 5, 3, 1, 3, 1]
=====クラスタ数15個のとき＝＝＝＝＝
cluster	[12, 7, 15, 4, 14, 15, 8, 3, 14, 6, 10, 11, 6, 11, 11, 2, 14, 10, 14, 1, 5, 9, 9, 10, 9, 9, 13, 4, 14, 4]
centers	[[2.21000626202693, -0.456136678349206, -0.659805943568917, 0.347314517517527, 0.182133932339336, -0.831401308754027, -0.792110781211642], [2.41456785995198, -0.144328577759916, -0.563298149944869, -0.60042203608784, -0.263655354648036, -0.573904974557146, -0.268958766954174], [2.41688321364633, -0.331645795610575, -0.15327518144051, -0.285701849536468, -0.707305119392984, -0.434344028011522, -0.504611239654274], [1.9882207848206235, -0.4730867028080053, -0.6753843013781481, -0.7354411396813276, 1.0525714600368037, -0.6514947486161377, -0.505385352373808], [2.29190069738083, -0.358848160689101, -0.0834456819285885, -0.814150645736723, 0.281906799975479, -0.632029651717674, -0.685333357284225], [2.4112180680672797, -0.149257027774792, -0.40068024820134995, -0.6073447246162605, -0.567217895285837, -0.5318133265837119, -0.15490484560532752], [2.34740984676073, -0.307236349589255, 0.179376373800595, -0.724332969637697, -0.724332969637697, -0.476681851483935, -0.294202080212741], [2.18278076521624, -0.620221510373678, -0.651251055859913, -0.788298215090786, 0.688190990962575, -0.441801623827826, -0.36939935102661], [2.2782521495210952, -0.331799861472828, -0.5109778020897382, -0.6997607590254727, 0.4635532765610805, -0.598664737606618, -0.6006022658875197], [2.4262715840601534, -0.159963379199074, -0.39637492900483634, -0.6216130924174177, -0.34036085576085734, -0.4762194015008247, -0.4317399261771437], [2.41602356732727, -0.1085510855148929, -0.25498086347402066, -0.5848728631099497, -0.5586280690515316, -0.521509047566071, -0.38748163861080603], [2.42075222930614, -0.479078278556121, -0.470020836939859, -0.448282977060832, -0.392006073151794, -0.0553107768033031, -0.576053286794227], [2.1590736753113, -0.582336906117086, -0.31266553913962, -0.548069273849231, 0.737711884722887, -0.738776096905119, -0.714937744023133], [2.3486663697693535, -0.307589536597259, -0.5576926158966327, -0.5815508792900809, 0.2330795030815334, -0.608110210824765, -0.5268026302421499], [2.390573664897885, -0.390857241332764, -0.5357775211716775, 0.06040872481531421, -0.578080625364308, -0.58488527986272, -0.36138172198173346]]
totts	15.245603573606665
withinss	[0.0, 0.0, 0.0, 0.11514905279187602, 0.0, 0.011560851622608405, 0.0, 0.0, 0.058833483901652085, 0.04521660700080291, 0.029328752178980632, 0.0, 0.0, 0.19143693482756446, 0.06963330872714146]
tot.withinss	0.521158991050626
betweenss	14.724444582556039
size	[1, 1, 1, 3, 1, 2, 1, 1, 4, 3, 3, 1, 1, 5, 2]
=====クラスタ数16個のとき＝＝＝＝＝
cluster	[7, 1, 13, 14, 4, 13, 9, 10, 12, 3, 6, 16, 3, 16, 16, 6, 2, 6, 2, 8, 11, 5, 5, 6, 5, 5, 15, 14, 4, 14]
centers	[[2.34740984676073, -0.307236349589255, 0.179376373800595, -0.724332969637697, -0.724332969637697, -0.476681851483935, -0.294202080212741], [2.366527653093, -0.28590630294335395, -0.459462180109911, -0.6777445670518475, 0.1658741531537275, -0.5604177914905695, -0.5488709646510475], [2.4112180680672797, -0.149257027774792, -0.40068024820134995, -0.6073447246162605, -0.567217895285837, -0.5318133265837119, -0.15490484560532752], [2.3516393359152152, -0.2621559530652855, -0.5926659104816245, -0.538971857264417, 0.22405893472934202, -0.6123378902798204, -0.5695666595534099], [2.2782521495210952, -0.331799861472828, -0.5109778020897382, -0.6997607590254727, 0.4635532765610805, -0.598664737606618, -0.6006022658875197], [2.42334565303311, -0.15605467883928448, -0.4381057342398445, -0.6163153283350232, -0.321184480482652, -0.500640794764905, -0.3910446363714013], [2.42075222930614, -0.479078278556121, -0.470020836939859, -0.448282977060832, -0.392006073151794, -0.0553107768033031, -0.576053286794227], [2.21000626202693, -0.456136678349206, -0.659805943568917, 0.347314517517527, 0.182133932339336, -0.831401308754027, -0.792110781211642], [2.18278076521624, -0.620221510373678, -0.651251055859913, -0.788298215090786, 0.688190990962575, -0.441801623827826, -0.36939935102661], [2.41688321364633, -0.331645795610575, -0.15327518144051, -0.285701849536468, -0.707305119392984, -0.434344028011522, -0.504611239654274], [2.29190069738083, -0.358848160689101, -0.0834456819285885, -0.814150645736723, 0.281906799975479, -0.632029651717674, -0.685333357284225], [2.30699787083034, -0.441823170969016, -0.684206898300092, -0.474321547817875, 0.385531339641528, -0.695039690583045, -0.397137902801835], [2.390573664897885, -0.390857241332764, -0.5357775211716775, 0.06040872481531421, -0.578080625364308, -0.58488527986272, -0.36138172198173346], [1.9882207848206235, -0.4730867028080053, -0.6753843013781481, -0.7354411396813276, 1.0525714600368037, -0.6514947486161377, -0.505385352373808], [2.1590736753113, -0.582336906117086, -0.31266553913962, -0.548069273849231, 0.737711884722887, -0.738776096905119, -0.714937744023133], [2.41602356732727, -0.1085510855148929, -0.25498086347402066, -0.5848728631099497, -0.5586280690515316, -0.521509047566071, -0.38748163861080603]]
totts	15.245603573606665
withinss	[0.0, 0.009039176846279947, 0.011560851622608405, 0.019513735798787565, 0.058833483901652085, 0.09817992521106678, 0.0, 0.0, 0.0, 0.0, 0.0, 0.0, 0.06963330872714146, 0.11514905279187602, 0.0, 0.029328752178980632]
tot.withinss	0.4112382870783929
betweenss	14.834365286528273
size	[1, 2, 2, 2, 4, 4, 1, 1, 1, 1, 1, 1, 2, 3, 1, 3]
=====クラスタ数17個のとき＝＝＝＝＝
cluster	[7, 10, 2, 11, 9, 2, 15, 1, 8, 16, 12, 17, 16, 17, 17, 5, 9, 12, 9, 4, 14, 6, 6, 12, 6, 6, 13, 3, 9, 11]
centers	[[2.41688321364633, -0.331645795610575, -0.15327518144051, -0.285701849536468, -0.707305119392984, -0.434344028011522, -0.504611239654274], [2.390573664897885, -0.390857241332764, -0.5357775211716775, 0.06040872481531421, -0.578080625364308, -0.58488527986272, -0.36138172198173346], [1.86898430718884, -0.50204866717164, -0.692905810618613, -0.720433283231157, 1.23768760194115, -0.680059656732759, -0.511224491375821], [2.21000626202693, -0.456136678349206, -0.659805943568917, 0.347314517517527, 0.182133932339336, -0.831401308754027, -0.792110781211642], [2.41456785995198, -0.144328577759916, -0.563298149944869, -0.60042203608784, -0.263655354648036, -0.573904974557146, -0.268958766954174], [2.2782521495210952, -0.331799861472828, -0.5109778020897382, -0.6997607590254727, 0.4635532765610805, -0.598664737606618, -0.6006022658875197], [2.42075222930614, -0.479078278556121, -0.470020836939859, -0.448282977060832, -0.392006073151794, -0.0553107768033031, -0.576053286794227], [2.30699787083034, -0.441823170969016, -0.684206898300092, -0.474321547817875, 0.385531339641528, -0.695039690583045, -0.397137902801835], [2.3590834945041075, -0.2740311280043197, -0.5260640452957677, -0.6083582121581322, 0.19496654394153476, -0.586377840885195, -0.5592188121022287], [2.34740984676073, -0.307236349589255, 0.179376373800595, -0.724332969637697, -0.724332969637697, -0.476681851483935, -0.294202080212741], [2.0478390236365147, -0.458605720626188, -0.6666235467579156, -0.742945067906413, 0.9600133890846305, -0.6372122945578269, -0.5024657828728015], [2.4262715840601534, -0.159963379199074, -0.39637492900483634, -0.6216130924174177, -0.34036085576085734, -0.4762194015008247, -0.4317399261771437], [2.1590736753113, -0.582336906117086, -0.31266553913962, -0.548069273849231, 0.737711884722887, -0.738776096905119, -0.714937744023133], [2.29190069738083, -0.358848160689101, -0.0834456819285885, -0.814150645736723, 0.281906799975479, -0.632029651717674, -0.685333357284225], [2.18278076521624, -0.620221510373678, -0.651251055859913, -0.788298215090786, 0.688190990962575, -0.441801623827826, -0.36939935102661], [2.4112180680672797, -0.149257027774792, -0.40068024820134995, -0.6073447246162605, -0.567217895285837, -0.5318133265837119, -0.15490484560532752], [2.41602356732727, -0.1085510855148929, -0.25498086347402066, -0.5848728631099497, -0.5586280690515316, -0.521509047566071, -0.38748163861080603]]
totts	15.245603573606665
withinss	[0.0, 0.06963330872714146, 0.0, 0.0, 0.0, 0.058833483901652085, 0.0, 0.0, 0.07284922977225029, 0.0, 0.03908944149286533, 0.04521660700080291, 0.0, 0.0, 0.0, 0.011560851622608405, 0.029328752178980632]
tot.withinss	0.3265116746963011
betweenss	14.919091898910365
size	[1, 2, 1, 1, 1, 4, 1, 1, 4, 1, 2, 3, 1, 1, 1, 2, 3]
=====クラスタ数18個のとき＝＝＝＝＝
cluster	[18, 6, 11, 4, 3, 13, 8, 14, 9, 1, 16, 16, 1, 1, 16, 7, 12, 16, 12, 2, 5, 17, 17, 16, 17, 17, 15, 10, 3, 4]
centers	[[2.4124184855345097, -0.14628662304966833, -0.35456400941753835, -0.6092433070175357, -0.5745049273403756, -0.529844823031433, -0.19797479567795737], [2.21000626202693, -0.456136678349206, -0.659805943568917, 0.347314517517527, 0.182133932339336, -0.831401308754027, -0.792110781211642], [2.3516393359152152, -0.2621559530652855, -0.5926659104816245, -0.538971857264417, 0.22405893472934202, -0.6123378902798204, -0.5695666595534099], [2.0478390236365147, -0.458605720626188, -0.6666235467579156, -0.742945067906413, 0.9600133890846305, -0.6372122945578269, -0.5024657828728015], [2.29190069738083, -0.358848160689101, -0.0834456819285885, -0.814150645736723, 0.281906799975479, -0.632029651717674, -0.685333357284225], [2.34740984676073, -0.307236349589255, 0.179376373800595, -0.724332969637697, -0.724332969637697, -0.476681851483935, -0.294202080212741], [2.41456785995198, -0.144328577759916, -0.563298149944869, -0.60042203608784, -0.263655354648036, -0.573904974557146, -0.268958766954174], [2.18278076521624, -0.620221510373678, -0.651251055859913, -0.788298215090786, 0.688190990962575, -0.441801623827826, -0.36939935102661], [2.30699787083034, -0.441823170969016, -0.684206898300092, -0.474321547817875, 0.385531339641528, -0.695039690583045, -0.397137902801835], [1.86898430718884, -0.50204866717164, -0.692905810618613, -0.720433283231157, 1.23768760194115, -0.680059656732759, -0.511224491375821], [2.38538568590104, -0.546702598667747, -0.47285741224157, 0.117904079167846, -0.533671095180775, -0.611860116102609, -0.338198542876189], [2.366527653093, -0.28590630294335395, -0.459462180109911, -0.6777445670518475, 0.1658741531537275, -0.5604177914905695, -0.5488709646510475], [2.39576164389473, -0.235011883997781, -0.598697630101785, 0.00291337046278242, -0.622490155547841, -0.557910443622831, -0.384564901087278], [2.41688321364633, -0.331645795610575, -0.15327518144051, -0.285701849536468, -0.707305119392984, -0.434344028011522, -0.504611239654274], [2.1590736753113, -0.582336906117086, -0.31266553913962, -0.548069273849231, 0.737711884722887, -0.738776096905119, -0.714937744023133], [2.42241322673866, -0.13303951610849593, -0.3383471691173312, -0.6012834789524033, -0.4215775565975428, -0.49345550625476237, -0.4347099997081264], [2.2782521495210952, -0.331799861472828, -0.5109778020897382, -0.6997607590254727, 0.4635532765610805, -0.598664737606618, -0.6006022658875197], [2.42075222930614, -0.479078278556121, -0.470020836939859, -0.448282977060832, -0.392006073151794, -0.0553107768033031, -0.576053286794227]]
totts	15.245603573606665
withinss	[0.03587628867871643, 0.0, 0.019513735798787565, 0.03908944149286533, 0.0, 0.0, 0.0, 0.0, 0.0, 0.0, 0.0, 0.009039176846279947, 0.0, 0.0, 0.0, 0.13997630219123727, 0.058833483901652085, 0.0]
tot.withinss	0.30232842890953865
betweenss	14.943275144697127
size	[3, 1, 2, 2, 1, 1, 1, 1, 1, 1, 1, 2, 1, 1, 1, 5, 4, 1]
=====クラスタ数19個のとき＝＝＝＝＝
cluster	[11, 9, 18, 16, 8, 5, 15, 3, 2, 17, 7, 7, 17, 17, 7, 13, 8, 7, 8, 4, 19, 10, 10, 7, 6, 14, 12, 1, 8, 16]
centers	[[1.86898430718884, -0.50204866717164, -0.692905810618613, -0.720433283231157, 1.23768760194115, -0.680059656732759, -0.511224491375821], [2.30699787083034, -0.441823170969016, -0.684206898300092, -0.474321547817875, 0.385531339641528, -0.695039690583045, -0.397137902801835], [2.41688321364633, -0.331645795610575, -0.15327518144051, -0.285701849536468, -0.707305119392984, -0.434344028011522, -0.504611239654274], [2.21000626202693, -0.456136678349206, -0.659805943568917, 0.347314517517527, 0.182133932339336, -0.831401308754027, -0.792110781211642], [2.39576164389473, -0.235011883997781, -0.598697630101785, 0.00291337046278242, -0.622490155547841, -0.557910443622831, -0.384564901087278], [2.28580245855503, -0.301499053954012, -0.595942324467155, -0.679526220612822, 0.445057109347056, -0.618737932506882, -0.535154036361216], [2.42241322673866, -0.13303951610849593, -0.3383471691173312, -0.6012834789524033, -0.4215775565975428, -0.49345550625476237, -0.4347099997081264], [2.3590834945041075, -0.2740311280043197, -0.5260640452957677, -0.6083582121581322, 0.19496654394153476, -0.586377840885195, -0.5592188121022287], [2.34740984676073, -0.307236349589255, 0.179376373800595, -0.724332969637697, -0.724332969637697, -0.476681851483935, -0.294202080212741], [2.30122017798847, -0.34360721954719, -0.4517240016157245, -0.692234506165441, 0.402488384621081, -0.5957612046472884, -0.620381630633908], [2.42075222930614, -0.479078278556121, -0.470020836939859, -0.448282977060832, -0.392006073151794, -0.0553107768033031, -0.576053286794227], [2.1590736753113, -0.582336906117086, -0.31266553913962, -0.548069273849231, 0.737711884722887, -0.738776096905119, -0.714937744023133], [2.41456785995198, -0.144328577759916, -0.563298149944869, -0.60042203608784, -0.263655354648036, -0.573904974557146, -0.268958766954174], [2.22476578355241, -0.33848595284292, -0.544520880660349, -0.735047803158187, 0.604179227655104, -0.584398608625013, -0.626491765921047], [2.18278076521624, -0.620221510373678, -0.651251055859913, -0.788298215090786, 0.688190990962575, -0.441801623827826, -0.36939935102661], [2.0478390236365147, -0.458605720626188, -0.6666235467579156, -0.742945067906413, 0.9600133890846305, -0.6372122945578269, -0.5024657828728015], [2.4124184855345097, -0.14628662304966833, -0.35456400941753835, -0.6092433070175357, -0.5745049273403756, -0.529844823031433, -0.19797479567795737], [2.38538568590104, -0.546702598667747, -0.47285741224157, 0.117904079167846, -0.533671095180775, -0.611860116102609, -0.338198542876189], [2.29190069738083, -0.358848160689101, -0.0834456819285885, -0.814150645736723, 0.281906799975479, -0.632029651717674, -0.685333357284225]]
totts	15.245603573606665
withinss	[0.0, 0.0, 0.0, 0.0, 0.0, 0.0, 0.13997630219123727, 0.07284922977225029, 0.0, 0.0025498111725230413, 0.0, 0.0, 0.0, 0.0, 0.0, 0.03908944149286533, 0.03587628867871643, 0.0, 0.0]
tot.withinss	0.29034107330759235
betweenss	14.955262500299073
size	[1, 1, 1, 1, 1, 1, 5, 4, 1, 2, 1, 1, 1, 1, 1, 2, 3, 1, 1]
=====クラスタ数20個のとき＝＝＝＝＝
cluster	[16, 2, 19, 11, 3, 19, 17, 8, 13, 9, 15, 4, 9, 4, 4, 15, 1, 15, 1, 20, 5, 7, 18, 15, 10, 12, 14, 11, 6, 11]
centers	[[2.366527653093, -0.28590630294335395, -0.459462180109911, -0.6777445670518475, 0.1658741531537275, -0.5604177914905695, -0.5488709646510475], [2.34740984676073, -0.307236349589255, 0.179376373800595, -0.724332969637697, -0.724332969637697, -0.476681851483935, -0.294202080212741], [2.34035259027904, -0.24428471404259, -0.601748039113066, -0.620762045765751, 0.262755463362341, -0.590339635121455, -0.545973619598523], [2.41602356732727, -0.1085510855148929, -0.25498086347402066, -0.5848728631099497, -0.5586280690515316, -0.521509047566071, -0.38748163861080603], [2.29190069738083, -0.358848160689101, -0.0834456819285885, -0.814150645736723, 0.281906799975479, -0.632029651717674, -0.685333357284225], [2.36292608155139, -0.280027192087981, -0.583583781850183, -0.457181668763083, 0.185362406096343, -0.634336145438186, -0.593159699508297], [2.29177299421332, -0.346239923027199, -0.4375150069725, -0.706450522168475, 0.427153422187893, -0.608655789369938, -0.620065174863101], [2.41688321364633, -0.331645795610575, -0.15327518144051, -0.285701849536468, -0.707305119392984, -0.434344028011522, -0.504611239654274], [2.4112180680672797, -0.149257027774792, -0.40068024820134995, -0.6073447246162605, -0.567217895285837, -0.5318133265837119, -0.15490484560532752], [2.28580245855503, -0.301499053954012, -0.595942324467155, -0.679526220612822, 0.445057109347056, -0.618737932506882, -0.535154036361216], [1.9882207848206235, -0.4730867028080053, -0.6753843013781481, -0.7354411396813276, 1.0525714600368037, -0.6514947486161377, -0.505385352373808], [2.22476578355241, -0.33848595284292, -0.544520880660349, -0.735047803158187, 0.604179227655104, -0.584398608625013, -0.626491765921047], [2.30699787083034, -0.441823170969016, -0.684206898300092, -0.474321547817875, 0.385531339641528, -0.695039690583045, -0.397137902801835], [2.1590736753113, -0.582336906117086, -0.31266553913962, -0.548069273849231, 0.737711884722887, -0.738776096905119, -0.714937744023133], [2.42334565303311, -0.15605467883928448, -0.4381057342398445, -0.6163153283350232, -0.321184480482652, -0.500640794764905, -0.3910446363714013], [2.42075222930614, -0.479078278556121, -0.470020836939859, -0.448282977060832, -0.392006073151794, -0.0553107768033031, -0.576053286794227], [2.18278076521624, -0.620221510373678, -0.651251055859913, -0.788298215090786, 0.688190990962575, -0.441801623827826, -0.36939935102661], [2.31066736176362, -0.340974516067181, -0.465932996258949, -0.678018490162407, 0.377823347054269, -0.582866619924639, -0.620698086404715], [2.390573664897885, -0.390857241332764, -0.5357775211716775, 0.06040872481531421, -0.578080625364308, -0.58488527986272, -0.36138172198173346], [2.21000626202693, -0.456136678349206, -0.659805943568917, 0.347314517517527, 0.182133932339336, -0.831401308754027, -0.792110781211642]]
totts	15.245603573606665
withinss	[0.009039176846279947, 0.0, 0.0, 0.029328752178980632, 0.0, 0.0, 0.0, 0.0, 0.011560851622608405, 0.0, 0.11514905279187602, 0.0, 0.0, 0.0, 0.09817992521106678, 0.0, 0.0, 0.0, 0.06963330872714146, 0.0]
tot.withinss	0.33289106737795326
betweenss	14.912712506228711
size	[2, 1, 1, 3, 1, 1, 1, 1, 2, 1, 3, 1, 1, 1, 4, 1, 1, 1, 2, 1]
=====クラスタ数21個のとき＝＝＝＝＝
cluster	[9, 3, 7, 21, 16, 6, 19, 11, 13, 18, 12, 8, 18, 8, 8, 17, 16, 10, 16, 20, 15, 14, 14, 5, 14, 2, 1, 4, 16, 21]
centers	[[2.1590736753113, -0.582336906117086, -0.31266553913962, -0.548069273849231, 0.737711884722887, -0.738776096905119, -0.714937744023133], [2.22476578355241, -0.33848595284292, -0.544520880660349, -0.735047803158187, 0.604179227655104, -0.584398608625013, -0.626491765921047], [2.34740984676073, -0.307236349589255, 0.179376373800595, -0.724332969637697, -0.724332969637697, -0.476681851483935, -0.294202080212741], [1.86898430718884, -0.50204866717164, -0.692905810618613, -0.720433283231157, 1.23768760194115, -0.680059656732759, -0.511224491375821], [2.42290187788408, -0.136548722457439, -0.414018058166046, -0.608858657873192, -0.271202958904263, -0.45788269579645, -0.534390784686691], [2.39576164389473, -0.235011883997781, -0.598697630101785, 0.00291337046278242, -0.622490155547841, -0.557910443622831, -0.384564901087278], [2.38538568590104, -0.546702598667747, -0.47285741224157, 0.117904079167846, -0.533671095180775, -0.611860116102609, -0.338198542876189], [2.41602356732727, -0.1085510855148929, -0.25498086347402066, -0.5848728631099497, -0.5586280690515316, -0.521509047566071, -0.38748163861080603], [2.42075222930614, -0.479078278556121, -0.470020836939859, -0.448282977060832, -0.392006073151794, -0.0553107768033031, -0.576053286794227], [2.4249635392478, -0.101254102254193, -0.428123525854495, -0.603352495207234, -0.377576707771974, -0.480916869185128, -0.433739838974775], [2.41688321364633, -0.331645795610575, -0.15327518144051, -0.285701849536468, -0.707305119392984, -0.434344028011522, -0.504611239654274], [2.43094933504858, -0.24208731288559, -0.346983202993968, -0.652628124171827, -0.372302900606335, -0.489858639520896, -0.327089154869965], [2.30699787083034, -0.441823170969016, -0.684206898300092, -0.474321547817875, 0.385531339641528, -0.695039690583045, -0.397137902801835], [2.2960809381773233, -0.329571164349464, -0.4997967758995347, -0.6879984109812347, 0.41667795952973935, -0.6034201139338197, -0.5919724325430107], [2.29190069738083, -0.358848160689101, -0.0834456819285885, -0.814150645736723, 0.281906799975479, -0.632029651717674, -0.685333357284225], [2.3590834945041075, -0.2740311280043197, -0.5260640452957677, -0.6083582121581322, 0.19496654394153476, -0.586377840885195, -0.5592188121022287], [2.41456785995198, -0.144328577759916, -0.563298149944869, -0.60042203608784, -0.263655354648036, -0.573904974557146, -0.268958766954174], [2.4112180680672797, -0.149257027774792, -0.40068024820134995, -0.6073447246162605, -0.567217895285837, -0.5318133265837119, -0.15490484560532752], [2.18278076521624, -0.620221510373678, -0.651251055859913, -0.788298215090786, 0.688190990962575, -0.441801623827826, -0.36939935102661], [2.21000626202693, -0.456136678349206, -0.659805943568917, 0.347314517517527, 0.182133932339336, -0.831401308754027, -0.792110781211642], [2.0478390236365147, -0.458605720626188, -0.6666235467579156, -0.742945067906413, 0.9600133890846305, -0.6372122945578269, -0.5024657828728015]]
totts	15.245603573606665
withinss	[0.0, 0.0, 0.0, 0.0, 0.0, 0.0, 0.0, 0.029328752178980632, 0.0, 0.0, 0.0, 0.0, 0.0, 0.02426647652142797, 0.0, 0.07284922977225029, 0.0, 0.011560851622608405, 0.0, 0.0, 0.03908944149286533]
tot.withinss	0.17709475158813262
betweenss	15.068508822018533
size	[1, 1, 1, 1, 1, 1, 1, 3, 1, 1, 1, 1, 1, 3, 1, 4, 1, 2, 1, 1, 2]
=====クラスタ数22個のとき＝＝＝＝＝
cluster	[10, 22, 4, 18, 7, 20, 16, 21, 1, 6, 3, 19, 5, 13, 19, 2, 14, 3, 14, 9, 17, 12, 12, 3, 12, 12, 8, 15, 11, 18]
centers	[[2.30699787083034, -0.441823170969016, -0.684206898300092, -0.474321547817875, 0.385531339641528, -0.695039690583045, -0.397137902801835], [2.41456785995198, -0.144328577759916, -0.563298149944869, -0.60042203608784, -0.263655354648036, -0.573904974557146, -0.268958766954174], [2.4262715840601534, -0.159963379199074, -0.39637492900483634, -0.6216130924174177, -0.34036085576085734, -0.4762194015008247, -0.4317399261771437], [2.38538568590104, -0.546702598667747, -0.47285741224157, 0.117904079167846, -0.533671095180775, -0.611860116102609, -0.338198542876189], [2.40834904208218, -0.172024931577299, -0.341951998135362, -0.641946695886016, -0.585304340366662, -0.528661984847308, -0.138459091269533], [2.41408709405238, -0.126489123972285, -0.459408498267338, -0.572742753346505, -0.549131450205012, -0.534964668320116, -0.171350599941122], [2.34035259027904, -0.24428471404259, -0.601748039113066, -0.620762045765751, 0.262755463362341, -0.590339635121455, -0.545973619598523], [2.1590736753113, -0.582336906117086, -0.31266553913962, -0.548069273849231, 0.737711884722887, -0.738776096905119, -0.714937744023133], [2.21000626202693, -0.456136678349206, -0.659805943568917, 0.347314517517527, 0.182133932339336, -0.831401308754027, -0.792110781211642], [2.42075222930614, -0.479078278556121, -0.470020836939859, -0.448282977060832, -0.392006073151794, -0.0553107768033031, -0.576053286794227], [2.36292608155139, -0.280027192087981, -0.583583781850183, -0.457181668763083, 0.185362406096343, -0.634336145438186, -0.593159699508297], [2.2782521495210952, -0.331799861472828, -0.5109778020897382, -0.6997607590254727, 0.4635532765610805, -0.598664737606618, -0.6006022658875197], [2.41481932046897, -0.140345813599421, -0.262331531849915, -0.613040471820086, -0.589078991449453, -0.525907815926875, -0.284114695823217], [2.366527653093, -0.28590630294335395, -0.459462180109911, -0.6777445670518475, 0.1658741531537275, -0.5604177914905695, -0.5488709646510475], [1.86898430718884, -0.50204866717164, -0.692905810618613, -0.720433283231157, 1.23768760194115, -0.680059656732759, -0.511224491375821], [2.18278076521624, -0.620221510373678, -0.651251055859913, -0.788298215090786, 0.688190990962575, -0.441801623827826, -0.36939935102661], [2.29190069738083, -0.358848160689101, -0.0834456819285885, -0.814150645736723, 0.281906799975479, -0.632029651717674, -0.685333357284225], [2.0478390236365147, -0.458605720626188, -0.6666235467579156, -0.742945067906413, 0.9600133890846305, -0.6372122945578269, -0.5024657828728015], [2.41662569075642, -0.09265372147262885, -0.2513055292860735, -0.5707890587548815, -0.543402607852571, -0.519309663385669, -0.4391651100046005], [2.39576164389473, -0.235011883997781, -0.598697630101785, 0.00291337046278242, -0.622490155547841, -0.557910443622831, -0.384564901087278], [2.41688321364633, -0.331645795610575, -0.15327518144051, -0.285701849536468, -0.707305119392984, -0.434344028011522, -0.504611239654274], [2.34740984676073, -0.307236349589255, 0.179376373800595, -0.724332969637697, -0.724332969637697, -0.476681851483935, -0.294202080212741]]
totts	15.245603573606665
withinss	[0.0, 0.0, 0.04521660700080291, 0.0, 0.0, 0.0, 0.0, 0.0, 0.0, 0.0, 0.0, 0.058833483901652085, 0.0, 0.009039176846279947, 0.0, 0.0, 0.0, 0.03908944149286533, 0.00909205095441044, 0.0, 0.0, 0.0]
tot.withinss	0.16127076019601072
betweenss	15.084332813410654
size	[1, 1, 3, 1, 1, 1, 1, 1, 1, 1, 1, 4, 1, 2, 1, 1, 1, 2, 2, 1, 1, 1]
=====クラスタ数23個のとき＝＝＝＝＝
cluster	[17, 15, 22, 20, 19, 22, 6, 2, 9, 21, 10, 7, 21, 7, 7, 8, 18, 10, 5, 14, 4, 16, 16, 10, 23, 13, 1, 11, 12, 3]
centers	[[2.1590736753113, -0.582336906117086, -0.31266553913962, -0.548069273849231, 0.737711884722887, -0.738776096905119, -0.714937744023133], [2.41688321364633, -0.331645795610575, -0.15327518144051, -0.285701849536468, -0.707305119392984, -0.434344028011522, -0.504611239654274], [2.04381044133776, -0.444752694445692, -0.643108161979508, -0.742285895746416, 0.975654848928648, -0.569009855142163, -0.620308682952632], [2.29190069738083, -0.358848160689101, -0.0834456819285885, -0.814150645736723, 0.281906799975479, -0.632029651717674, -0.685333357284225], [2.36207641204866, -0.306565726282672, -0.483711834909916, -0.636609806995028, 0.201971581753713, -0.567233194110594, -0.569927431504164], [2.18278076521624, -0.620221510373678, -0.651251055859913, -0.788298215090786, 0.688190990962575, -0.441801623827826, -0.36939935102661], [2.41602356732727, -0.1085510855148929, -0.25498086347402066, -0.5848728631099497, -0.5586280690515316, -0.521509047566071, -0.38748163861080603], [2.41456785995198, -0.144328577759916, -0.563298149944869, -0.60042203608784, -0.263655354648036, -0.573904974557146, -0.268958766954174], [2.30699787083034, -0.441823170969016, -0.684206898300092, -0.474321547817875, 0.385531339641528, -0.695039690583045, -0.397137902801835], [2.4262715840601534, -0.159963379199074, -0.39637492900483634, -0.6216130924174177, -0.34036085576085734, -0.4762194015008247, -0.4317399261771437], [1.86898430718884, -0.50204866717164, -0.692905810618613, -0.720433283231157, 1.23768760194115, -0.680059656732759, -0.511224491375821], [2.36292608155139, -0.280027192087981, -0.583583781850183, -0.457181668763083, 0.185362406096343, -0.634336145438186, -0.593159699508297], [2.22476578355241, -0.33848595284292, -0.544520880660349, -0.735047803158187, 0.604179227655104, -0.584398608625013, -0.626491765921047], [2.21000626202693, -0.456136678349206, -0.659805943568917, 0.347314517517527, 0.182133932339336, -0.831401308754027, -0.792110781211642], [2.34740984676073, -0.307236349589255, 0.179376373800595, -0.724332969637697, -0.724332969637697, -0.476681851483935, -0.294202080212741], [2.30122017798847, -0.34360721954719, -0.4517240016157245, -0.692234506165441, 0.402488384621081, -0.5957612046472884, -0.620381630633908], [2.42075222930614, -0.479078278556121, -0.470020836939859, -0.448282977060832, -0.392006073151794, -0.0553107768033031, -0.576053286794227], [2.37097889413734, -0.265246879604036, -0.435212525309906, -0.718879327108667, 0.129776724553742, -0.553602388870545, -0.527814497797931], [2.34035259027904, -0.24428471404259, -0.601748039113066, -0.620762045765751, 0.262755463362341, -0.590339635121455, -0.545973619598523], [2.05186760593527, -0.472458746806684, -0.690138931536323, -0.74360424006641, 0.944371929240613, -0.705414733973491, -0.384622882792971], [2.4112180680672797, -0.149257027774792, -0.40068024820134995, -0.6073447246162605, -0.567217895285837, -0.5318133265837119, -0.15490484560532752], [2.390573664897885, -0.390857241332764, -0.5357775211716775, 0.06040872481531421, -0.578080625364308, -0.58488527986272, -0.36138172198173346], [2.28580245855503, -0.301499053954012, -0.595942324467155, -0.679526220612822, 0.445057109347056, -0.618737932506882, -0.535154036361216]]
totts	15.245603573606665
withinss	[0.0, 0.0, 0.0, 0.0, 0.0, 0.0, 0.029328752178980632, 0.0, 0.0, 0.04521660700080291, 0.0, 0.0, 0.0, 0.0, 0.0, 0.0025498111725230413, 0.0, 0.0, 0.0, 0.0, 0.011560851622608405, 0.06963330872714146, 0.0]
tot.withinss	0.15828933070205645
betweenss	15.08731424290461
size	[1, 1, 1, 1, 1, 1, 3, 1, 1, 3, 1, 1, 1, 1, 1, 2, 1, 1, 1, 1, 2, 2, 1]
=====クラスタ数24個のとき＝＝＝＝＝
cluster	[18, 2, 1, 17, 19, 12, 3, 16, 20, 13, 23, 22, 13, 7, 22, 6, 11, 23, 24, 21, 5, 9, 15, 23, 10, 4, 8, 17, 14, 17]
centers	[[2.38538568590104, -0.546702598667747, -0.47285741224157, 0.117904079167846, -0.533671095180775, -0.611860116102609, -0.338198542876189], [2.34740984676073, -0.307236349589255, 0.179376373800595, -0.724332969637697, -0.724332969637697, -0.476681851483935, -0.294202080212741], [2.18278076521624, -0.620221510373678, -0.651251055859913, -0.788298215090786, 0.688190990962575, -0.441801623827826, -0.36939935102661], [2.22476578355241, -0.33848595284292, -0.544520880660349, -0.735047803158187, 0.604179227655104, -0.584398608625013, -0.626491765921047], [2.29190069738083, -0.358848160689101, -0.0834456819285885, -0.814150645736723, 0.281906799975479, -0.632029651717674, -0.685333357284225], [2.41456785995198, -0.144328577759916, -0.563298149944869, -0.60042203608784, -0.263655354648036, -0.573904974557146, -0.268958766954174], [2.41481932046897, -0.140345813599421, -0.262331531849915, -0.613040471820086, -0.589078991449453, -0.525907815926875, -0.284114695823217], [2.1590736753113, -0.582336906117086, -0.31266553913962, -0.548069273849231, 0.737711884722887, -0.738776096905119, -0.714937744023133], [2.29177299421332, -0.346239923027199, -0.4375150069725, -0.706450522168475, 0.427153422187893, -0.608655789369938, -0.620065174863101], [2.28580245855503, -0.301499053954012, -0.595942324467155, -0.679526220612822, 0.445057109347056, -0.618737932506882, -0.535154036361216], [2.37097889413734, -0.265246879604036, -0.435212525309906, -0.718879327108667, 0.129776724553742, -0.553602388870545, -0.527814497797931], [2.39576164389473, -0.235011883997781, -0.598697630101785, 0.00291337046278242, -0.622490155547841, -0.557910443622831, -0.384564901087278], [2.4112180680672797, -0.149257027774792, -0.40068024820134995, -0.6073447246162605, -0.567217895285837, -0.5318133265837119, -0.15490484560532752], [2.36292608155139, -0.280027192087981, -0.583583781850183, -0.457181668763083, 0.185362406096343, -0.634336145438186, -0.593159699508297], [2.31066736176362, -0.340974516067181, -0.465932996258949, -0.678018490162407, 0.377823347054269, -0.582866619924639, -0.620698086404715], [2.41688321364633, -0.331645795610575, -0.15327518144051, -0.285701849536468, -0.707305119392984, -0.434344028011522, -0.504611239654274], [1.9882207848206235, -0.4730867028080053, -0.6753843013781481, -0.7354411396813276, 1.0525714600368037, -0.6514947486161377, -0.505385352373808], [2.42075222930614, -0.479078278556121, -0.470020836939859, -0.448282977060832, -0.392006073151794, -0.0553107768033031, -0.576053286794227], [2.34035259027904, -0.24428471404259, -0.601748039113066, -0.620762045765751, 0.262755463362341, -0.590339635121455, -0.545973619598523], [2.30699787083034, -0.441823170969016, -0.684206898300092, -0.474321547817875, 0.385531339641528, -0.695039690583045, -0.397137902801835], [2.21000626202693, -0.456136678349206, -0.659805943568917, 0.347314517517527, 0.182133932339336, -0.831401308754027, -0.792110781211642], [2.41662569075642, -0.09265372147262885, -0.2513055292860735, -0.5707890587548815, -0.543402607852571, -0.519309663385669, -0.4391651100046005], [2.4262715840601534, -0.159963379199074, -0.39637492900483634, -0.6216130924174177, -0.34036085576085734, -0.4762194015008247, -0.4317399261771437], [2.36207641204866, -0.306565726282672, -0.483711834909916, -0.636609806995028, 0.201971581753713, -0.567233194110594, -0.569927431504164]]
totts	15.245603573606665
withinss	[0.0, 0.0, 0.0, 0.0, 0.0, 0.0, 0.0, 0.0, 0.0, 0.0, 0.0, 0.0, 0.011560851622608405, 0.0, 0.0, 0.0, 0.11514905279187602, 0.0, 0.0, 0.0, 0.0, 0.00909205095441044, 0.04521660700080291, 0.0]
tot.withinss	0.1810185623696978
betweenss	15.064585011236968
size	[1, 1, 1, 1, 1, 1, 1, 1, 1, 1, 1, 1, 2, 1, 1, 1, 3, 1, 1, 1, 1, 2, 3, 1]
=====クラスタ数25個のとき＝＝＝＝＝
cluster	[20, 23, 6, 25, 9, 5, 11, 13, 15, 21, 10, 18, 21, 17, 18, 1, 2, 8, 2, 24, 4, 3, 3, 16, 7, 19, 12, 14, 9, 22]
centers	[[2.41456785995198, -0.144328577759916, -0.563298149944869, -0.60042203608784, -0.263655354648036, -0.573904974557146, -0.268958766954174], [2.366527653093, -0.28590630294335395, -0.459462180109911, -0.6777445670518475, 0.1658741531537275, -0.5604177914905695, -0.5488709646510475], [2.30122017798847, -0.34360721954719, -0.4517240016157245, -0.692234506165441, 0.402488384621081, -0.5957612046472884, -0.620381630633908], [2.29190069738083, -0.358848160689101, -0.0834456819285885, -0.814150645736723, 0.281906799975479, -0.632029651717674, -0.685333357284225], [2.39576164389473, -0.235011883997781, -0.598697630101785, 0.00291337046278242, -0.622490155547841, -0.557910443622831, -0.384564901087278], [2.38538568590104, -0.546702598667747, -0.47285741224157, 0.117904079167846, -0.533671095180775, -0.611860116102609, -0.338198542876189], [2.28580245855503, -0.301499053954012, -0.595942324467155, -0.679526220612822, 0.445057109347056, -0.618737932506882, -0.535154036361216], [2.4249635392478, -0.101254102254193, -0.428123525854495, -0.603352495207234, -0.377576707771974, -0.480916869185128, -0.433739838974775], [2.3516393359152152, -0.2621559530652855, -0.5926659104816245, -0.538971857264417, 0.22405893472934202, -0.6123378902798204, -0.5695666595534099], [2.43094933504858, -0.24208731288559, -0.346983202993968, -0.652628124171827, -0.372302900606335, -0.489858639520896, -0.327089154869965], [2.18278076521624, -0.620221510373678, -0.651251055859913, -0.788298215090786, 0.688190990962575, -0.441801623827826, -0.36939935102661], [2.1590736753113, -0.582336906117086, -0.31266553913962, -0.548069273849231, 0.737711884722887, -0.738776096905119, -0.714937744023133], [2.41688321364633, -0.331645795610575, -0.15327518144051, -0.285701849536468, -0.707305119392984, -0.434344028011522, -0.504611239654274], [1.86898430718884, -0.50204866717164, -0.692905810618613, -0.720433283231157, 1.23768760194115, -0.680059656732759, -0.511224491375821], [2.30699787083034, -0.441823170969016, -0.684206898300092, -0.474321547817875, 0.385531339641528, -0.695039690583045, -0.397137902801835], [2.42290187788408, -0.136548722457439, -0.414018058166046, -0.608858657873192, -0.271202958904263, -0.45788269579645, -0.534390784686691], [2.41481932046897, -0.140345813599421, -0.262331531849915, -0.613040471820086, -0.589078991449453, -0.525907815926875, -0.284114695823217], [2.41662569075642, -0.09265372147262885, -0.2513055292860735, -0.5707890587548815, -0.543402607852571, -0.519309663385669, -0.4391651100046005], [2.22476578355241, -0.33848595284292, -0.544520880660349, -0.735047803158187, 0.604179227655104, -0.584398608625013, -0.626491765921047], [2.42075222930614, -0.479078278556121, -0.470020836939859, -0.448282977060832, -0.392006073151794, -0.0553107768033031, -0.576053286794227], [2.4112180680672797, -0.149257027774792, -0.40068024820134995, -0.6073447246162605, -0.567217895285837, -0.5318133265837119, -0.15490484560532752], [2.04381044133776, -0.444752694445692, -0.643108161979508, -0.742285895746416, 0.975654848928648, -0.569009855142163, -0.620308682952632], [2.34740984676073, -0.307236349589255, 0.179376373800595, -0.724332969637697, -0.724332969637697, -0.476681851483935, -0.294202080212741], [2.21000626202693, -0.456136678349206, -0.659805943568917, 0.347314517517527, 0.182133932339336, -0.831401308754027, -0.792110781211642], [2.05186760593527, -0.472458746806684, -0.690138931536323, -0.74360424006641, 0.944371929240613, -0.705414733973491, -0.384622882792971]]
totts	15.245603573606665
withinss	[0.0, 0.009039176846279947, 0.0025498111725230413, 0.0, 0.0, 0.0, 0.0, 0.0, 0.019513735798787565, 0.0, 0.0, 0.0, 0.0, 0.0, 0.0, 0.0, 0.0, 0.00909205095441044, 0.0, 0.0, 0.011560851622608405, 0.0, 0.0, 0.0, 0.0]
tot.withinss	0.0517556263946094
betweenss	15.193847947212056
size	[1, 2, 2, 1, 1, 1, 1, 1, 2, 1, 1, 1, 1, 1, 1, 1, 1, 2, 1, 1, 2, 1, 1, 1, 1]
=====クラスタ数26個のとき＝＝＝＝＝
cluster	[13, 19, 1, 16, 9, 8, 3, 23, 26, 2, 21, 17, 2, 5, 17, 12, 10, 25, 10, 15, 22, 4, 14, 25, 20, 7, 18, 6, 24, 11]
centers	[[2.38538568590104, -0.546702598667747, -0.47285741224157, 0.117904079167846, -0.533671095180775, -0.611860116102609, -0.338198542876189], [2.4112180680672797, -0.149257027774792, -0.40068024820134995, -0.6073447246162605, -0.567217895285837, -0.5318133265837119, -0.15490484560532752], [2.18278076521624, -0.620221510373678, -0.651251055859913, -0.788298215090786, 0.688190990962575, -0.441801623827826, -0.36939935102661], [2.29177299421332, -0.346239923027199, -0.4375150069725, -0.706450522168475, 0.427153422187893, -0.608655789369938, -0.620065174863101], [2.41481932046897, -0.140345813599421, -0.262331531849915, -0.613040471820086, -0.589078991449453, -0.525907815926875, -0.284114695823217], [1.86898430718884, -0.50204866717164, -0.692905810618613, -0.720433283231157, 1.23768760194115, -0.680059656732759, -0.511224491375821], [2.22476578355241, -0.33848595284292, -0.544520880660349, -0.735047803158187, 0.604179227655104, -0.584398608625013, -0.626491765921047], [2.39576164389473, -0.235011883997781, -0.598697630101785, 0.00291337046278242, -0.622490155547841, -0.557910443622831, -0.384564901087278], [2.34035259027904, -0.24428471404259, -0.601748039113066, -0.620762045765751, 0.262755463362341, -0.590339635121455, -0.545973619598523], [2.366527653093, -0.28590630294335395, -0.459462180109911, -0.6777445670518475, 0.1658741531537275, -0.5604177914905695, -0.5488709646510475], [2.04381044133776, -0.444752694445692, -0.643108161979508, -0.742285895746416, 0.975654848928648, -0.569009855142163, -0.620308682952632], [2.41456785995198, -0.144328577759916, -0.563298149944869, -0.60042203608784, -0.263655354648036, -0.573904974557146, -0.268958766954174], [2.42075222930614, -0.479078278556121, -0.470020836939859, -0.448282977060832, -0.392006073151794, -0.0553107768033031, -0.576053286794227], [2.31066736176362, -0.340974516067181, -0.465932996258949, -0.678018490162407, 0.377823347054269, -0.582866619924639, -0.620698086404715], [2.21000626202693, -0.456136678349206, -0.659805943568917, 0.347314517517527, 0.182133932339336, -0.831401308754027, -0.792110781211642], [2.05186760593527, -0.472458746806684, -0.690138931536323, -0.74360424006641, 0.944371929240613, -0.705414733973491, -0.384622882792971], [2.41662569075642, -0.09265372147262885, -0.2513055292860735, -0.5707890587548815, -0.543402607852571, -0.519309663385669, -0.4391651100046005], [2.1590736753113, -0.582336906117086, -0.31266553913962, -0.548069273849231, 0.737711884722887, -0.738776096905119, -0.714937744023133], [2.34740984676073, -0.307236349589255, 0.179376373800595, -0.724332969637697, -0.724332969637697, -0.476681851483935, -0.294202080212741], [2.28580245855503, -0.301499053954012, -0.595942324467155, -0.679526220612822, 0.445057109347056, -0.618737932506882, -0.535154036361216], [2.43094933504858, -0.24208731288559, -0.346983202993968, -0.652628124171827, -0.372302900606335, -0.489858639520896, -0.327089154869965], [2.29190069738083, -0.358848160689101, -0.0834456819285885, -0.814150645736723, 0.281906799975479, -0.632029651717674, -0.685333357284225], [2.41688321364633, -0.331645795610575, -0.15327518144051, -0.285701849536468, -0.707305119392984, -0.434344028011522, -0.504611239654274], [2.36292608155139, -0.280027192087981, -0.583583781850183, -0.457181668763083, 0.185362406096343, -0.634336145438186, -0.593159699508297], [2.42393270856594, -0.118901412355816, -0.4210707920102705, -0.606105576540213, -0.3243898333381185, -0.469399782490789, -0.484065311830733], [2.30699787083034, -0.441823170969016, -0.684206898300092, -0.474321547817875, 0.385531339641528, -0.695039690583045, -0.397137902801835]]
totts	15.245603573606665
withinss	[0.0, 0.011560851622608405, 0.0, 0.0, 0.0, 0.0, 0.0, 0.0, 0.0, 0.009039176846279947, 0.0, 0.0, 0.0, 0.0, 0.0, 0.0, 0.00909205095441044, 0.0, 0.0, 0.0, 0.0, 0.0, 0.0, 0.0, 0.011727901586728744, 0.0]
tot.withinss	0.041419981010027536
betweenss	15.204183592596637
size	[1, 2, 1, 1, 1, 1, 1, 1, 1, 2, 1, 1, 1, 1, 1, 1, 2, 1, 1, 1, 1, 1, 1, 1, 2, 1]
=====クラスタ数27個のとき＝＝＝＝＝
cluster	[14, 13, 27, 6, 1, 27, 15, 16, 17, 5, 23, 20, 12, 25, 8, 18, 7, 4, 10, 26, 3, 21, 21, 9, 19, 2, 22, 24, 11, 6]
centers	[[2.34035259027904, -0.24428471404259, -0.601748039113066, -0.620762045765751, 0.262755463362341, -0.590339635121455, -0.545973619598523], [2.22476578355241, -0.33848595284292, -0.544520880660349, -0.735047803158187, 0.604179227655104, -0.584398608625013, -0.626491765921047], [2.29190069738083, -0.358848160689101, -0.0834456819285885, -0.814150645736723, 0.281906799975479, -0.632029651717674, -0.685333357284225], [2.4249635392478, -0.101254102254193, -0.428123525854495, -0.603352495207234, -0.377576707771974, -0.480916869185128, -0.433739838974775], [2.41408709405238, -0.126489123972285, -0.459408498267338, -0.572742753346505, -0.549131450205012, -0.534964668320116, -0.171350599941122], [2.0478390236365147, -0.458605720626188, -0.6666235467579156, -0.742945067906413, 0.9600133890846305, -0.6372122945578269, -0.5024657828728015], [2.37097889413734, -0.265246879604036, -0.435212525309906, -0.718879327108667, 0.129776724553742, -0.553602388870545, -0.527814497797931], [2.4176839990194, -0.133317406341779, -0.209379374850254, -0.580912836410885, -0.563360074447391, -0.516552709211406, -0.414161597757689], [2.42290187788408, -0.136548722457439, -0.414018058166046, -0.608858657873192, -0.271202958904263, -0.45788269579645, -0.534390784686691], [2.36207641204866, -0.306565726282672, -0.483711834909916, -0.636609806995028, 0.201971581753713, -0.567233194110594, -0.569927431504164], [2.36292608155139, -0.280027192087981, -0.583583781850183, -0.457181668763083, 0.185362406096343, -0.634336145438186, -0.593159699508297], [2.40834904208218, -0.172024931577299, -0.341951998135362, -0.641946695886016, -0.585304340366662, -0.528661984847308, -0.138459091269533], [2.34740984676073, -0.307236349589255, 0.179376373800595, -0.724332969637697, -0.724332969637697, -0.476681851483935, -0.294202080212741], [2.42075222930614, -0.479078278556121, -0.470020836939859, -0.448282977060832, -0.392006073151794, -0.0553107768033031, -0.576053286794227], [2.18278076521624, -0.620221510373678, -0.651251055859913, -0.788298215090786, 0.688190990962575, -0.441801623827826, -0.36939935102661], [2.41688321364633, -0.331645795610575, -0.15327518144051, -0.285701849536468, -0.707305119392984, -0.434344028011522, -0.504611239654274], [2.30699787083034, -0.441823170969016, -0.684206898300092, -0.474321547817875, 0.385531339641528, -0.695039690583045, -0.397137902801835], [2.41456785995198, -0.144328577759916, -0.563298149944869, -0.60042203608784, -0.263655354648036, -0.573904974557146, -0.268958766954174], [2.28580245855503, -0.301499053954012, -0.595942324467155, -0.679526220612822, 0.445057109347056, -0.618737932506882, -0.535154036361216], [2.41556738249344, -0.0519900366034787, -0.293231683721893, -0.560665281098878, -0.523445141257751, -0.522066617559932, -0.464168622251512], [2.30122017798847, -0.34360721954719, -0.4517240016157245, -0.692234506165441, 0.402488384621081, -0.5957612046472884, -0.620381630633908], [2.1590736753113, -0.582336906117086, -0.31266553913962, -0.548069273849231, 0.737711884722887, -0.738776096905119, -0.714937744023133], [2.43094933504858, -0.24208731288559, -0.346983202993968, -0.652628124171827, -0.372302900606335, -0.489858639520896, -0.327089154869965], [1.86898430718884, -0.50204866717164, -0.692905810618613, -0.720433283231157, 1.23768760194115, -0.680059656732759, -0.511224491375821], [2.41481932046897, -0.140345813599421, -0.262331531849915, -0.613040471820086, -0.589078991449453, -0.525907815926875, -0.284114695823217], [2.21000626202693, -0.456136678349206, -0.659805943568917, 0.347314517517527, 0.182133932339336, -0.831401308754027, -0.792110781211642], [2.390573664897885, -0.390857241332764, -0.5357775211716775, 0.06040872481531421, -0.578080625364308, -0.58488527986272, -0.36138172198173346]]
totts	15.245603573606665
withinss	[0.0, 0.0, 0.0, 0.0, 0.0, 0.03908944149286533, 0.0, 0.0, 0.0, 0.0, 0.0, 0.0, 0.0, 0.0, 0.0, 0.0, 0.0, 0.0, 0.0, 0.0, 0.0025498111725230413, 0.0, 0.0, 0.0, 0.0, 0.0, 0.06963330872714146]
tot.withinss	0.11127256139252983
betweenss	15.134331012214135
size	[1, 1, 1, 1, 1, 2, 1, 1, 1, 1, 1, 1, 1, 1, 1, 1, 1, 1, 1, 1, 2, 1, 1, 1, 1, 1, 2]
=====クラスタ数28個のとき＝＝＝＝＝
cluster	[25, 16, 8, 1, 28, 6, 2, 17, 3, 21, 14, 11, 15, 18, 23, 7, 12, 13, 12, 19, 20, 10, 10, 24, 22, 27, 9, 5, 4, 26]
centers	[[2.05186760593527, -0.472458746806684, -0.690138931536323, -0.74360424006641, 0.944371929240613, -0.705414733973491, -0.384622882792971], [2.18278076521624, -0.620221510373678, -0.651251055859913, -0.788298215090786, 0.688190990962575, -0.441801623827826, -0.36939935102661], [2.30699787083034, -0.441823170969016, -0.684206898300092, -0.474321547817875, 0.385531339641528, -0.695039690583045, -0.397137902801835], [2.36292608155139, -0.280027192087981, -0.583583781850183, -0.457181668763083, 0.185362406096343, -0.634336145438186, -0.593159699508297], [1.86898430718884, -0.50204866717164, -0.692905810618613, -0.720433283231157, 1.23768760194115, -0.680059656732759, -0.511224491375821], [2.39576164389473, -0.235011883997781, -0.598697630101785, 0.00291337046278242, -0.622490155547841, -0.557910443622831, -0.384564901087278], [2.41456785995198, -0.144328577759916, -0.563298149944869, -0.60042203608784, -0.263655354648036, -0.573904974557146, -0.268958766954174], [2.38538568590104, -0.546702598667747, -0.47285741224157, 0.117904079167846, -0.533671095180775, -0.611860116102609, -0.338198542876189], [2.1590736753113, -0.582336906117086, -0.31266553913962, -0.548069273849231, 0.737711884722887, -0.738776096905119, -0.714937744023133], [2.30122017798847, -0.34360721954719, -0.4517240016157245, -0.692234506165441, 0.402488384621081, -0.5957612046472884, -0.620381630633908], [2.41556738249344, -0.0519900366034787, -0.293231683721893, -0.560665281098878, -0.523445141257751, -0.522066617559932, -0.464168622251512], [2.366527653093, -0.28590630294335395, -0.459462180109911, -0.6777445670518475, 0.1658741531537275, -0.5604177914905695, -0.5488709646510475], [2.4249635392478, -0.101254102254193, -0.428123525854495, -0.603352495207234, -0.377576707771974, -0.480916869185128, -0.433739838974775], [2.43094933504858, -0.24208731288559, -0.346983202993968, -0.652628124171827, -0.372302900606335, -0.489858639520896, -0.327089154869965], [2.40834904208218, -0.172024931577299, -0.341951998135362, -0.641946695886016, -0.585304340366662, -0.528661984847308, -0.138459091269533], [2.34740984676073, -0.307236349589255, 0.179376373800595, -0.724332969637697, -0.724332969637697, -0.476681851483935, -0.294202080212741], [2.41688321364633, -0.331645795610575, -0.15327518144051, -0.285701849536468, -0.707305119392984, -0.434344028011522, -0.504611239654274], [2.41481932046897, -0.140345813599421, -0.262331531849915, -0.613040471820086, -0.589078991449453, -0.525907815926875, -0.284114695823217], [2.21000626202693, -0.456136678349206, -0.659805943568917, 0.347314517517527, 0.182133932339336, -0.831401308754027, -0.792110781211642], [2.29190069738083, -0.358848160689101, -0.0834456819285885, -0.814150645736723, 0.281906799975479, -0.632029651717674, -0.685333357284225], [2.41408709405238, -0.126489123972285, -0.459408498267338, -0.572742753346505, -0.549131450205012, -0.534964668320116, -0.171350599941122], [2.28580245855503, -0.301499053954012, -0.595942324467155, -0.679526220612822, 0.445057109347056, -0.618737932506882, -0.535154036361216], [2.4176839990194, -0.133317406341779, -0.209379374850254, -0.580912836410885, -0.563360074447391, -0.516552709211406, -0.414161597757689], [2.42290187788408, -0.136548722457439, -0.414018058166046, -0.608858657873192, -0.271202958904263, -0.45788269579645, -0.534390784686691], [2.42075222930614, -0.479078278556121, -0.470020836939859, -0.448282977060832, -0.392006073151794, -0.0553107768033031, -0.576053286794227], [2.04381044133776, -0.444752694445692, -0.643108161979508, -0.742285895746416, 0.975654848928648, -0.569009855142163, -0.620308682952632], [2.22476578355241, -0.33848595284292, -0.544520880660349, -0.735047803158187, 0.604179227655104, -0.584398608625013, -0.626491765921047], [2.34035259027904, -0.24428471404259, -0.601748039113066, -0.620762045765751, 0.262755463362341, -0.590339635121455, -0.545973619598523]]
totts	15.245603573606665
withinss	[0.0, 0.0, 0.0, 0.0, 0.0, 0.0, 0.0, 0.0, 0.0, 0.0025498111725230413, 0.0, 0.009039176846279947, 0.0, 0.0, 0.0, 0.0, 0.0, 0.0, 0.0, 0.0, 0.0, 0.0, 0.0, 0.0, 0.0, 0.0, 0.0, 0.0]
tot.withinss	0.011588988018802988
betweenss	15.234014585587863
size	[1, 1, 1, 1, 1, 1, 1, 1, 1, 2, 1, 2, 1, 1, 1, 1, 1, 1, 1, 1, 1, 1, 1, 1, 1, 1, 1, 1]
=====クラスタ数29個のとき＝＝＝＝＝
cluster	[11, 19, 7, 5, 13, 7, 4, 8, 26, 14, 25, 18, 16, 9, 1, 3, 23, 22, 28, 10, 6, 2, 20, 12, 21, 29, 17, 24, 15, 27]
centers	[[2.4176839990194, -0.133317406341779, -0.209379374850254, -0.580912836410885, -0.563360074447391, -0.516552709211406, -0.414161597757689], [2.29177299421332, -0.346239923027199, -0.4375150069725, -0.706450522168475, 0.427153422187893, -0.608655789369938, -0.620065174863101], [2.41456785995198, -0.144328577759916, -0.563298149944869, -0.60042203608784, -0.263655354648036, -0.573904974557146, -0.268958766954174], [2.18278076521624, -0.620221510373678, -0.651251055859913, -0.788298215090786, 0.688190990962575, -0.441801623827826, -0.36939935102661], [2.05186760593527, -0.472458746806684, -0.690138931536323, -0.74360424006641, 0.944371929240613, -0.705414733973491, -0.384622882792971], [2.29190069738083, -0.358848160689101, -0.0834456819285885, -0.814150645736723, 0.281906799975479, -0.632029651717674, -0.685333357284225], [2.390573664897885, -0.390857241332764, -0.5357775211716775, 0.06040872481531421, -0.578080625364308, -0.58488527986272, -0.36138172198173346], [2.41688321364633, -0.331645795610575, -0.15327518144051, -0.285701849536468, -0.707305119392984, -0.434344028011522, -0.504611239654274], [2.41481932046897, -0.140345813599421, -0.262331531849915, -0.613040471820086, -0.589078991449453, -0.525907815926875, -0.284114695823217], [2.21000626202693, -0.456136678349206, -0.659805943568917, 0.347314517517527, 0.182133932339336, -0.831401308754027, -0.792110781211642], [2.42075222930614, -0.479078278556121, -0.470020836939859, -0.448282977060832, -0.392006073151794, -0.0553107768033031, -0.576053286794227], [2.42290187788408, -0.136548722457439, -0.414018058166046, -0.608858657873192, -0.271202958904263, -0.45788269579645, -0.534390784686691], [2.34035259027904, -0.24428471404259, -0.601748039113066, -0.620762045765751, 0.262755463362341, -0.590339635121455, -0.545973619598523], [2.41408709405238, -0.126489123972285, -0.459408498267338, -0.572742753346505, -0.549131450205012, -0.534964668320116, -0.171350599941122], [2.36292608155139, -0.280027192087981, -0.583583781850183, -0.457181668763083, 0.185362406096343, -0.634336145438186, -0.593159699508297], [2.40834904208218, -0.172024931577299, -0.341951998135362, -0.641946695886016, -0.585304340366662, -0.528661984847308, -0.138459091269533], [2.1590736753113, -0.582336906117086, -0.31266553913962, -0.548069273849231, 0.737711884722887, -0.738776096905119, -0.714937744023133], [2.41556738249344, -0.0519900366034787, -0.293231683721893, -0.560665281098878, -0.523445141257751, -0.522066617559932, -0.464168622251512], [2.34740984676073, -0.307236349589255, 0.179376373800595, -0.724332969637697, -0.724332969637697, -0.476681851483935, -0.294202080212741], [2.31066736176362, -0.340974516067181, -0.465932996258949, -0.678018490162407, 0.377823347054269, -0.582866619924639, -0.620698086404715], [2.28580245855503, -0.301499053954012, -0.595942324467155, -0.679526220612822, 0.445057109347056, -0.618737932506882, -0.535154036361216], [2.4249635392478, -0.101254102254193, -0.428123525854495, -0.603352495207234, -0.377576707771974, -0.480916869185128, -0.433739838974775], [2.37097889413734, -0.265246879604036, -0.435212525309906, -0.718879327108667, 0.129776724553742, -0.553602388870545, -0.527814497797931], [1.86898430718884, -0.50204866717164, -0.692905810618613, -0.720433283231157, 1.23768760194115, -0.680059656732759, -0.511224491375821], [2.43094933504858, -0.24208731288559, -0.346983202993968, -0.652628124171827, -0.372302900606335, -0.489858639520896, -0.327089154869965], [2.30699787083034, -0.441823170969016, -0.684206898300092, -0.474321547817875, 0.385531339641528, -0.695039690583045, -0.397137902801835], [2.04381044133776, -0.444752694445692, -0.643108161979508, -0.742285895746416, 0.975654848928648, -0.569009855142163, -0.620308682952632], [2.36207641204866, -0.306565726282672, -0.483711834909916, -0.636609806995028, 0.201971581753713, -0.567233194110594, -0.569927431504164], [2.22476578355241, -0.33848595284292, -0.544520880660349, -0.735047803158187, 0.604179227655104, -0.584398608625013, -0.626491765921047]]
totts	15.245603573606665
withinss	[0.0, 0.0, 0.0, 0.0, 0.0, 0.0, 0.06963330872714146, 0.0, 0.0, 0.0, 0.0, 0.0, 0.0, 0.0, 0.0, 0.0, 0.0, 0.0, 0.0, 0.0, 0.0, 0.0, 0.0, 0.0, 0.0, 0.0, 0.0, 0.0, 0.0]
tot.withinss	0.06963330872714146
betweenss	15.175970264879524
size	[1, 1, 1, 1, 1, 1, 2, 1, 1, 1, 1, 1, 1, 1, 1, 1, 1, 1, 1, 1, 1, 1, 1, 1, 1, 1, 1, 1, 1]
##########################クラスタ数2個の時の平均##########################
cl[1] = [2.4092915764112703, 1.1942270051264536, 0.9226506538099224, -0.006544073086600917, 0.4260802394437797, 0.779039973845815, 2.4483122763861336]
cl[2] = [2.2290477625830203, 0.14401906088495967, -0.11469855432239041, -0.24675918358091387, 2.406078573466931, 1.0898681991663826, 2.4483220652578006]
##########################クラスタ数2個の時の標準偏差##########################
cl[1] = [0.020467547268665672, 0.7595359004309483, 0.9221237655353617, 1.1337184842257024, 0.9124777989732039, 0.7881843013432934, 0.0010925288287997018]
cl[2] = [0.13573101700213336, 0.30900850609818464, 0.3960715349473826, 0.5559069797837063, 0.05033045013841014, 0.7260105970063239, 0.0008100965061224903]
##########################異常データ(標準化)##########################
[1.6477396476485013, -0.2551676800390743, -0.3490947017382869, -0.4958479688259453, 0.053183313376142356, 2.427448804672083, 2.449489621840463]
[1.7414533042662657, -0.43963258202015537, -0.5936550946578698, -0.3488266663707759, 1.001520060589509, 2.4359199902450612, 2.449079683839446]
[2.2850213126467835, 0.37142409324787573, -0.40354752310863573, -0.6547861105773483, 0.680233054155544, 2.42458672184773, 2.449010835816554]
[2.2398797094349088, 0.27623989720463393, -0.6459866073019878, -0.5716660974793821, 0.9630217895890403, 2.4331718677604735, 2.448879351677668]
[2.1351327786788685, 0.01891938608112491, -0.6133082470978569, -0.6390824163446743, 0.9058959320058151, 2.4430525218889665, 2.4479273642799364]

[2.402074568802195, 1.4628895057201676, 0.07886760727023377, -0.4879248756273473, 2.4353816324434665, 0.9481039554214058, 2.4471953906764865]
[2.401166535965798, 1.2978065950430797, -0.09576747199299156, -0.5318915295967245, 2.416992844560845, 1.4437383247867075, 2.446633340900572]
[2.4307355544070237, 1.8287887946695716, -0.4476652823156244, 1.9520845411789596, 0.3594996621318287, 0.7674701425647228, 2.4490465484487567]
[2.41456101197908, 0.5710989998593226, -0.053665522660348394, -0.29498492607540017, 2.423010763051434, 1.7244205222529445, 2.4476500914574477]
[2.3797051421906485, 0.9948624812025141, -0.2138748583537807, -0.5554688308906242, 2.390105450963019, 0.772334625495589, 2.4491314787327045]

[2.378791142668901, 0.6773857079635478, -0.28739840236651054, -0.5794535790275188, 2.2830898170230953, -0.15777078762647145, 2.449311030896575]
[2.0516521730717403, -0.16624459868825692, 0.18192067682277782, -0.4770547684603498, 2.439207596424502, 1.5809892413791231, 2.4490760413111716]
[2.382651739370843, 0.8073580838540805, 0.2844472008568774, -0.41520518825986846, 2.379094742461954, 0.23555361102329853, 2.4492942018718082]
[2.3534419940124978, 0.5749690636905179, -0.18584152954921535, -0.10698292724154627, 2.423166712552864, 0.03647117046622483, 2.449259456502557]
[1.9964867603851193, 2.437808675331903, -0.28511034515648054, -0.49290566625728466, 2.425117569138638, 0.22723205025492202, 2.4493078827895896]

[1.947180764177608, 2.4136918580176228, -0.17865586342427614, -0.38784469359404405, 2.4447201555969604, 1.332383784002973, 2.4490420395466983]
[2.2251933314607455, -0.13948441546069215, -0.3204379767934161, -0.45233702413159727, 2.4422841895328298, 0.20111333280679466, 2.448941532833133]
[2.3840367421075546, 0.4149843285465473, -0.2962417135072803, -0.4864125514159588, 2.430585150888694, 0.336465650461172, 2.448485363602563]
[2.409557788085783, 1.0569674328859389, -0.23050650445309825, -0.4696324099810711, 2.4368149118277973, 0.08830142505481636, 2.447288079401047]
[2.270624642550364, -0.02490352631429192, -0.5560268339514618, 0.5714935343908376, 2.435904531683379, -0.058148196307213774, 2.4488345143720833]

[2.404908821128751, 0.3317298877385071, -0.491625216078557, -0.4345307379773309, 2.3109921106614983, 0.2264228541888204, 2.449256953457548]
[2.328514098231024, -0.3588821209777759, -0.4115527670792989, 0.12607542932971966, 2.4091187930220244, -0.17387173791510052, 2.4480748570264415]
[2.420681547780938, 1.064804307216019, -0.27218662662533416, 0.40193870209290977, 2.411272816463341, 1.030504431331719, 2.448415036061544]
[2.412943180635751, 1.524630102442664, -0.31532139210347954, -0.4702578263491426, 2.440822839929362, 0.8186000525129903, 2.4457329209407628]
[2.3412113507096977, 0.5938685392289852, -0.2049166697005949, -0.21204892553319377, 2.434756478530574, 0.0475417814725869, 2.4472627544802106]

[2.34501734348273, 0.7987427856542373, -0.4367747043463511, -0.4764119605554062, 2.439875340484412, 1.5608641667947287, 2.4460148053200337]
[2.3407915087582083, 0.6656867298789746, -0.4131979928353135, -0.3184664345981539, 2.440897272764945, 0.10487201591195051, 2.447220192356494]
[2.0136263155101886, -0.1707256195387571, -0.5054505203770415, -0.18859090114350593, 2.4427956625141976, 0.18942864417726185, 2.447678269670717]
[2.2400559458070797, 0.25053910354193415, -0.48682042296373707, -0.5100352898582254, 2.3969045720210755, -0.20446111845296705, 2.4493195426263115]
[2.1775768974363903, -0.004253178478626568, -0.22239449449334564, -0.47690619215949126, 2.433353244892903, 0.1976323606046906, 2.4490728191182662]

##########################逸脱度##########################
37.36108529721258
28.303118739043256
6.728900851171934
8.839309631436022
13.775296496663126

2.6845971572108387
3.073113595271134
2.7287170241189833
2.31833932841657
3.0178019908044065

3.3243312805059757
2.2816420794461676
2.9028869550124248
2.5376844479066434
7.839293971676859

7.735837907268209
1.9621208549130946
1.9553443210127464
2.875104103170939
2.655663604372863

3.055571899645246
2.7062717584911975
2.6441232253400173
3.5556060719216673
2.6369965910705297

3.8774758374837264
2.8778093842094083
2.6912260140877646
2.4413370014605937
1.8116944755867699

##############################################################
タイムスロット0 = [37.36108529721258, 47.026558728108775]
タイムスロット1 = [32.82366076818554, 28.303118739043256]
タイムスロット2 = [6.728900851171934, 34.37598931791657]
タイムスロット3 = [8.839309631436022, 28.78003268521131]
タイムスロット4 = [13.775296496663126, 29.914442985538226]
タイムスロット5 = [2.6845971572108387, 4.7518351428587025]
タイムスロット6 = [3.073113595271134, 4.521625340143538]
タイムスロット7 = [2.7287170241189833, 41.26438738665531]
タイムスロット8 = [2.9189881402741067, 2.31833932841657]
タイムスロット9 = [3.0178019908044065, 3.2365110388410305]
タイムスロット10 = [3.3243312805059757, 3.8935265328651765]
タイムスロット11 = [17.769072438634243, 2.2816420794461676]
タイムスロット12 = [2.9028869550124248, 3.179381611041026]
タイムスロット13 = [3.999095328300569, 2.5376844479066434]
タイムスロット14 = [20.4322967583999, 7.839293971676859]
タイムスロット15 = [22.797026585792516, 7.735837907268209]
タイムスロット16 = [9.576561726364357, 1.9621208549130946]
タイムスロット17 = [3.109285944578739, 1.9553443210127464]
タイムスロット18 = [2.875104103170939, 3.8273823369659237]
タイムスロット19 = [7.583931055043891, 2.655663604372863]
タイムスロット20 = [3.055571899645246, 3.063167332899142]
タイムスロット21 = [5.300571065472725, 2.7062717584911975]
タイムスロット22 = [2.6441232253400173, 3.5246153136553926]
タイムスロット23 = [3.5556060719216673, 5.748643582580983]
タイムスロット24 = [4.454983212440304, 2.6369965910705297]
タイムスロット25 = [4.770163205482795, 3.8774758374837264]
タイムスロット26 = [4.523912428411693, 2.8778093842094083]
タイムスロット27 = [19.62488021612579, 2.6912260140877646]
タイムスロット28 = [8.917238045594644, 2.4413370014605937]
タイムスロット29 = [11.757488163448416, 1.8116944755867699]
