##########################通常データ(標準化)##########################
[-0.28839265744941556, -0.44614730995087964, 1.9827679544750458, 1.039687526692828, 1.9999996912977396]
[-0.599440461594419, -0.4168478716800376, 1.9320935407535798, 1.9998825528058084, -0.5088933200087116]
[-0.5421824147249832, -0.4847665608024471, 1.996265163506497, 1.4778644282849838, 1.9967085747517688]
[-0.8200370957797252, -0.6180340582894741, 1.7201904180920504, -0.4319378988434787, 1.9999734089046282]
[-0.7433607262049463, -0.4292660260745834, 1.914372346739099, -0.45998805328640757, 1.9999881787235565]

[-0.5334304892830842, -0.30865231077533817, 1.9998659641897352, 1.7400862742257017, 1.8502113953577093]
[-0.6042223840832892, -0.6387112645086838, 1.8221007726050187, -0.19869616440291785, 1.9999863246700673]
[-0.5154766161427716, -0.38878412605701523, 1.9772517629017679, 1.9956000984298412, 1.9642382875532403]
[-0.7240074895831826, -0.5292190781742124, 1.90521568250481, -0.3997006682757941, 1.9999917716564493]
[-0.5867240310224889, -0.2660838601918447, 1.999017307058151, 1.956602253588785, 1.9194561530213723]

[-0.6006293760854289, -0.3699525548213535, 1.9899014570596392, 1.3109994677362558, 1.9997474527547996]
[-0.6450112990474405, -0.23089079699929604, 1.993092700867003, 1.9811123687565124, 1.989243159275487]
[-0.5881279809888369, -0.3007393564568809, 1.9936031113856976, 1.9647217983259397, 1.9893404944351551]
[-0.6119418897616893, -0.2893416179620764, 1.9896540862278764, 1.9955629187847663, 1.931725824295633]
[-0.6304722635723021, -0.2945654123972183, 1.9867235425856196, 1.9977749331469858, 1.769556130302842]

[-0.6440127362788091, -0.29883956757352037, 1.9905837337590553, -0.2905959123993611, 1.999657476768892]
[-0.7248247311612213, -0.438017291784972, 1.9363025314526068, 0.1728941220342228, 1.9999898048218856]
[-0.6100714240113294, -0.2650132644968339, 1.9945938009802684, 0.9542523742580735, 1.999867641993517]
[-0.7248528867799111, -0.47076879544546263, 1.926845311282279, -0.02032372480492766, 1.9999969822230588]
[-0.7295693682580469, -0.4904177244296174, 1.9450895756462467, -0.09657268990952374, 1.9999967850792535]

[-0.8783358843154199, -0.5761899770990178, 1.8681657796715168, 0.7904927847869493, 1.9999937653940587]
[-0.8055279807653007, -0.5424905931786035, 1.8691937678962725, -0.02655260855773102, 1.9999971720690888]
[-0.7660601369060227, -0.5164432259341095, 1.8844182706201091, -0.013590085901109947, 1.9999942967648894]
[-0.619323596142166, -0.3034122768733446, 1.9885979468597197, 0.6391948780806403, 1.999952967141884]
[-0.7772866895555501, -0.48532889918738875, 1.8699323614745929, -0.35766507029088945, 1.9999841296331455]

[-0.7933475623651507, -0.5316779050233141, 1.813825365546819, -0.2214028611590743, 1.9999963794726643]
[-0.8712621546166673, -0.7164814513897338, 1.7900633565968749, 0.17590317259987373, 1.9999950334835015]
[-0.8408177503739697, -0.6747631829556245, 1.5466164890789302, -0.4735210895472138, 1.9999959059863452]
[-0.736659730960852, -0.44044102172774474, 1.9354853063882012, -0.32744367092176485, 1.9999926974930042]
[-0.7816096225405978, -0.6217151806981508, 1.6646273582862465, -0.3896497305995268, 1.9999978446286362]

##########################クラスタ数##########################
2
##########################クラスタリング結果##########################
=====クラスタ数1個のとき＝＝＝＝＝
cluster	[1, 1, 1, 1, 1, 1, 1, 1, 1, 1, 1, 1, 1, 1, 1, 1, 1, 1, 1, 1, 1, 1, 1, 1, 1, 1, 1, 1, 1, 1]
centers	[-0.6779006476785004, -0.47645139258178815, 1.9173498290174193, -0.5846302915159797, -0.17836749724115078]
totts	7.9082062116205725
withinss	7.908206211620573
tot.withinss	7.908206211620573
betweenss	-8.881784197001252e-16
size	30
=====クラスタ数2個のとき＝＝＝＝＝
cluster	[1, 1, 1, 2, 2, 1, 2, 1, 2, 1, 1, 1, 1, 1, 1, 1, 2, 1, 2, 2, 2, 2, 2, 1, 2, 2, 2, 2, 2, 2]
centers	[[-0.5725169454360831, -0.36452257500963786, 1.9842119019026825, -0.4623498155010183, -0.5848225659559434], [-0.770111387140616, -0.5743891079574196, 1.8588455152428136, -0.6916257080290711, 0.17728068788429283]]
totts	7.9082062116205725
withinss	[0.6505237521929863, 1.7907902754315577]
tot.withinss	2.4413140276245437
betweenss	5.466892183996029
size	[14, 16]
=====クラスタ数3個のとき＝＝＝＝＝
cluster	[3, 3, 3, 1, 2, 3, 2, 3, 2, 3, 3, 3, 3, 3, 3, 3, 2, 3, 2, 2, 2, 2, 2, 3, 2, 2, 2, 1, 2, 1]
centers	[[-0.8141548228980975, -0.6619369195887962, 1.6580709771917805, -0.8360168037209729, 0.654037569016086], [-0.7599475173504278, -0.5541857668117174, 1.9051781009468982, -0.6583046859463246, 0.06725986916157131], [-0.5725169454360831, -0.36452257500963786, 1.9842119019026825, -0.4623498155010183, -0.5848225659559434]]
totts	7.9082062116205725
withinss	[0.0693085069291598, 0.6209496913110317, 0.6505237521929863]
tot.withinss	1.3407819504331777
betweenss	6.567424261187394
size	[3, 13, 14]
=====クラスタ数4個のとき＝＝＝＝＝
cluster	[1, 2, 1, 4, 3, 1, 4, 2, 3, 1, 1, 2, 2, 2, 2, 1, 3, 1, 3, 3, 3, 3, 3, 1, 3, 4, 4, 4, 3, 4]
centers	[[-0.5530958406247132, -0.37743116948435934, 1.990126199291063, -0.5498020506386223, -0.509797138543368], [-0.5984117518512432, -0.34731111571000906, 1.9763261720515093, -0.3457468353175462, -0.6848564691727107], [-0.7610485624490455, -0.5149516005880405, 1.9251655523360536, -0.6511889082656773, 0.00202351896670952], [-0.7852160949599, -0.6734516202397183, 1.748312120087414, -0.7590203743013942, 0.4693759694135983]]
totts	7.9082062116205725
withinss	[0.2308239754174349, 0.16106380989007502, 0.25316441867420986, 0.4612656054017481]
tot.withinss	1.1063178093834678
betweenss	6.801888402237105
size	[8, 6, 10, 6]
=====クラスタ数5個のとき＝＝＝＝＝
cluster	[5, 2, 5, 3, 1, 5, 3, 2, 1, 4, 5, 4, 4, 4, 4, 5, 1, 5, 1, 1, 1, 1, 1, 5, 1, 3, 3, 3, 1, 3]
centers	[[-0.7610485624490455, -0.5149516005880405, 1.9251655523360536, -0.6511889082656773, 0.00202351896670952], [-0.5574585388685953, -0.455106700213059, 1.9649184681464393, -0.2021304389402157, -0.7502227901245695], [-0.7852160949599, -0.6734516202397183, 1.748312120087414, -0.7590203743013942, 0.4693759694135983], [-0.6124554928785516, -0.2893416841512043, 1.9828412649276075, -0.43978489667280457, -0.641259191225047], [-0.5482918134250309, -0.3923420327075413, 1.9907033379580916, -0.5528160079671146, -0.49725348385840473]]
totts	7.9082062116205725
withinss	[0.25316441867420986, 0.03504466646452598, 0.4612656054017481, 0.02448035741804815, 0.20774229749349937]
tot.withinss	0.9816973454520315
betweenss	6.9265088661685414
size	[10, 2, 6, 5, 7]
=====クラスタ数6個のとき＝＝＝＝＝
cluster	[2, 4, 5, 3, 1, 5, 1, 4, 1, 6, 5, 6, 6, 6, 6, 5, 1, 5, 1, 1, 1, 1, 1, 5, 1, 1, 1, 3, 1, 3]
centers	[[-0.7599475173504278, -0.5541857668117174, 1.9051781009468982, -0.6583046859463246, 0.06725986916157131], [-0.28839265744941556, -0.5892518068696793, 1.987899607571554, -0.5828213605298332, -0.527433782722626], [-0.8141548228980975, -0.6619369195887962, 1.6580709771917805, -0.8360168037209729, 0.654037569016086], [-0.5574585388685953, -0.455106700213059, 1.9649184681464393, -0.2021304389402157, -0.7502227901245695], [-0.5916083394209669, -0.3595237370138517, 1.9911706263558477, -0.5478151158733281, -0.49222343404770125], [-0.6124554928785516, -0.2893416841512043, 1.9828412649276075, -0.43978489667280457, -0.641259191225047]]
totts	7.9082062116205725
withinss	[0.6209496913110317, 0.0, 0.0693085069291598, 0.03504466646452598, 0.08157889070280944, 0.02448035741804815]
tot.withinss	0.831362112825575
betweenss	7.076844098794997
size	[13, 1, 3, 2, 6, 5]
=====クラスタ数7個のとき＝＝＝＝＝
cluster	[6, 1, 6, 5, 2, 6, 4, 1, 2, 6, 6, 1, 1, 1, 1, 6, 7, 6, 7, 7, 3, 2, 2, 6, 2, 4, 4, 5, 7, 5]
centers	[[-0.5984117518512432, -0.34731111571000906, 1.9763261720515093, -0.3457468353175462, -0.6848564691727107], [-0.7632486046030006, -0.5199312582131204, 1.905324082542006, -0.7083679477724778, 0.08622372804659281], [-0.8783358843154199, -0.6277901659230344, 1.9214615947929856, -0.37520749047054813, -0.04012805408398379], [-0.7562773670217023, -0.6849663208906405, 1.8385532629830472, -0.6820239448818154, 0.2847143698111106], [-0.8141548228980975, -0.6619369195887962, 1.6580709771917805, -0.8360168037209729, 0.654037569016086], [-0.5530958406247132, -0.37743116948435934, 1.990126199291063, -0.5498020506386223, -0.509797138543368], [-0.7289766792900079, -0.480517387222942, 1.95089337896438, -0.648710463330959, -0.09268884912047126]]
totts	7.9082062116205725
withinss	[0.16106380989007502, 0.03821757040156445, 0.0, 0.0971059463446772, 0.0693085069291598, 0.2308239754174349, 0.009178310217394278]
tot.withinss	0.6056981192003057
betweenss	7.3025080924202665
size	[6, 5, 1, 3, 3, 8, 4]
=====クラスタ数8個のとき＝＝＝＝＝
cluster	[2, 3, 7, 6, 4, 7, 1, 3, 4, 7, 7, 7, 7, 3, 3, 7, 8, 7, 8, 8, 5, 4, 4, 7, 4, 1, 1, 6, 8, 6]
centers	[[-0.7562773670217023, -0.6849663208906405, 1.8385532629830472, -0.6820239448818154, 0.2847143698111106], [-0.28839265744941556, -0.5892518068696793, 1.987899607571554, -0.5828213605298332, -0.527433782722626], [-0.5893328077677955, -0.38100803256359395, 1.9731686894696894, -0.29472907842992835, -0.7080987707083718], [-0.7632486046030006, -0.5199312582131204, 1.905324082542006, -0.7083679477724778, 0.08622372804659281], [-0.8783358843154199, -0.6277901659230344, 1.9214615947929856, -0.37520749047054813, -0.04012805408398379], [-0.8141548228980975, -0.6619369195887962, 1.6580709771917805, -0.8360168037209729, 0.654037569016086], [-0.596612594176063, -0.3322257903345415, 1.9887102512430275, -0.5234621936405232, -0.5364096730918995], [-0.7289766792900079, -0.480517387222942, 1.95089337896438, -0.648710463330959, -0.09268884912047126]]
totts	7.9082062116205725
withinss	[0.0971059463446772, 0.0, 0.10342377982460851, 0.03821757040156445, 0.0, 0.0693085069291598, 0.15266670975436772, 0.009178310217394278]
tot.withinss	0.469900823471772
betweenss	7.438305388148801
size	[3, 1, 4, 5, 1, 3, 9, 4]
=====クラスタ数9個のとき＝＝＝＝＝
cluster	[6, 9, 2, 5, 8, 7, 1, 4, 8, 3, 2, 3, 3, 3, 3, 7, 8, 7, 8, 8, 8, 1, 8, 7, 1, 1, 1, 5, 8, 5]
centers	[[-0.7703293542771916, -0.6247283730221417, 1.8587140608541328, -0.6908615004158861, 0.22720516686108666], [-0.571405895405206, -0.4527637744866637, 1.9976599219500968, -0.4725587553404216, -0.5009314967178055], [-0.6124554928785516, -0.2893416841512043, 1.9828412649276075, -0.43978489667280457, -0.641259191225047], [-0.5154766161427716, -0.443302292585567, 1.9840341681014708, -0.3179468885125275, -0.7073083708606048], [-0.8141548228980975, -0.6619369195887962, 1.6580709771917805, -0.8360168037209729, 0.654037569016086], [-0.28839265744941556, -0.5892518068696793, 1.987899607571554, -0.5828213605298332, -0.527433782722626], [-0.6017095614288472, -0.3129037182774457, 1.9879259785587235, -0.5854432961397814, -0.4878694027126492], [-0.7534588692712004, -0.5100966379302021, 1.9342181260048767, -0.6379566769028485, -0.03270594190062577], [-0.599440461594419, -0.4669111078405509, 1.9458027681914078, -0.0863139893679039, -0.793137209388534]]
totts	7.9082062116205725
withinss	[0.16288692628934032, 0.007221923580535859, 0.02448035741804815, 0.0, 0.0693085069291598, 0.0, 0.02970705378554511, 0.18274394466014648, 0.0]
tot.withinss	0.47634871266277573
betweenss	7.431857498957797
size	[5, 2, 5, 1, 3, 1, 4, 8, 1]
=====クラスタ数10個のとき＝＝＝＝＝
cluster	[4, 9, 8, 3, 1, 8, 2, 9, 1, 5, 8, 5, 5, 5, 5, 8, 7, 8, 7, 7, 10, 1, 1, 8, 1, 2, 6, 3, 7, 3]
centers	[[-0.7632486046030006, -0.5199312582131204, 1.905324082542006, -0.7083679477724778, 0.08622372804659281], [-0.69878497322422, -0.6551544094518515, 1.8489280566343647, -0.7599200547889441, 0.2649313808306508], [-0.8141548228980975, -0.6619369195887962, 1.6580709771917805, -0.8360168037209729, 0.654037569016086], [-0.28839265744941556, -0.5892518068696793, 1.987899607571554, -0.5828213605298332, -0.527433782722626], [-0.6124554928785516, -0.2893416841512043, 1.9828412649276075, -0.43978489667280457, -0.641259191225047], [-0.8712621546166673, -0.7445901437682181, 1.817803675680413, -0.5262317250675579, 0.3242803477720301], [-0.7289766792900079, -0.480517387222942, 1.95089337896438, -0.648710463330959, -0.09268884912047126], [-0.5916083394209669, -0.3595237370138517, 1.9911706263558477, -0.5478151158733281, -0.49222343404770125], [-0.5574585388685953, -0.455106700213059, 1.9649184681464393, -0.2021304389402157, -0.7502227901245695], [-0.8783358843154199, -0.6277901659230344, 1.9214615947929856, -0.37520749047054813, -0.04012805408398379]]
totts	7.9082062116205725
withinss	[0.03821757040156445, 0.032540352285651976, 0.0693085069291598, 0.0, 0.02448035741804815, 0.0, 0.009178310217394278, 0.08157889070280944, 0.03504466646452598, 0.0]
tot.withinss	0.2903486544191541
betweenss	7.617857557201418
size	[5, 2, 3, 1, 5, 1, 4, 6, 2, 1]
=====クラスタ数11個のとき＝＝＝＝＝
cluster	[8, 10, 1, 3, 11, 9, 4, 7, 4, 9, 1, 2, 2, 2, 2, 6, 11, 9, 11, 11, 5, 4, 4, 6, 4, 4, 5, 3, 11, 3]
centers	[[-0.571405895405206, -0.4527637744866637, 1.9976599219500968, -0.4725587553404216, -0.5009314967178055], [-0.6188883583425672, -0.29341332345848414, 1.982030024004044, -0.4175550335062114, -0.6521733086967814], [-0.8141548228980975, -0.6619369195887962, 1.6580709771917805, -0.8360168037209729, 0.654037569016086], [-0.745075373876416, -0.5788903009251436, 1.883971393644904, -0.718034483256512, 0.15802876441316757], [-0.8747990194660435, -0.6861901548456262, 1.8696326352366994, -0.450719607769053, 0.14207614684402314], [-0.6316681662104875, -0.31988872501032517, 1.9861991875457927, -0.6081075223277523, -0.4265347739972277], [-0.5154766161427716, -0.443302292585567, 1.9840341681014708, -0.3179468885125275, -0.7073083708606048], [-0.28839265744941556, -0.5892518068696793, 1.987899607571554, -0.5828213605298332, -0.527433782722626], [-0.5767419814389675, -0.2949641833370726, 1.98846392258839, -0.5514208297475993, -0.5653369280647503], [-0.599440461594419, -0.4669111078405509, 1.9458027681914078, -0.0863139893679039, -0.793137209388534], [-0.7318534886729955, -0.4717385706620423, 1.944844335993371, -0.6696629604450082, -0.0715893162133249]]
totts	7.9082062116205725
withinss	[0.007221923580535859, 0.011042299554947201, 0.0693085069291598, 0.11912331082796516, 0.09001951972505089, 0.0039052933190332146, 0.0, 0.0, 0.008115816735966726, 0.0, 0.02930095016769586]
tot.withinss	0.3380376208403547
betweenss	7.570168590780217
size	[2, 4, 3, 6, 2, 2, 1, 1, 3, 1, 5]
=====クラスタ数12個のとき＝＝＝＝＝
cluster	[6, 4, 8, 2, 5, 10, 1, 4, 11, 12, 8, 12, 12, 12, 12, 10, 9, 10, 9, 9, 7, 11, 11, 10, 11, 11, 3, 2, 5, 2]
centers	[[-0.6042223840832892, -0.7390585564692755, 1.8560492251044893, -0.7625083255798818, 0.24974004102795722], [-0.8141548228980975, -0.6619369195887962, 1.6580709771917805, -0.8360168037209729, 0.654037569016086], [-0.8712621546166673, -0.7445901437682181, 1.817803675680413, -0.5262317250675579, 0.3242803477720301], [-0.5574585388685953, -0.455106700213059, 1.9649184681464393, -0.2021304389402157, -0.7502227901245695], [-0.7400102285828991, -0.4413205001723118, 1.931304134774553, -0.7242500860704371, -0.02572331994890506], [-0.28839265744941556, -0.5892518068696793, 1.987899607571554, -0.5828213605298332, -0.527433782722626], [-0.8783358843154199, -0.6277901659230344, 1.9214615947929856, -0.37520749047054813, -0.04012805408398379], [-0.571405895405206, -0.4527637744866637, 1.9976599219500968, -0.4725587553404216, -0.5009314967178055], [-0.7264156620663931, -0.49201728432186265, 1.953871136805916, -0.6332715433613889, -0.10216664705627147], [-0.6017095614288472, -0.3129037182774457, 1.9879259785587235, -0.5854432961397814, -0.4878694027126492], [-0.7732459718350413, -0.5468566498163172, 1.889555827352987, -0.709139714791838, 0.1396865090902096], [-0.6124554928785516, -0.2893416841512043, 1.9828412649276075, -0.43978489667280457, -0.641259191225047]]
totts	7.9082062116205725
withinss	[0.0, 0.0693085069291598, 0.0, 0.03504466646452598, 0.004971080721663512, 0.0, 0.0, 0.007221923580535859, 0.003467961563711564, 0.02970705378554511, 0.05112895496032819, 0.02448035741804815]
tot.withinss	0.22533050542351815
betweenss	7.682875706197055
size	[1, 3, 1, 2, 2, 1, 1, 2, 3, 4, 5, 5]
=====クラスタ数13個のとき＝＝＝＝＝
cluster	[6, 4, 3, 1, 7, 3, 12, 4, 13, 8, 3, 8, 8, 8, 8, 3, 10, 3, 10, 10, 11, 13, 13, 3, 9, 2, 5, 1, 7, 1]
centers	[[-0.8141548228980975, -0.6619369195887962, 1.6580709771917805, -0.8360168037209729, 0.654037569016086], [-0.7933475623651507, -0.5712502624344276, 1.84180688816424, -0.7573317839980064, 0.2801227206333445], [-0.5916083394209669, -0.3595237370138517, 1.9911706263558477, -0.5478151158733281, -0.49222343404770125], [-0.5574585388685953, -0.455106700213059, 1.9649184681464393, -0.2021304389402157, -0.7502227901245695], [-0.8712621546166673, -0.7445901437682181, 1.817803675680413, -0.5262317250675579, 0.3242803477720301], [-0.28839265744941556, -0.5892518068696793, 1.987899607571554, -0.5828213605298332, -0.527433782722626], [-0.7400102285828991, -0.4413205001723118, 1.931304134774553, -0.7242500860704371, -0.02572331994890506], [-0.6124554928785516, -0.2893416841512043, 1.9828412649276075, -0.43978489667280457, -0.641259191225047], [-0.7772866895555501, -0.5003948867488589, 1.883859079933908, -0.7573902725874047, 0.15121276895790564], [-0.7264156620663931, -0.49201728432186265, 1.953871136805916, -0.6332715433613889, -0.10216664705627147], [-0.8783358843154199, -0.6277901659230344, 1.9214615947929856, -0.37520749047054813, -0.04012805408398379], [-0.6042223840832892, -0.7390585564692755, 1.8560492251044893, -0.7625083255798818, 0.24974004102795722], [-0.765198535751502, -0.5542126999660998, 1.9073710562222626, -0.6769921724579264, 0.08903235195326596]]
totts	7.9082062116205725
withinss	[0.0693085069291598, 0.0, 0.08157889070280944, 0.03504466646452598, 0.0, 0.0, 0.004971080721663512, 0.02448035741804815, 0.0, 0.003467961563711564, 0.0, 0.0, 0.00902993010594069]
tot.withinss	0.22788139390585913
betweenss	7.680324817714713
size	[3, 1, 6, 2, 1, 1, 2, 5, 1, 3, 1, 1, 3]
=====クラスタ数14個のとき＝＝＝＝＝
cluster	[1, 9, 2, 12, 5, 11, 7, 4, 7, 11, 2, 3, 14, 8, 8, 13, 5, 10, 5, 5, 6, 7, 7, 10, 7, 7, 6, 12, 5, 12]
centers	[[-0.28839265744941556, -0.5892518068696793, 1.987899607571554, -0.5828213605298332, -0.527433782722626], [-0.571405895405206, -0.4527637744866637, 1.9976599219500968, -0.4725587553404216, -0.5009314967178055], [-0.6450112990474405, -0.2387518735299355, 1.977208629292819, -0.44724278105358173, -0.6462026756618613], [-0.5154766161427716, -0.443302292585567, 1.9840341681014708, -0.3179468885125275, -0.7073083708606048], [-0.7318534886729955, -0.4717385706620423, 1.944844335993371, -0.6696629604450082, -0.0715893162133249], [-0.8747990194660435, -0.6861901548456262, 1.8696326352366994, -0.450719607769053, 0.14207614684402314], [-0.745075373876416, -0.5788903009251436, 1.883971393644904, -0.718034483256512, 0.15802876441316757], [-0.6212070766669957, -0.3069093649141289, 1.9814189107929394, -0.38732771791964093, -0.6659747512921739], [-0.599440461594419, -0.4669111078405509, 1.9458027681914078, -0.0863139893679039, -0.793137209388534], [-0.6146975100767478, -0.31249137221157053, 1.9888635823955467, -0.5730358438604115, -0.488638856246817], [-0.5600772601527866, -0.29775592949747864, 1.988839248343133, -0.5443920776612494, -0.5866139810316182], [-0.8141548228980975, -0.6619369195887962, 1.6580709771917805, -0.8360168037209729, 0.654037569016086], [-0.6440127362788091, -0.30417539661376974, 1.9823844813793958, -0.6356216908549809, -0.3985746576318362], [-0.5881279809888369, -0.3210826904757432, 1.9880736451374788, -0.448321917131982, -0.6305410565409165]]
totts	7.9082062116205725
withinss	[0.0, 0.007221923580535859, 0.0, 0.0, 0.02930095016769586, 0.09001951972505089, 0.11912331082796516, 0.0006847583029266448, 0.0, 0.0035595076730345404, 0.00338923279333468, 0.0693085069291598, 0.0, 0.0]
tot.withinss	0.32260770999970345
betweenss	7.585598501620869
size	[1, 2, 1, 1, 5, 2, 6, 2, 1, 2, 2, 3, 1, 1]
=====クラスタ数15個のとき＝＝＝＝＝
cluster	[5, 6, 3, 15, 2, 14, 11, 9, 12, 14, 3, 10, 1, 1, 1, 13, 2, 14, 2, 2, 7, 12, 12, 13, 12, 12, 4, 8, 2, 15]
centers	[[-0.6101807114409428, -0.31163380676800034, 1.9836371555744525, -0.407659117657088, -0.6541635197084216], [-0.7318534886729955, -0.4717385706620423, 1.944844335993371, -0.6696629604450082, -0.0715893162133249], [-0.571405895405206, -0.4527637744866637, 1.9976599219500968, -0.4725587553404216, -0.5009314967178055], [-0.8712621546166673, -0.7445901437682181, 1.817803675680413, -0.5262317250675579, 0.3242803477720301], [-0.28839265744941556, -0.5892518068696793, 1.987899607571554, -0.5828213605298332, -0.527433782722626], [-0.599440461594419, -0.4669111078405509, 1.9458027681914078, -0.0863139893679039, -0.793137209388534], [-0.8783358843154199, -0.6277901659230344, 1.9214615947929856, -0.37520749047054813, -0.04012805408398379], [-0.8408177503739697, -0.6862322276554802, 1.5544610191712849, -0.8519734066526236, 0.8245623655107882], [-0.5154766161427716, -0.443302292585567, 1.9840341681014708, -0.3179468885125275, -0.7073083708606048], [-0.6450112990474405, -0.2387518735299355, 1.977208629292819, -0.44724278105358173, -0.6462026756618613], [-0.6042223840832892, -0.7390585564692755, 1.8560492251044893, -0.7625083255798818, 0.24974004102795722], [-0.7732459718350413, -0.5468566498163172, 1.889555827352987, -0.709139714791838, 0.1396865090902096], [-0.6316681662104875, -0.31988872501032517, 1.9861991875457927, -0.6081075223277523, -0.4265347739972277], [-0.5767419814389675, -0.2949641833370726, 1.98846392258839, -0.5514208297475993, -0.5653369280647503], [-0.8008233591601615, -0.649789265555454, 1.7098759562020285, -0.8280385022551477, 0.568775170768735]]
totts	7.9082062116205725
withinss	[0.004894914488817791, 0.02930095016769586, 0.007221923580535859, 0.0, 0.0, 0.0, 0.0, 0.0, 0.0, 0.0, 0.0, 0.05112895496032819, 0.0039052933190332146, 0.008115816735966726, 0.007254232189171497]
tot.withinss	0.11182208544154913
betweenss	7.796384126179023
size	[3, 5, 2, 1, 1, 1, 1, 1, 1, 1, 1, 5, 2, 3, 2]
=====クラスタ数16個のとき＝＝＝＝＝
cluster	[15, 5, 6, 10, 4, 16, 11, 7, 8, 16, 6, 9, 9, 9, 9, 14, 12, 2, 12, 12, 13, 8, 8, 3, 8, 8, 1, 10, 4, 10]
centers	[[-0.8712621546166673, -0.7445901437682181, 1.817803675680413, -0.5262317250675579, 0.3242803477720301], [-0.6100714240113294, -0.28938069101626046, 1.9877132710789038, -0.5654783339202991, -0.5227828221310148], [-0.619323596142166, -0.33560205340688054, 1.9900138937121898, -0.5805933538005239, -0.45449489036261925], [-0.7400102285828991, -0.4413205001723118, 1.931304134774553, -0.7242500860704371, -0.02572331994890506], [-0.599440461594419, -0.4669111078405509, 1.9458027681914078, -0.0863139893679039, -0.793137209388534], [-0.571405895405206, -0.4527637744866637, 1.9976599219500968, -0.4725587553404216, -0.5009314967178055], [-0.5154766161427716, -0.443302292585567, 1.9840341681014708, -0.3179468885125275, -0.7073083708606048], [-0.7732459718350413, -0.5468566498163172, 1.889555827352987, -0.709139714791838, 0.1396865090902096], [-0.6188883583425672, -0.29341332345848414, 1.982030024004044, -0.4175550335062114, -0.6521733086967814], [-0.8141548228980975, -0.6619369195887962, 1.6580709771917805, -0.8360168037209729, 0.654037569016086], [-0.6042223840832892, -0.7390585564692755, 1.8560492251044893, -0.7625083255798818, 0.24974004102795722], [-0.7264156620663931, -0.49201728432186265, 1.953871136805916, -0.6332715433613889, -0.10216664705627147], [-0.8783358843154199, -0.6277901659230344, 1.9214615947929856, -0.37520749047054813, -0.04012805408398379], [-0.6440127362788091, -0.30417539661376974, 1.9823844813793958, -0.6356216908549809, -0.3985746576318362], [-0.28839265744941556, -0.5892518068696793, 1.987899607571554, -0.5828213605298332, -0.527433782722626], [-0.5600772601527866, -0.29775592949747864, 1.988839248343133, -0.5443920776612494, -0.5866139810316182]]
totts	7.9082062116205725
withinss	[0.0, 0.0, 0.0, 0.004971080721663512, 0.0, 0.007221923580535859, 0.0, 0.05112895496032819, 0.011042299554947201, 0.0693085069291598, 0.0, 0.003467961563711564, 0.0, 0.0, 0.0, 0.00338923279333468]
tot.withinss	0.1505299601036808
betweenss	7.757676251516892
size	[1, 1, 1, 2, 1, 2, 1, 5, 4, 3, 1, 3, 1, 1, 1, 2]
=====クラスタ数17個のとき＝＝＝＝＝
cluster	[10, 3, 15, 12, 5, 13, 14, 8, 16, 13, 15, 6, 17, 17, 17, 7, 9, 11, 9, 9, 4, 16, 16, 11, 16, 2, 1, 12, 5, 12]
centers	[[-0.8712621546166673, -0.7445901437682181, 1.817803675680413, -0.5262317250675579, 0.3242803477720301], [-0.7933475623651507, -0.5712502624344276, 1.84180688816424, -0.7573317839980064, 0.2801227206333445], [-0.599440461594419, -0.4669111078405509, 1.9458027681914078, -0.0863139893679039, -0.793137209388534], [-0.8783358843154199, -0.6277901659230344, 1.9214615947929856, -0.37520749047054813, -0.04012805408398379], [-0.7400102285828991, -0.4413205001723118, 1.931304134774553, -0.7242500860704371, -0.02572331994890506], [-0.6450112990474405, -0.2387518735299355, 1.977208629292819, -0.44724278105358173, -0.6462026756618613], [-0.6440127362788091, -0.30417539661376974, 1.9823844813793958, -0.6356216908549809, -0.3985746576318362], [-0.5154766161427716, -0.443302292585567, 1.9840341681014708, -0.3179468885125275, -0.7073083708606048], [-0.7264156620663931, -0.49201728432186265, 1.953871136805916, -0.6332715433613889, -0.10216664705627147], [-0.28839265744941556, -0.5892518068696793, 1.987899607571554, -0.5828213605298332, -0.527433782722626], [-0.6146975100767478, -0.31249137221157053, 1.9888635823955467, -0.5730358438604115, -0.488638856246817], [-0.8141548228980975, -0.6619369195887962, 1.6580709771917805, -0.8360168037209729, 0.654037569016086], [-0.5600772601527866, -0.29775592949747864, 1.988839248343133, -0.5443920776612494, -0.5866139810316182], [-0.6042223840832892, -0.7390585564692755, 1.8560492251044893, -0.7625083255798818, 0.24974004102795722], [-0.571405895405206, -0.4527637744866637, 1.9976599219500968, -0.4725587553404216, -0.5009314967178055], [-0.768220574202514, -0.5407582466617896, 1.9014930621501738, -0.697091697490296, 0.10457745620442588], [-0.6101807114409428, -0.31163380676800034, 1.9836371555744525, -0.407659117657088, -0.6541635197084216]]
totts	7.9082062116205725
withinss	[0.0, 0.0, 0.0, 0.0, 0.004971080721663512, 0.0, 0.0, 0.0, 0.003467961563711564, 0.0, 0.0035595076730345404, 0.0693085069291598, 0.00338923279333468, 0.0, 0.007221923580535859, 0.019474094311561274, 0.004894914488817791]
tot.withinss	0.11628722206181902
betweenss	7.791918989558753
size	[1, 1, 1, 1, 2, 1, 1, 1, 3, 1, 2, 3, 2, 1, 2, 4, 3]
=====クラスタ数18個のとき＝＝＝＝＝
cluster	[6, 17, 18, 12, 3, 1, 7, 11, 3, 1, 4, 15, 13, 13, 13, 9, 5, 1, 5, 5, 2, 3, 3, 9, 3, 8, 10, 14, 5, 16]
centers	[[-0.5767419814389675, -0.2949641833370726, 1.98846392258839, -0.5514208297475993, -0.5653369280647503], [-0.8783358843154199, -0.6277901659230344, 1.9214615947929856, -0.37520749047054813, -0.04012805408398379], [-0.7632486046030006, -0.5199312582131204, 1.905324082542006, -0.7083679477724778, 0.08622372804659281], [-0.6006293760854289, -0.4024448276179343, 1.996022189601818, -0.4863477751443189, -0.5066002107541359], [-0.7289766792900079, -0.480517387222942, 1.95089337896438, -0.648710463330959, -0.09268884912047126], [-0.28839265744941556, -0.5892518068696793, 1.987899607571554, -0.5828213605298332, -0.527433782722626], [-0.6042223840832892, -0.7390585564692755, 1.8560492251044893, -0.7625083255798818, 0.24974004102795722], [-0.7933475623651507, -0.5712502624344276, 1.84180688816424, -0.7573317839980064, 0.2801227206333445], [-0.6316681662104875, -0.31988872501032517, 1.9861991875457927, -0.6081075223277523, -0.4265347739972277], [-0.8712621546166673, -0.7445901437682181, 1.817803675680413, -0.5262317250675579, 0.3242803477720301], [-0.5154766161427716, -0.443302292585567, 1.9840341681014708, -0.3179468885125275, -0.7073083708606048], [-0.8200370957797252, -0.6301272140691586, 1.7328498386901863, -0.807583988782311, 0.5248984599410087], [-0.6101807114409428, -0.31163380676800034, 1.9836371555744525, -0.407659117657088, -0.6541635197084216], [-0.8408177503739697, -0.6862322276554802, 1.5544610191712849, -0.8519734066526236, 0.8245623655107882], [-0.6450112990474405, -0.2387518735299355, 1.977208629292819, -0.44724278105358173, -0.6462026756618613], [-0.7816096225405978, -0.6694513170417495, 1.6869020737138707, -0.8484930157279844, 0.6126518815964612], [-0.599440461594419, -0.4669111078405509, 1.9458027681914078, -0.0863139893679039, -0.793137209388534], [-0.5421824147249832, -0.5030827213553931, 1.9992976542983756, -0.4587697355365243, -0.49526278268147506]]
totts	7.9082062116205725
withinss	[0.008115816735966726, 0.0, 0.03821757040156445, 0.0, 0.009178310217394278, 0.0, 0.0, 0.0, 0.0039052933190332146, 0.0, 0.0, 0.0, 0.004894914488817791, 0.0, 0.0, 0.0, 0.0, 0.0]
tot.withinss	0.06431190516277646
betweenss	7.843894306457796
size	[3, 1, 5, 1, 4, 1, 1, 1, 2, 1, 1, 1, 3, 1, 1, 1, 1, 1]
=====クラスタ数19個のとき＝＝＝＝＝
cluster	[1, 18, 10, 7, 13, 11, 17, 9, 8, 11, 10, 2, 2, 2, 2, 3, 5, 12, 5, 5, 19, 15, 8, 14, 4, 16, 6, 7, 13, 7]
centers	[[-0.28839265744941556, -0.5892518068696793, 1.987899607571554, -0.5828213605298332, -0.527433782722626], [-0.6188883583425672, -0.29341332345848414, 1.982030024004044, -0.4175550335062114, -0.6521733086967814], [-0.6440127362788091, -0.30417539661376974, 1.9823844813793958, -0.6356216908549809, -0.3985746576318362], [-0.7772866895555501, -0.5003948867488589, 1.883859079933908, -0.7573902725874047, 0.15121276895790564], [-0.7264156620663931, -0.49201728432186265, 1.953871136805916, -0.6332715433613889, -0.10216664705627147], [-0.8712621546166673, -0.7445901437682181, 1.817803675680413, -0.5262317250675579, 0.3242803477720301], [-0.8141548228980975, -0.6619369195887962, 1.6580709771917805, -0.8360168037209729, 0.654037569016086], [-0.7450338132446026, -0.5471450421041855, 1.914030866639587, -0.6900655612636, 0.06821354997280107], [-0.5154766161427716, -0.443302292585567, 1.9840341681014708, -0.3179468885125275, -0.7073083708606048], [-0.571405895405206, -0.4527637744866637, 1.9976599219500968, -0.4725587553404216, -0.5009314967178055], [-0.5600772601527866, -0.29775592949747864, 1.988839248343133, -0.5443920776612494, -0.5866139810316182], [-0.6100714240113294, -0.28938069101626046, 1.9877132710789038, -0.5654783339202991, -0.5227828221310148], [-0.7400102285828991, -0.4413205001723118, 1.931304134774553, -0.7242500860704371, -0.02572331994890506], [-0.619323596142166, -0.33560205340688054, 1.9900138937121898, -0.5805933538005239, -0.45449489036261925], [-0.8055279807653007, -0.5683480156899287, 1.894051435387614, -0.6508453948465798, 0.13066995591419572], [-0.7933475623651507, -0.5712502624344276, 1.84180688816424, -0.7573317839980064, 0.2801227206333445], [-0.6042223840832892, -0.7390585564692755, 1.8560492251044893, -0.7625083255798818, 0.24974004102795722], [-0.599440461594419, -0.4669111078405509, 1.9458027681914078, -0.0863139893679039, -0.793137209388534], [-0.8783358843154199, -0.6277901659230344, 1.9214615947929856, -0.37520749047054813, -0.04012805408398379]]
totts	7.9082062116205725
withinss	[0.0, 0.011042299554947201, 0.0, 0.0, 0.003467961563711564, 0.0, 0.0693085069291598, 0.002398388663975782, 0.0, 0.007221923580535859, 0.00338923279333468, 0.0, 0.004971080721663512, 0.0, 0.0, 0.0, 0.0, 0.0, 0.0]
tot.withinss	0.1017993938073284
betweenss	7.806406817813244
size	[1, 4, 1, 1, 3, 1, 3, 2, 1, 2, 2, 1, 2, 1, 1, 1, 1, 1, 1]
=====クラスタ数20個のとき＝＝＝＝＝
cluster	[12, 2, 15, 5, 17, 16, 11, 8, 9, 16, 19, 1, 1, 1, 1, 3, 20, 16, 10, 18, 6, 9, 9, 3, 4, 13, 14, 5, 7, 5]
centers	[[-0.6188883583425672, -0.29341332345848414, 1.982030024004044, -0.4175550335062114, -0.6521733086967814], [-0.599440461594419, -0.4669111078405509, 1.9458027681914078, -0.0863139893679039, -0.793137209388534], [-0.6316681662104875, -0.31988872501032517, 1.9861991875457927, -0.6081075223277523, -0.4265347739972277], [-0.7772866895555501, -0.5003948867488589, 1.883859079933908, -0.7573902725874047, 0.15121276895790564], [-0.8141548228980975, -0.6619369195887962, 1.6580709771917805, -0.8360168037209729, 0.654037569016086], [-0.8783358843154199, -0.6277901659230344, 1.9214615947929856, -0.37520749047054813, -0.04012805408398379], [-0.736659730960852, -0.4460176959261802, 1.9419601054397722, -0.6950272232396694, -0.06425545531307066], [-0.5154766161427716, -0.443302292585567, 1.9840341681014708, -0.3179468885125275, -0.7073083708606048], [-0.765198535751502, -0.5542126999660998, 1.9073710562222626, -0.6769921724579264, 0.08903235195326596], [-0.7248528867799111, -0.5019009974270057, 1.947113167015374, -0.6534161056952592, -0.06694317711319799], [-0.6042223840832892, -0.7390585564692755, 1.8560492251044893, -0.7625083255798818, 0.24974004102795722], [-0.28839265744941556, -0.5892518068696793, 1.987899607571554, -0.5828213605298332, -0.527433782722626], [-0.7933475623651507, -0.5712502624344276, 1.84180688816424, -0.7573317839980064, 0.2801227206333445], [-0.8712621546166673, -0.7445901437682181, 1.817803675680413, -0.5262317250675579, 0.3242803477720301], [-0.5421824147249832, -0.5030827213553931, 1.9992976542983756, -0.4587697355365243, -0.49526278268147506], [-0.5767419814389675, -0.2949641833370726, 1.98846392258839, -0.5514208297475993, -0.5653369280647503], [-0.7433607262049463, -0.4366233044184434, 1.9206481641093338, -0.7534729489012046, 0.012808815415260535], [-0.7295693682580469, -0.49780282987577296, 1.95456447369051, -0.6235906519892292, -0.10360162356746092], [-0.6006293760854289, -0.4024448276179343, 1.996022189601818, -0.4863477751443189, -0.5066002107541359], [-0.7248247311612213, -0.4763480256628093, 1.9599357697118642, -0.6228078723996782, -0.13595514048815552]]
totts	7.9082062116205725
withinss	[0.011042299554947201, 0.0, 0.0039052933190332146, 0.0, 0.0693085069291598, 0.0, 0.0, 0.0, 0.00902993010594069, 0.0, 0.0, 0.0, 0.0, 0.0, 0.0, 0.008115816735966726, 0.0, 0.0, 0.0, 0.0]
tot.withinss	0.10140184664504763
betweenss	7.806804364975525
size	[4, 1, 2, 1, 3, 1, 1, 1, 3, 1, 1, 1, 1, 1, 1, 3, 1, 1, 1, 1]
=====クラスタ数21個のとき＝＝＝＝＝
cluster	[19, 2, 12, 11, 3, 10, 21, 20, 16, 10, 12, 18, 17, 17, 17, 6, 1, 9, 13, 1, 14, 16, 16, 7, 16, 5, 15, 4, 13, 8]
centers	[[-0.7271970497096341, -0.48707542776929114, 1.957250121701187, -0.6231992621944538, -0.11977838202780822], [-0.599440461594419, -0.4669111078405509, 1.9458027681914078, -0.0863139893679039, -0.793137209388534], [-0.7433607262049463, -0.4366233044184434, 1.9206481641093338, -0.7534729489012046, 0.012808815415260535], [-0.8408177503739697, -0.6862322276554802, 1.5544610191712849, -0.8519734066526236, 0.8245623655107882], [-0.7933475623651507, -0.5712502624344276, 1.84180688816424, -0.7573317839980064, 0.2801227206333445], [-0.6440127362788091, -0.30417539661376974, 1.9823844813793958, -0.6356216908549809, -0.3985746576318362], [-0.619323596142166, -0.33560205340688054, 1.9900138937121898, -0.5805933538005239, -0.45449489036261925], [-0.7816096225405978, -0.6694513170417495, 1.6869020737138707, -0.8484930157279844, 0.6126518815964612], [-0.6100714240113294, -0.28938069101626046, 1.9877132710789038, -0.5654783339202991, -0.5227828221310148], [-0.5600772601527866, -0.29775592949747864, 1.988839248343133, -0.5443920776612494, -0.5866139810316182], [-0.8200370957797252, -0.6301272140691586, 1.7328498386901863, -0.807583988782311, 0.5248984599410087], [-0.571405895405206, -0.4527637744866637, 1.9976599219500968, -0.4725587553404216, -0.5009314967178055], [-0.7307563088703816, -0.4739593466765929, 1.9445366362275731, -0.6742216644674643, -0.06559931621313432], [-0.8783358843154199, -0.6277901659230344, 1.9214615947929856, -0.37520749047054813, -0.04012805408398379], [-0.8712621546166673, -0.7445901437682181, 1.817803675680413, -0.5262317250675579, 0.3242803477720301], [-0.768220574202514, -0.5407582466617896, 1.9014930621501738, -0.697091697490296, 0.10457745620442588], [-0.6101807114409428, -0.31163380676800034, 1.9836371555744525, -0.407659117657088, -0.6541635197084216], [-0.6450112990474405, -0.2387518735299355, 1.977208629292819, -0.44724278105358173, -0.6462026756618613], [-0.28839265744941556, -0.5892518068696793, 1.987899607571554, -0.5828213605298332, -0.527433782722626], [-0.5154766161427716, -0.443302292585567, 1.9840341681014708, -0.3179468885125275, -0.7073083708606048], [-0.6042223840832892, -0.7390585564692755, 1.8560492251044893, -0.7625083255798818, 0.24974004102795722]]
totts	7.9082062116205725
withinss	[0.0007795169134848412, 0.0, 0.0, 0.0, 0.0, 0.0, 0.0, 0.0, 0.0, 0.00338923279333468, 0.0, 0.007221923580535859, 0.0025138039757583628, 0.0, 0.0, 0.019474094311561274, 0.004894914488817791, 0.0, 0.0, 0.0, 0.0]
tot.withinss	0.03827348606349281
betweenss	7.86993272555708
size	[2, 1, 1, 1, 1, 1, 1, 1, 1, 2, 1, 2, 2, 1, 1, 4, 3, 1, 1, 1, 1]
=====クラスタ数22個のとき＝＝＝＝＝
cluster	[18, 5, 8, 20, 21, 3, 2, 17, 6, 3, 15, 10, 16, 13, 13, 22, 9, 1, 9, 9, 14, 6, 6, 1, 12, 11, 4, 19, 21, 7]
centers	[[-0.6146975100767478, -0.31249137221157053, 1.9888635823955467, -0.5730358438604115, -0.488638856246817], [-0.6042223840832892, -0.7390585564692755, 1.8560492251044893, -0.7625083255798818, 0.24974004102795722], [-0.5600772601527866, -0.29775592949747864, 1.988839248343133, -0.5443920776612494, -0.5866139810316182], [-0.8712621546166673, -0.7445901437682181, 1.817803675680413, -0.5262317250675579, 0.3242803477720301], [-0.599440461594419, -0.4669111078405509, 1.9458027681914078, -0.0863139893679039, -0.793137209388534], [-0.765198535751502, -0.5542126999660998, 1.9073710562222626, -0.6769921724579264, 0.08903235195326596], [-0.7816096225405978, -0.6694513170417495, 1.6869020737138707, -0.8484930157279844, 0.6126518815964612], [-0.5421824147249832, -0.5030827213553931, 1.9992976542983756, -0.4587697355365243, -0.49526278268147506], [-0.7264156620663931, -0.49201728432186265, 1.953871136805916, -0.6332715433613889, -0.10216664705627147], [-0.6450112990474405, -0.2387518735299355, 1.977208629292819, -0.44724278105358173, -0.6462026756618613], [-0.7933475623651507, -0.5712502624344276, 1.84180688816424, -0.7573317839980064, 0.2801227206333445], [-0.7772866895555501, -0.5003948867488589, 1.883859079933908, -0.7573902725874047, 0.15121276895790564], [-0.6212070766669957, -0.3069093649141289, 1.9814189107929394, -0.38732771791964093, -0.6659747512921739], [-0.8783358843154199, -0.6277901659230344, 1.9214615947929856, -0.37520749047054813, -0.04012805408398379], [-0.6006293760854289, -0.4024448276179343, 1.996022189601818, -0.4863477751443189, -0.5066002107541359], [-0.5881279809888369, -0.3210826904757432, 1.9880736451374788, -0.448321917131982, -0.6305410565409165], [-0.5154766161427716, -0.443302292585567, 1.9840341681014708, -0.3179468885125275, -0.7073083708606048], [-0.28839265744941556, -0.5892518068696793, 1.987899607571554, -0.5828213605298332, -0.527433782722626], [-0.8408177503739697, -0.6862322276554802, 1.5544610191712849, -0.8519734066526236, 0.8245623655107882], [-0.8200370957797252, -0.6301272140691586, 1.7328498386901863, -0.807583988782311, 0.5248984599410087], [-0.7400102285828991, -0.4413205001723118, 1.931304134774553, -0.7242500860704371, -0.02572331994890506], [-0.6440127362788091, -0.30417539661376974, 1.9823844813793958, -0.6356216908549809, -0.3985746576318362]]
totts	7.9082062116205725
withinss	[0.0035595076730345404, 0.0, 0.00338923279333468, 0.0, 0.0, 0.00902993010594069, 0.0, 0.0, 0.003467961563711564, 0.0, 0.0, 0.0, 0.0006847583029266448, 0.0, 0.0, 0.0, 0.0, 0.0, 0.0, 0.0, 0.004971080721663512, 0.0]
tot.withinss	0.025102471160611633
betweenss	7.883103740459961
size	[2, 1, 2, 1, 1, 3, 1, 1, 3, 1, 1, 1, 2, 1, 1, 1, 1, 1, 1, 1, 2, 1]
=====クラスタ数23個のとき＝＝＝＝＝
cluster	[3, 5, 7, 11, 9, 22, 21, 14, 23, 22, 7, 17, 6, 6, 6, 18, 1, 10, 13, 1, 20, 12, 23, 10, 16, 15, 19, 8, 4, 2]
centers	[[-0.7271970497096341, -0.48707542776929114, 1.957250121701187, -0.6231992621944538, -0.11977838202780822], [-0.7816096225405978, -0.6694513170417495, 1.6869020737138707, -0.8484930157279844, 0.6126518815964612], [-0.28839265744941556, -0.5892518068696793, 1.987899607571554, -0.5828213605298332, -0.527433782722626], [-0.736659730960852, -0.4460176959261802, 1.9419601054397722, -0.6950272232396694, -0.06425545531307066], [-0.599440461594419, -0.4669111078405509, 1.9458027681914078, -0.0863139893679039, -0.793137209388534], [-0.6101807114409428, -0.31163380676800034, 1.9836371555744525, -0.407659117657088, -0.6541635197084216], [-0.571405895405206, -0.4527637744866637, 1.9976599219500968, -0.4725587553404216, -0.5009314967178055], [-0.8408177503739697, -0.6862322276554802, 1.5544610191712849, -0.8519734066526236, 0.8245623655107882], [-0.7433607262049463, -0.4366233044184434, 1.9206481641093338, -0.7534729489012046, 0.012808815415260535], [-0.6146975100767478, -0.31249137221157053, 1.9888635823955467, -0.5730358438604115, -0.488638856246817], [-0.8200370957797252, -0.6301272140691586, 1.7328498386901863, -0.807583988782311, 0.5248984599410087], [-0.8055279807653007, -0.5683480156899287, 1.894051435387614, -0.6508453948465798, 0.13066995591419572], [-0.7248528867799111, -0.5019009974270057, 1.947113167015374, -0.6534161056952592, -0.06694317711319799], [-0.5154766161427716, -0.443302292585567, 1.9840341681014708, -0.3179468885125275, -0.7073083708606048], [-0.7933475623651507, -0.5712502624344276, 1.84180688816424, -0.7573317839980064, 0.2801227206333445], [-0.7772866895555501, -0.5003948867488589, 1.883859079933908, -0.7573902725874047, 0.15121276895790564], [-0.6450112990474405, -0.2387518735299355, 1.977208629292819, -0.44724278105358173, -0.6462026756618613], [-0.6440127362788091, -0.30417539661376974, 1.9823844813793958, -0.6356216908549809, -0.3985746576318362], [-0.8712621546166673, -0.7445901437682181, 1.817803675680413, -0.5262317250675579, 0.3242803477720301], [-0.8783358843154199, -0.6277901659230344, 1.9214615947929856, -0.37520749047054813, -0.04012805408398379], [-0.6042223840832892, -0.7390585564692755, 1.8560492251044893, -0.7625083255798818, 0.24974004102795722], [-0.5600772601527866, -0.29775592949747864, 1.988839248343133, -0.5443920776612494, -0.5866139810316182], [-0.7450338132446026, -0.5471450421041855, 1.914030866639587, -0.6900655612636, 0.06821354997280107]]
totts	7.9082062116205725
withinss	[0.0007795169134848412, 0.0, 0.0, 0.0, 0.0, 0.004894914488817791, 0.007221923580535859, 0.0, 0.0, 0.0035595076730345404, 0.0, 0.0, 0.0, 0.0, 0.0, 0.0, 0.0, 0.0, 0.0, 0.0, 0.0, 0.00338923279333468, 0.002398388663975782]
tot.withinss	0.022243484113183495
betweenss	7.885962727507389
size	[2, 1, 1, 1, 1, 3, 2, 1, 1, 2, 1, 1, 1, 1, 1, 1, 1, 1, 1, 1, 1, 2, 2]
=====クラスタ数24個のとき＝＝＝＝＝
cluster	[21, 2, 10, 7, 24, 3, 22, 11, 1, 8, 10, 19, 18, 15, 15, 9, 6, 4, 17, 6, 12, 13, 1, 4, 16, 23, 5, 20, 14, 7]
centers	[[-0.7450338132446026, -0.5471450421041855, 1.914030866639587, -0.6900655612636, 0.06821354997280107], [-0.599440461594419, -0.4669111078405509, 1.9458027681914078, -0.0863139893679039, -0.793137209388534], [-0.5334304892830842, -0.3224567320728719, 1.9915922680644045, -0.5600798059833216, -0.5756252407251267], [-0.6146975100767478, -0.31249137221157053, 1.9888635823955467, -0.5730358438604115, -0.488638856246817], [-0.8712621546166673, -0.7445901437682181, 1.817803675680413, -0.5262317250675579, 0.3242803477720301], [-0.7271970497096341, -0.48707542776929114, 1.957250121701187, -0.6231992621944538, -0.11977838202780822], [-0.8008233591601615, -0.649789265555454, 1.7098759562020285, -0.8280385022551477, 0.568775170768735], [-0.5867240310224889, -0.2730551269220854, 1.9860862286218615, -0.5287043493391773, -0.5976027213381099], [-0.6440127362788091, -0.30417539661376974, 1.9823844813793958, -0.6356216908549809, -0.3985746576318362], [-0.571405895405206, -0.4527637744866637, 1.9976599219500968, -0.4725587553404216, -0.5009314967178055], [-0.5154766161427716, -0.443302292585567, 1.9840341681014708, -0.3179468885125275, -0.7073083708606048], [-0.8783358843154199, -0.6277901659230344, 1.9214615947929856, -0.37520749047054813, -0.04012805408398379], [-0.8055279807653007, -0.5683480156899287, 1.894051435387614, -0.6508453948465798, 0.13066995591419572], [-0.736659730960852, -0.4460176959261802, 1.9419601054397722, -0.6950272232396694, -0.06425545531307066], [-0.6212070766669957, -0.3069093649141289, 1.9814189107929394, -0.38732771791964093, -0.6659747512921739], [-0.7772866895555501, -0.5003948867488589, 1.883859079933908, -0.7573902725874047, 0.15121276895790564], [-0.7248528867799111, -0.5019009974270057, 1.947113167015374, -0.6534161056952592, -0.06694317711319799], [-0.5881279809888369, -0.3210826904757432, 1.9880736451374788, -0.448321917131982, -0.6305410565409165], [-0.6450112990474405, -0.2387518735299355, 1.977208629292819, -0.44724278105358173, -0.6462026756618613], [-0.8408177503739697, -0.6862322276554802, 1.5544610191712849, -0.8519734066526236, 0.8245623655107882], [-0.28839265744941556, -0.5892518068696793, 1.987899607571554, -0.5828213605298332, -0.527433782722626], [-0.6042223840832892, -0.7390585564692755, 1.8560492251044893, -0.7625083255798818, 0.24974004102795722], [-0.7933475623651507, -0.5712502624344276, 1.84180688816424, -0.7573317839980064, 0.2801227206333445], [-0.7433607262049463, -0.4366233044184434, 1.9206481641093338, -0.7534729489012046, 0.012808815415260535]]
totts	7.9082062116205725
withinss	[0.002398388663975782, 0.0, 0.0, 0.0035595076730345404, 0.0, 0.0007795169134848412, 0.007254232189171497, 0.0, 0.0, 0.007221923580535859, 0.0, 0.0, 0.0, 0.0, 0.0006847583029266448, 0.0, 0.0, 0.0, 0.0, 0.0, 0.0, 0.0, 0.0, 0.0]
tot.withinss	0.021898327323129164
betweenss	7.886307884297444
size	[2, 1, 1, 2, 1, 2, 2, 1, 1, 2, 1, 1, 1, 1, 2, 1, 1, 1, 1, 1, 1, 1, 1, 1]
=====クラスタ数25個のとき＝＝＝＝＝
cluster	[3, 2, 4, 14, 16, 19, 13, 9, 18, 19, 5, 21, 23, 25, 25, 12, 24, 17, 7, 24, 1, 18, 18, 8, 15, 6, 10, 20, 22, 11]
centers	[[-0.8783358843154199, -0.6277901659230344, 1.9214615947929856, -0.37520749047054813, -0.04012805408398379], [-0.599440461594419, -0.4669111078405509, 1.9458027681914078, -0.0863139893679039, -0.793137209388534], [-0.28839265744941556, -0.5892518068696793, 1.987899607571554, -0.5828213605298332, -0.527433782722626], [-0.5421824147249832, -0.5030827213553931, 1.9992976542983756, -0.4587697355365243, -0.49526278268147506], [-0.6006293760854289, -0.4024448276179343, 1.996022189601818, -0.4863477751443189, -0.5066002107541359], [-0.7933475623651507, -0.5712502624344276, 1.84180688816424, -0.7573317839980064, 0.2801227206333445], [-0.7248528867799111, -0.5019009974270057, 1.947113167015374, -0.6534161056952592, -0.06694317711319799], [-0.619323596142166, -0.33560205340688054, 1.9900138937121898, -0.5805933538005239, -0.45449489036261925], [-0.5154766161427716, -0.443302292585567, 1.9840341681014708, -0.3179468885125275, -0.7073083708606048], [-0.8712621546166673, -0.7445901437682181, 1.817803675680413, -0.5262317250675579, 0.3242803477720301], [-0.7816096225405978, -0.6694513170417495, 1.6869020737138707, -0.8484930157279844, 0.6126518815964612], [-0.6440127362788091, -0.30417539661376974, 1.9823844813793958, -0.6356216908549809, -0.3985746576318362], [-0.6042223840832892, -0.7390585564692755, 1.8560492251044893, -0.7625083255798818, 0.24974004102795722], [-0.8200370957797252, -0.6301272140691586, 1.7328498386901863, -0.807583988782311, 0.5248984599410087], [-0.7772866895555501, -0.5003948867488589, 1.883859079933908, -0.7573902725874047, 0.15121276895790564], [-0.7433607262049463, -0.4366233044184434, 1.9206481641093338, -0.7534729489012046, 0.012808815415260535], [-0.6100714240113294, -0.28938069101626046, 1.9877132710789038, -0.5654783339202991, -0.5227828221310148], [-0.765198535751502, -0.5542126999660998, 1.9073710562222626, -0.6769921724579264, 0.08903235195326596], [-0.5600772601527866, -0.29775592949747864, 1.988839248343133, -0.5443920776612494, -0.5866139810316182], [-0.8408177503739697, -0.6862322276554802, 1.5544610191712849, -0.8519734066526236, 0.8245623655107882], [-0.6450112990474405, -0.2387518735299355, 1.977208629292819, -0.44724278105358173, -0.6462026756618613], [-0.736659730960852, -0.4460176959261802, 1.9419601054397722, -0.6950272232396694, -0.06425545531307066], [-0.5881279809888369, -0.3210826904757432, 1.9880736451374788, -0.448321917131982, -0.6305410565409165], [-0.7271970497096341, -0.48707542776929114, 1.957250121701187, -0.6231992621944538, -0.11977838202780822], [-0.6212070766669957, -0.3069093649141289, 1.9814189107929394, -0.38732771791964093, -0.6659747512921739]]
totts	7.9082062116205725
withinss	[0.0, 0.0, 0.0, 0.0, 0.0, 0.0, 0.0, 0.0, 0.0, 0.0, 0.0, 0.0, 0.0, 0.0, 0.0, 0.0, 0.0, 0.00902993010594069, 0.00338923279333468, 0.0, 0.0, 0.0, 0.0, 0.0007795169134848412, 0.0006847583029266448]
tot.withinss	0.013883438115686856
betweenss	7.894322773504886
size	[1, 1, 1, 1, 1, 1, 1, 1, 1, 1, 1, 1, 1, 1, 1, 1, 1, 3, 2, 1, 1, 1, 1, 2, 2]
=====クラスタ数26個のとき＝＝＝＝＝
cluster	[10, 20, 17, 3, 15, 8, 21, 25, 4, 8, 17, 23, 5, 18, 18, 14, 11, 16, 12, 22, 7, 2, 4, 6, 24, 1, 13, 9, 26, 19]
centers	[[-0.7933475623651507, -0.5712502624344276, 1.84180688816424, -0.7573317839980064, 0.2801227206333445], [-0.8055279807653007, -0.5683480156899287, 1.894051435387614, -0.6508453948465798, 0.13066995591419572], [-0.8200370957797252, -0.6301272140691586, 1.7328498386901863, -0.807583988782311, 0.5248984599410087], [-0.7450338132446026, -0.5471450421041855, 1.914030866639587, -0.6900655612636, 0.06821354997280107], [-0.5881279809888369, -0.3210826904757432, 1.9880736451374788, -0.448321917131982, -0.6305410565409165], [-0.619323596142166, -0.33560205340688054, 1.9900138937121898, -0.5805933538005239, -0.45449489036261925], [-0.8783358843154199, -0.6277901659230344, 1.9214615947929856, -0.37520749047054813, -0.04012805408398379], [-0.5600772601527866, -0.29775592949747864, 1.988839248343133, -0.5443920776612494, -0.5866139810316182], [-0.8408177503739697, -0.6862322276554802, 1.5544610191712849, -0.8519734066526236, 0.8245623655107882], [-0.28839265744941556, -0.5892518068696793, 1.987899607571554, -0.5828213605298332, -0.527433782722626], [-0.7248247311612213, -0.4763480256628093, 1.9599357697118642, -0.6228078723996782, -0.13595514048815552], [-0.7248528867799111, -0.5019009974270057, 1.947113167015374, -0.6534161056952592, -0.06694317711319799], [-0.8712621546166673, -0.7445901437682181, 1.817803675680413, -0.5262317250675579, 0.3242803477720301], [-0.6440127362788091, -0.30417539661376974, 1.9823844813793958, -0.6356216908549809, -0.3985746576318362], [-0.7433607262049463, -0.4366233044184434, 1.9206481641093338, -0.7534729489012046, 0.012808815415260535], [-0.6100714240113294, -0.28938069101626046, 1.9877132710789038, -0.5654783339202991, -0.5227828221310148], [-0.571405895405206, -0.4527637744866637, 1.9976599219500968, -0.4725587553404216, -0.5009314967178055], [-0.6212070766669957, -0.3069093649141289, 1.9814189107929394, -0.38732771791964093, -0.6659747512921739], [-0.7816096225405978, -0.6694513170417495, 1.6869020737138707, -0.8484930157279844, 0.6126518815964612], [-0.599440461594419, -0.4669111078405509, 1.9458027681914078, -0.0863139893679039, -0.793137209388534], [-0.6042223840832892, -0.7390585564692755, 1.8560492251044893, -0.7625083255798818, 0.24974004102795722], [-0.7295693682580469, -0.49780282987577296, 1.95456447369051, -0.6235906519892292, -0.10360162356746092], [-0.6450112990474405, -0.2387518735299355, 1.977208629292819, -0.44724278105358173, -0.6462026756618613], [-0.7772866895555501, -0.5003948867488589, 1.883859079933908, -0.7573902725874047, 0.15121276895790564], [-0.5154766161427716, -0.443302292585567, 1.9840341681014708, -0.3179468885125275, -0.7073083708606048], [-0.736659730960852, -0.4460176959261802, 1.9419601054397722, -0.6950272232396694, -0.06425545531307066]]
totts	7.9082062116205725
withinss	[0.0, 0.0, 0.0, 0.002398388663975782, 0.0, 0.0, 0.0, 0.00338923279333468, 0.0, 0.0, 0.0, 0.0, 0.0, 0.0, 0.0, 0.0, 0.007221923580535859, 0.0006847583029266448, 0.0, 0.0, 0.0, 0.0, 0.0, 0.0, 0.0, 0.0]
tot.withinss	0.013694303340772965
betweenss	7.894511908279799
size	[1, 1, 1, 2, 1, 1, 1, 2, 1, 1, 1, 1, 1, 1, 1, 1, 2, 2, 1, 1, 1, 1, 1, 1, 1, 1]
=====クラスタ数27個のとき＝＝＝＝＝
cluster	[15, 12, 18, 22, 2, 4, 8, 14, 21, 23, 3, 5, 24, 17, 17, 10, 26, 9, 27, 26, 19, 20, 6, 11, 25, 16, 13, 7, 27, 1]
centers	[[-0.7816096225405978, -0.6694513170417495, 1.6869020737138707, -0.8484930157279844, 0.6126518815964612], [-0.7433607262049463, -0.4366233044184434, 1.9206481641093338, -0.7534729489012046, 0.012808815415260535], [-0.6006293760854289, -0.4024448276179343, 1.996022189601818, -0.4863477751443189, -0.5066002107541359], [-0.5334304892830842, -0.3224567320728719, 1.9915922680644045, -0.5600798059833216, -0.5756252407251267], [-0.6450112990474405, -0.2387518735299355, 1.977208629292819, -0.44724278105358173, -0.6462026756618613], [-0.7660601369060227, -0.554988461681198, 1.9128495609711371, -0.6640254882191405, 0.07222452583522444], [-0.8408177503739697, -0.6862322276554802, 1.5544610191712849, -0.8519734066526236, 0.8245623655107882], [-0.6042223840832892, -0.7390585564692755, 1.8560492251044893, -0.7625083255798818, 0.24974004102795722], [-0.6100714240113294, -0.28938069101626046, 1.9877132710789038, -0.5654783339202991, -0.5227828221310148], [-0.6440127362788091, -0.30417539661376974, 1.9823844813793958, -0.6356216908549809, -0.3985746576318362], [-0.619323596142166, -0.33560205340688054, 1.9900138937121898, -0.5805933538005239, -0.45449489036261925], [-0.599440461594419, -0.4669111078405509, 1.9458027681914078, -0.0863139893679039, -0.793137209388534], [-0.8712621546166673, -0.7445901437682181, 1.817803675680413, -0.5262317250675579, 0.3242803477720301], [-0.5154766161427716, -0.443302292585567, 1.9840341681014708, -0.3179468885125275, -0.7073083708606048], [-0.28839265744941556, -0.5892518068696793, 1.987899607571554, -0.5828213605298332, -0.527433782722626], [-0.7933475623651507, -0.5712502624344276, 1.84180688816424, -0.7573317839980064, 0.2801227206333445], [-0.6212070766669957, -0.3069093649141289, 1.9814189107929394, -0.38732771791964093, -0.6659747512921739], [-0.5421824147249832, -0.5030827213553931, 1.9992976542983756, -0.4587697355365243, -0.49526278268147506], [-0.8783358843154199, -0.6277901659230344, 1.9214615947929856, -0.37520749047054813, -0.04012805408398379], [-0.8055279807653007, -0.5683480156899287, 1.894051435387614, -0.6508453948465798, 0.13066995591419572], [-0.7240074895831826, -0.5393016225271728, 1.915212172308037, -0.7161056343080593, 0.06420257411037772], [-0.8200370957797252, -0.6301272140691586, 1.7328498386901863, -0.807583988782311, 0.5248984599410087], [-0.5867240310224889, -0.2730551269220854, 1.9860862286218615, -0.5287043493391773, -0.5976027213381099], [-0.5881279809888369, -0.3210826904757432, 1.9880736451374788, -0.448321917131982, -0.6305410565409165], [-0.7772866895555501, -0.5003948867488589, 1.883859079933908, -0.7573902725874047, 0.15121276895790564], [-0.7271970497096341, -0.48707542776929114, 1.957250121701187, -0.6231992621944538, -0.11977838202780822], [-0.7307563088703816, -0.4739593466765929, 1.9445366362275731, -0.6742216644674643, -0.06559931621313432]]
totts	7.9082062116205725
withinss	[0.0, 0.0, 0.0, 0.0, 0.0, 0.0, 0.0, 0.0, 0.0, 0.0, 0.0, 0.0, 0.0, 0.0, 0.0, 0.0, 0.0006847583029266448, 0.0, 0.0, 0.0, 0.0, 0.0, 0.0, 0.0, 0.0, 0.0007795169134848412, 0.0025138039757583628]
tot.withinss	0.003978079192169848
betweenss	7.904228132428402
size	[1, 1, 1, 1, 1, 1, 1, 1, 1, 1, 1, 1, 1, 1, 1, 1, 2, 1, 1, 1, 1, 1, 1, 1, 1, 2, 2]
=====クラスタ数28個のとき＝＝＝＝＝
cluster	[7, 27, 12, 16, 24, 3, 1, 6, 10, 5, 12, 23, 17, 26, 20, 9, 2, 14, 18, 15, 8, 11, 10, 25, 4, 21, 28, 13, 22, 19]
centers	[[-0.6042223840832892, -0.7390585564692755, 1.8560492251044893, -0.7625083255798818, 0.24974004102795722], [-0.7248247311612213, -0.4763480256628093, 1.9599357697118642, -0.6228078723996782, -0.13595514048815552], [-0.5334304892830842, -0.3224567320728719, 1.9915922680644045, -0.5600798059833216, -0.5756252407251267], [-0.7772866895555501, -0.5003948867488589, 1.883859079933908, -0.7573902725874047, 0.15121276895790564], [-0.5867240310224889, -0.2730551269220854, 1.9860862286218615, -0.5287043493391773, -0.5976027213381099], [-0.5154766161427716, -0.443302292585567, 1.9840341681014708, -0.3179468885125275, -0.7073083708606048], [-0.28839265744941556, -0.5892518068696793, 1.987899607571554, -0.5828213605298332, -0.527433782722626], [-0.8783358843154199, -0.6277901659230344, 1.9214615947929856, -0.37520749047054813, -0.04012805408398379], [-0.6440127362788091, -0.30417539661376974, 1.9823844813793958, -0.6356216908549809, -0.3985746576318362], [-0.7450338132446026, -0.5471450421041855, 1.914030866639587, -0.6900655612636, 0.06821354997280107], [-0.8055279807653007, -0.5683480156899287, 1.894051435387614, -0.6508453948465798, 0.13066995591419572], [-0.571405895405206, -0.4527637744866637, 1.9976599219500968, -0.4725587553404216, -0.5009314967178055], [-0.8408177503739697, -0.6862322276554802, 1.5544610191712849, -0.8519734066526236, 0.8245623655107882], [-0.6100714240113294, -0.28938069101626046, 1.9877132710789038, -0.5654783339202991, -0.5227828221310148], [-0.7295693682580469, -0.49780282987577296, 1.95456447369051, -0.6235906519892292, -0.10360162356746092], [-0.8200370957797252, -0.6301272140691586, 1.7328498386901863, -0.807583988782311, 0.5248984599410087], [-0.5881279809888369, -0.3210826904757432, 1.9880736451374788, -0.448321917131982, -0.6305410565409165], [-0.7248528867799111, -0.5019009974270057, 1.947113167015374, -0.6534161056952592, -0.06694317711319799], [-0.7816096225405978, -0.6694513170417495, 1.6869020737138707, -0.8484930157279844, 0.6126518815964612], [-0.6304722635723021, -0.30784778494741316, 1.9800769527817614, -0.3718801242164751, -0.669876780045571], [-0.7933475623651507, -0.5712502624344276, 1.84180688816424, -0.7573317839980064, 0.2801227206333445], [-0.736659730960852, -0.4460176959261802, 1.9419601054397722, -0.6950272232396694, -0.06425545531307066], [-0.6450112990474405, -0.2387518735299355, 1.977208629292819, -0.44724278105358173, -0.6462026756618613], [-0.7433607262049463, -0.4366233044184434, 1.9206481641093338, -0.7534729489012046, 0.012808815415260535], [-0.619323596142166, -0.33560205340688054, 1.9900138937121898, -0.5805933538005239, -0.45449489036261925], [-0.6119418897616893, -0.30597094488084464, 1.9827608688041174, -0.4027753116228068, -0.6620727225387768], [-0.599440461594419, -0.4669111078405509, 1.9458027681914078, -0.0863139893679039, -0.793137209388534], [-0.8712621546166673, -0.7445901437682181, 1.817803675680413, -0.5262317250675579, 0.3242803477720301]]
totts	7.9082062116205725
withinss	[0.0, 0.0, 0.0, 0.0, 0.0, 0.0, 0.0, 0.0, 0.0, 0.002398388663975782, 0.0, 0.007221923580535859, 0.0, 0.0, 0.0, 0.0, 0.0, 0.0, 0.0, 0.0, 0.0, 0.0, 0.0, 0.0, 0.0, 0.0, 0.0, 0.0]
tot.withinss	0.00962031224451164
betweenss	7.8985858993760605
size	[1, 1, 1, 1, 1, 1, 1, 1, 1, 2, 1, 2, 1, 1, 1, 1, 1, 1, 1, 1, 1, 1, 1, 1, 1, 1, 1, 1]
=====クラスタ数29個のとき＝＝＝＝＝
cluster	[20, 8, 19, 26, 15, 29, 10, 3, 27, 13, 21, 11, 18, 4, 4, 12, 6, 28, 1, 7, 5, 22, 16, 9, 25, 2, 23, 14, 17, 24]
centers	[[-0.7248528867799111, -0.5019009974270057, 1.947113167015374, -0.6534161056952592, -0.06694317711319799], [-0.7933475623651507, -0.5712502624344276, 1.84180688816424, -0.7573317839980064, 0.2801227206333445], [-0.5154766161427716, -0.443302292585567, 1.9840341681014708, -0.3179468885125275, -0.7073083708606048], [-0.6212070766669957, -0.3069093649141289, 1.9814189107929394, -0.38732771791964093, -0.6659747512921739], [-0.8783358843154199, -0.6277901659230344, 1.9214615947929856, -0.37520749047054813, -0.04012805408398379], [-0.7248247311612213, -0.4763480256628093, 1.9599357697118642, -0.6228078723996782, -0.13595514048815552], [-0.7295693682580469, -0.49780282987577296, 1.95456447369051, -0.6235906519892292, -0.10360162356746092], [-0.599440461594419, -0.4669111078405509, 1.9458027681914078, -0.0863139893679039, -0.793137209388534], [-0.619323596142166, -0.33560205340688054, 1.9900138937121898, -0.5805933538005239, -0.45449489036261925], [-0.6042223840832892, -0.7390585564692755, 1.8560492251044893, -0.7625083255798818, 0.24974004102795722], [-0.6450112990474405, -0.2387518735299355, 1.977208629292819, -0.44724278105358173, -0.6462026756618613], [-0.6440127362788091, -0.30417539661376974, 1.9823844813793958, -0.6356216908549809, -0.3985746576318362], [-0.5867240310224889, -0.2730551269220854, 1.9860862286218615, -0.5287043493391773, -0.5976027213381099], [-0.8408177503739697, -0.6862322276554802, 1.5544610191712849, -0.8519734066526236, 0.8245623655107882], [-0.7433607262049463, -0.4366233044184434, 1.9206481641093338, -0.7534729489012046, 0.012808815415260535], [-0.7660601369060227, -0.554988461681198, 1.9128495609711371, -0.6640254882191405, 0.07222452583522444], [-0.736659730960852, -0.4460176959261802, 1.9419601054397722, -0.6950272232396694, -0.06425545531307066], [-0.5881279809888369, -0.3210826904757432, 1.9880736451374788, -0.448321917131982, -0.6305410565409165], [-0.5421824147249832, -0.5030827213553931, 1.9992976542983756, -0.4587697355365243, -0.49526278268147506], [-0.28839265744941556, -0.5892518068696793, 1.987899607571554, -0.5828213605298332, -0.527433782722626], [-0.6006293760854289, -0.4024448276179343, 1.996022189601818, -0.4863477751443189, -0.5066002107541359], [-0.8055279807653007, -0.5683480156899287, 1.894051435387614, -0.6508453948465798, 0.13066995591419572], [-0.8712621546166673, -0.7445901437682181, 1.817803675680413, -0.5262317250675579, 0.3242803477720301], [-0.7816096225405978, -0.6694513170417495, 1.6869020737138707, -0.8484930157279844, 0.6126518815964612], [-0.7772866895555501, -0.5003948867488589, 1.883859079933908, -0.7573902725874047, 0.15121276895790564], [-0.8200370957797252, -0.6301272140691586, 1.7328498386901863, -0.807583988782311, 0.5248984599410087], [-0.7240074895831826, -0.5393016225271728, 1.915212172308037, -0.7161056343080593, 0.06420257411037772], [-0.6100714240113294, -0.28938069101626046, 1.9877132710789038, -0.5654783339202991, -0.5227828221310148], [-0.5334304892830842, -0.3224567320728719, 1.9915922680644045, -0.5600798059833216, -0.5756252407251267]]
totts	7.9082062116205725
withinss	[0.0, 0.0, 0.0, 0.0006847583029266448, 0.0, 0.0, 0.0, 0.0, 0.0, 0.0, 0.0, 0.0, 0.0, 0.0, 0.0, 0.0, 0.0, 0.0, 0.0, 0.0, 0.0, 0.0, 0.0, 0.0, 0.0, 0.0, 0.0, 0.0, 0.0]
tot.withinss	0.0006847583029266448
betweenss	7.907521453317646
size	[1, 1, 1, 2, 1, 1, 1, 1, 1, 1, 1, 1, 1, 1, 1, 1, 1, 1, 1, 1, 1, 1, 1, 1, 1, 1, 1, 1, 1]
##########################クラスタ数2個の時の平均##########################
cl[1] = [-0.5725169454360831, -0.3331454919312919, 1.986715148043547, 1.4830532829084113, 1.7786294234958093]
cl[2] = [-0.770111387140616, -0.5449978547437934, 1.8382777933676044, -0.14235963981745714, 1.9999919050627646]
##########################クラスタ数2個の時の標準偏差##########################
cl[1] = [0.08753378986327719, 0.07266773047829381, 0.016238484109899625, 0.6650222737477409, 0.6378919292586621]
cl[2] = [0.06550408284740553, 0.08525287811635962, 0.10779375152195096, 0.31914868328890056, 6.226235068632298e-06]
##########################異常データ(標準化)##########################
[0.9675313489939612, -0.4150698079878169, 1.9725288032486847, 0.4025924394260558, 1.999999982717943]
[0.608267754286394, -0.5704455022456394, 1.8364331566315384, -0.2989089593955068, 1.9999955577698292]
[0.04273585096687362, -0.3182460080565988, 1.9737771798033048, -0.047395977332622345, 1.999985259771366]
[0.07485803011889057, -0.3302226973037008, 1.9480543151771927, -0.43879950525626366, 1.9999919240971307]
[0.28596890174853534, -0.395029618795184, 1.926236701436247, -0.4618853464016958, 1.9999909134231586]

[-0.7166732802654017, -0.3168389104931779, 1.9741967535656004, -0.051212480395675504, 1.9999877914483215]
[-0.6921319190894386, -0.33800715679175936, 1.9696081177628104, -0.15876706396375911, 1.9999750730327799]
[-0.5479079390248106, -0.28974515966928216, 1.999476118092895, 0.9461977374518233, 1.9983689806293794]
[-0.6515066846824185, -0.4687516378638775, 1.9700634639925882, -0.10321774084081083, 1.9999893635755566]
[-0.7172580601979227, -0.3627646271773935, 1.951015546593883, -0.23197402303787434, 1.9999921574651396]

[-0.7208617133590489, -0.4190043432836097, 1.9517041115472853, -0.2635134662819638, 1.9999887457597612]
[-0.9113681191505935, -0.7150003349425195, 1.6733261363922443, 0.025637045314826967, 1.999998999821178]
[-0.7674273054249363, -0.41679504366974557, 1.9502856056263171, 0.17838560206232426, 1.9999937811628556]
[-0.7701390509374711, -0.4375463797724564, 1.9278313147144686, -0.20385986869055484, 1.9999973420721873]
[-0.8367005670474956, 0.7332148152110924, 1.9960851958872896, -0.33721482662960256, 1.999998403493804]

[-0.8883137296383822, 0.7835471162651494, 1.9865851250425939, -0.27132382073306244, 1.999999318148646]
[-0.7762336524438481, -0.6361078572300242, 1.8161626003714986, -0.39402102911059284, 1.9999984999217957]
[-0.6953812818817673, -0.4828774536954016, 1.947011003888682, -0.35107408259582457, 1.9999925260157203]
[-0.6838553750405536, -0.39426454084299317, 1.9726436422177256, -0.3121944509954558, 1.9999890491961176]
[-0.7445542828030288, -0.5340299896400224, 1.8921747012793735, -0.4363799820502109, 1.999996300049482]

[-0.641786157139049, -0.47958705204088353, 1.9644222065412311, -0.391200099790126, 1.999987589706728]
[-0.7031870161336593, -0.618437968047625, 1.9144797243950573, -0.3383812709873453, 1.9999787886379226]
[-0.6557095778112102, -0.3938389597555386, 1.978907328915655, -0.16369592621839774, 1.9999814807977998]
[-0.6711849956314, -0.32482313941662866, 1.9809269995334553, -0.3791607746245663, 1.9999881987270687]
[-0.7819309402062325, -0.43189647878065274, 1.9181968564619085, -0.25034508739831474, 1.9999859480987952]

[-0.7337882565352997, -0.37598811952612726, 1.9209885610880897, -0.4694496652519854, 1.99999206984657]
[-0.7582090227122862, -0.4084230224582757, 1.9177078247439772, -0.44248545858161603, 1.999992036486028]
[-0.8120330871860727, -0.6364092921621969, 1.6788176268732697, -0.5001350179444659, 1.9999954055976255]
[-0.7907957351849715, -0.4876345364940013, 1.8458882156886762, -0.4818442387650895, 1.9999968098171126]
[-0.8327660546257941, -0.5991124845405426, 1.784268862303605, -0.2995479978295827, 1.9999973963449305]

##########################逸脱度##########################
17.729483987759753
16.899090033280224
7.449614094897965
8.29689648036058
10.929629404564334

2.966462678521076
3.0326742216296263
1.3504262805414056
2.3988854340411834
2.5287406552000964

2.0635490879928695
3.541741660023932
2.107989020828216
1.7545544906087749
15.147095890960825

15.798037265829505
1.713669422705762
1.8131767281156281
2.628195354879384
1.3288243167068319

2.623794059002544
2.6647364492574677
2.843270650596716
3.0614451964756157
1.8363338810635408

2.424344956005489
2.0067825676036053
2.3066067502166674
1.5197027220068744
1.6091231067736005

##############################################################
タイムスロット0 = [17.729483987759753, 26.686460736873805]
タイムスロット1 = [16.899090033280224, 21.058657943997567]
タイムスロット2 = [7.449614094897965, 12.801095693317103]
タイムスロット3 = [8.29689648036058, 13.215276132429231]
タイムスロット4 = [10.929629404564334, 16.27017018021088]
タイムスロット5 = [2.966462678521076, 3.1521241379355938]
タイムスロット6 = [3.0326742216296263, 4.0134252447000955]
タイムスロット7 = [1.3504262805414056, 260.7249024182671]
タイムスロット8 = [3.3403973487609218, 2.3988854340411834]
タイムスロット9 = [3.8085062259365374, 2.5287406552000964]
タイムスロット10 = [3.9918226162244808, 2.0635490879928695]
タイムスロット11 = [20.49338725012207, 3.541741660023932]
タイムスロット12 = [3.909647648104555, 2.107989020828216]
タイムスロット13 = [5.183173935019174, 1.7545544906087749]
タイムスロット14 = [15.24448108328322, 15.147095890960825]
タイムスロット15 = [16.007604980399535, 15.798037265829505]
タイムスロット16 = [11.882680818904095, 1.713669422705762]
タイムスロット17 = [4.463307831222941, 1.8131767281156281]
タイムスロット18 = [3.2379095582758213, 2.628195354879384]
タイムスロット19 = [7.3383533310434315, 1.3288243167068319]
タイムスロット20 = [3.8256319826399543, 2.623794059002544]
タイムスロット21 = [6.7120915877773815, 2.6647364492574677]
タイムスロット22 = [2.843270650596716, 3.271630654790227]
タイムスロット23 = [3.0614451964756157, 3.4068772098151228]
タイムスロット24 = [5.682321282024879, 1.8363338810635408]
タイムスロット25 = [5.372653325626087, 2.424344956005489]
タイムスロット26 = [5.668919299238773, 2.0067825676036053]
タイムスロット27 = [19.835215614345003, 2.3066067502166674]
タイムスロット28 = [9.736486202372133, 1.5197027220068744]
タイムスロット29 = [13.600322313573642, 1.6091231067736005]
