##########################通常データ(標準化)##########################
[1.2422451567304589, -0.3229443005122076, -0.5235596203610945, 1.7320425368052303]
[1.329317852078503, -0.22343170712718313, -0.5605071502892086, 1.7320458043791052]
[0.22839934324319455, -0.4729682216645209, -0.574139045733151, 1.73205078887703]
[1.22011888116084, -0.29896545450236695, -0.5736304586811037, 1.7320503986076194]
[1.197910155132639, -0.3684658012983044, -0.5700303371555726, 1.732049248592003]

[1.652893457971079, 0.047190804569655256, -0.5349221970354432, 1.7320412712931827]
[1.7168065720086285, 0.8711400370968608, -0.4987593531523628, 1.7319568737874937]
[1.1308414460133926, -0.3660655609339244, -0.5707046659567273, 1.7320501706635867]
[1.6871853897366924, 0.16034660508405035, -0.5371518077225524, 1.7320267622877503]
[1.6552215721279, 0.09053724713906869, -0.5532718732968822, 1.7320422085045721]

[1.6435180931568554, 0.013474744202879953, -0.5418045597008693, 1.732045547604606]
[1.696856920766638, 0.528855302507538, -0.5570696458325611, 1.7320465730955972]
[1.6612943749106264, 0.10164758185463381, -0.5195645769465715, 1.7320434054472298]
[1.7030913981196114, 0.8158062797720951, -0.569613181011284, 1.7320406943271043]
[1.7165064445517624, 1.5087506189488498, -0.5533595237359057, 1.7318996799944737]

[0.9233701458825009, -0.44093223540724485, -0.5645647005918508, 1.7320506168248866]
[1.4924179137656566, -0.2606797693411234, -0.5676885269767605, 1.7320487614779247]
[1.6671790489838478, 0.22629737500589694, -0.5695084110215314, 1.7320426046519413]
[1.6989737830637963, 0.6829493804825478, -0.5395539574921507, 1.732046870004755]
[1.7279145585374274, 0.6333953210066178, -0.5530715602510222, 1.7320350260109674]

[1.6708175687258928, -0.2649009292656222, -0.5719154478010416, 1.732049297521173]
[1.5916093647661964, -0.10279512993027777, -0.5509494984502569, 1.7320494714103638]
[1.6897478773625876, 0.20326924874400362, -0.5634606147416088, 1.7320478279134803]
[1.7002821849885958, 0.416802767818803, -0.5629468195366736, 1.7320211054970585]
[1.6819316078033761, 0.25954954996864105, -0.5431553335987195, 1.732042483715511]

[1.6245388278986872, 0.005887017954465376, -0.5669502523656481, 1.732045784333991]
[1.7179111999635577, 1.1573801660553547, -0.5558262048044961, 1.7319563638392466]
[1.4498106101432036, -0.2918419350138606, -0.553373198247115, 1.732047179689066]
[1.6201149071409522, 0.001630760496052994, -0.573482607752615, 1.732048960036824]
[1.5952199082557492, -0.03046732443512897, -0.565659189996936, 1.7320498500022583]

[1.031362312205004, -0.48594639088187297, -0.5666893100976218, 1.7320505785989553]
[0.7839618756921134, -0.5165672470992609, -0.5724940693804084, 1.7320505895706786]
[1.54300922238159, -0.13194899286606437, -0.5488840069253421, 1.7320398248297362]
[1.6420394077815104, 0.11070143233154232, -0.5364247086940839, 1.7320392735396386]
[1.0558017223581522, -0.44190444702838283, -0.5608578765686634, 1.732048543512831]

[1.06855542566234, -0.4004677149443401, -0.5706852483308247, 1.7320502120950816]
[1.5073113946500285, -0.16777872447219147, -0.569784320889284, 1.7320495547857735]
[1.3803128201581474, -0.32882658426170697, -0.547782060158762, 1.7320477590901542]
[1.6621315350060963, 0.2671815380808393, -0.5537280614524226, 1.7320372611099235]
[1.4236611498835778, -0.25767479048036296, -0.5549719364617219, 1.7320321921161812]

[1.6737884969327477, 0.4497893263571507, -0.5083589592394909, 1.732019160246951]
[1.5558311007329244, -0.1059741730087767, -0.5453175145158811, 1.732028134622812]
[0.9591529627671813, -0.48354366453583564, -0.5358010089056319, 1.7320460645390605]
[1.1309763348967028, -0.4142037673685602, -0.5207776251692107, 1.7320425523954548]
[0.4982619913144023, -0.564722777460668, -0.5643317877326153, 1.7320498526115797]

[0.6919284089032752, -0.5125032267126454, -0.5600164957453192, 1.7320466396706244]
[1.6488162857530688, 0.30416580274035643, -0.5234076446995184, 1.7320314352337023]
[0.9102209735340797, -0.4862148568756715, -0.5592003621312085, 1.7320492428513525]
[1.083431269445882, -0.4294934811464121, -0.5665180199605149, 1.7320497908984893]
[1.4746157531852178, -0.23770926790530886, -0.5543248013160074, 1.7320474238658068]

[0.6923697913126852, -0.5125884833238845, -0.5616870261189465, 1.7320505064800968]
[1.426977755554605, -0.22012019747765996, -0.5758386858845415, 1.7320495068198665]
[1.4116927394090548, -0.2687134442337731, -0.5574018054536569, 1.7320498653862897]
[1.4004189534533826, -0.2231187505267937, -0.5650989477766363, 1.732049002620055]
[1.1934911841866855, -0.3837710992253692, -0.569716326244063, 1.7320498887835547]

[1.396903942956039, -0.27437763654167696, -0.5665676531133018, 1.7320493913520527]
[1.0552914457802294, -0.396290607203657, -0.5674578396427759, 1.7320505009617033]
[1.073727169797078, -0.4451668759503897, -0.5691717139024732, 1.7320498895299001]
[1.4386268240654496, -0.2912616628631799, -0.5599026808105001, 1.7320488947730834]
[1.4302892292749434, -0.20809063328950392, -0.5634737552596972, 1.7320484239918676]

##########################クラスタ数##########################
3
##########################クラスタリング結果##########################
=====クラスタ数1個のとき＝＝＝＝＝
cluster	[1, 1, 1, 1, 1, 1, 1, 1, 1, 1, 1, 1, 1, 1, 1, 1, 1, 1, 1, 1, 1, 1, 1, 1, 1, 1, 1, 1, 1, 1, 1, 1, 1, 1, 1, 1, 1, 1, 1, 1, 1, 1, 1, 1, 1, 1, 1, 1, 1, 1, 1, 1, 1, 1, 1, 1, 1, 1, 1, 1]
centers	[1.3763167674004178, -0.732976942941174, -0.9938767605694451, 0.35053693611020215]
totts	27.469787886692007
withinss	27.469787886691993
tot.withinss	27.469787886691993
betweenss	1.4210854715202004e-14
size	60
=====クラスタ数2個のとき＝＝＝＝＝
cluster	[2, 2, 2, 2, 2, 1, 1, 2, 1, 1, 1, 1, 1, 1, 1, 2, 1, 1, 1, 1, 1, 1, 1, 1, 1, 1, 1, 2, 1, 1, 2, 2, 1, 1, 2, 2, 1, 2, 1, 2, 1, 1, 2, 2, 2, 2, 1, 2, 2, 1, 2, 2, 2, 2, 2, 2, 2, 2, 2, 2]
centers	[[1.6439858723676437, -0.6013809989285817, -0.9169960891864668, -0.12560878425259497], [1.1086476624331918, -0.8645728869537663, -1.0707574319524247, 0.8266826564729995]]
totts	27.469787886692007
withinss	[2.369758539557122, 5.804651733937342]
tot.withinss	8.174410273494464
betweenss	19.295377613197545
size	[30, 30]
=====クラスタ数3個のとき＝＝＝＝＝
cluster	[1, 1, 2, 1, 2, 3, 3, 2, 3, 3, 3, 3, 3, 3, 3, 2, 1, 3, 3, 3, 3, 3, 3, 3, 3, 3, 3, 1, 3, 3, 2, 2, 1, 3, 2, 2, 1, 1, 3, 1, 3, 1, 2, 2, 2, 2, 3, 2, 2, 1, 2, 1, 1, 1, 2, 1, 2, 2, 1, 1]
centers	[[1.419033017622566, -0.7823483140734176, -1.0731373212739501, 0.43645261772480176], [0.9282807754515299, -0.9080092539643769, -1.0596551059060835, 1.0393835844189308], [1.6698556314525554, -0.5733811466345422, -0.8926191706480031, -0.20385531417001004]]
totts	27.469787886692007
withinss	[0.5467508130714371, 1.9912827169761302, 1.1122564466640787]
tot.withinss	3.650289976711646
betweenss	23.81949790998036
size	[17, 18, 25]
=====クラスタ数4個のとき＝＝＝＝＝
cluster	[3, 1, 4, 3, 3, 2, 2, 3, 2, 2, 2, 2, 2, 2, 2, 3, 1, 2, 2, 2, 2, 1, 2, 2, 2, 2, 2, 1, 2, 2, 3, 4, 1, 2, 3, 3, 1, 1, 2, 1, 2, 1, 3, 3, 4, 4, 2, 3, 3, 1, 4, 1, 1, 1, 3, 1, 3, 3, 1, 1]
centers	[[1.4533004141536576, -0.7701016376169922, -1.061841926851174, 0.3786431503145088], [1.6731158925644871, -0.56831170686884, -0.8886607363517912, -0.2161434493438559], [1.085099772370211, -0.8966417692970143, -1.0883699860750324, 0.8999119830018357], [0.5789842820931341, -0.9135765740582377, -0.997945468195895, 1.332537760160999]]
totts	27.469787886692007
withinss	[0.38371937698119346, 0.9904588525535637, 0.3630182672216015, 0.2930150233674758]
tot.withinss	2.0302115201238347
betweenss	25.439576366568172
size	[16, 24, 15, 5]
=====クラスタ数5個のとき＝＝＝＝＝
cluster	[5, 5, 1, 5, 5, 2, 2, 5, 2, 2, 2, 2, 2, 2, 2, 3, 4, 2, 2, 2, 2, 4, 2, 2, 2, 2, 2, 4, 2, 4, 3, 1, 4, 2, 3, 3, 4, 4, 2, 4, 2, 4, 3, 5, 1, 1, 2, 3, 3, 4, 1, 4, 4, 4, 5, 4, 3, 3, 4, 4]
centers	[[0.5789842820931341, -0.9135765740582377, -0.997945468195895, 1.332537760160999], [1.676502674490954, -0.5641028655089986, -0.8836577081784887, -0.22874210080346655], [1.0178792697147163, -0.9173771158453545, -1.0769057138198728, 0.9764035599505111], [1.4699192926647353, -0.7629952098832112, -1.0537013783676208, 0.3467772955860965], [1.2064144300284603, -0.8531500569618159, -1.1096253609744617, 0.7563609879078171]]
totts	27.469787886692007
withinss	[0.2930150233674758, 0.8729154498573891, 0.08326072139735946, 0.42615192383116807, 0.09344172304993492]
tot.withinss	1.7687848415033274
betweenss	25.70100304518868
size	[5, 23, 9, 16, 7]
=====クラスタ数6個のとき＝＝＝＝＝
cluster	[5, 5, 4, 5, 5, 2, 1, 4, 3, 2, 2, 3, 2, 3, 1, 4, 6, 2, 3, 1, 2, 6, 3, 3, 3, 2, 1, 5, 2, 6, 4, 4, 6, 2, 4, 4, 6, 5, 2, 5, 3, 6, 4, 4, 4, 4, 2, 4, 4, 6, 4, 5, 5, 5, 5, 5, 4, 4, 5, 5]
centers	[[1.719784693765344, -0.4656237434001011, -0.7526408053018694, -0.5015201450633735], [1.6498695526778648, -0.6208692527580977, -0.9369165237228135, -0.0920837761969539], [1.691482207346756, -0.535288644095936, -0.8759352882433518, -0.2802582750074679], [0.8948532886755132, -0.9125756931118302, -1.054647221456366, 1.072369625892683], [1.3529840895848235, -0.8097125370588364, -1.0891691010907767, 0.5458975485647893], [1.5371449511053377, -0.7238662944500687, -1.026536483926966, 0.21325782727169723]]
totts	27.469787886692007
withinss	[0.030177995850741633, 0.06775819448871687, 0.05237343864925107, 1.6669731172037603, 0.4130867490418468, 0.09762853327298962]
tot.withinss	2.3279980285073063
betweenss	25.1417898581847
size	[4, 11, 8, 16, 14, 7]
=====クラスタ数7個のとき＝＝＝＝＝
cluster	[6, 3, 7, 6, 6, 1, 5, 6, 2, 1, 1, 2, 1, 2, 5, 6, 3, 1, 2, 5, 1, 4, 2, 2, 2, 1, 5, 3, 1, 4, 6, 7, 4, 1, 6, 6, 4, 3, 1, 3, 2, 4, 6, 6, 7, 7, 1, 6, 6, 3, 7, 3, 3, 3, 6, 3, 6, 6, 3, 3]
centers	[[1.6498695526778648, -0.6208692527580977, -0.9369165237228135, -0.0920837761969539], [1.691482207346756, -0.535288644095936, -0.8759352882433518, -0.2802582750074679], [1.421253795327315, -0.7893979589656732, -1.0741488817213591, 0.4422930453597172], [1.5585961981572978, -0.7027931504857977, -1.0206829266600446, 0.1648798789885446], [1.719784693765344, -0.4656237434001011, -0.7526408053018694, -0.5015201450633735], [1.085099772370211, -0.8966417692970143, -1.0883699860750324, 0.8999119830018357], [0.5789842820931341, -0.9135765740582377, -0.997945468195895, 1.332537760160999]]
totts	27.469787886692007
withinss	[0.06775819448871687, 0.05237343864925107, 0.08963464286055305, 0.03940333724636859, 0.030177995850741633, 0.3630182672216015, 0.2930150233674758]
tot.withinss	0.9353808996847085
betweenss	26.534406987007298
size	[11, 8, 12, 5, 4, 15, 5]
=====クラスタ数8個のとき＝＝＝＝＝
cluster	[6, 6, 1, 6, 6, 2, 5, 8, 2, 2, 2, 5, 2, 5, 5, 7, 4, 2, 5, 5, 2, 3, 2, 5, 2, 3, 5, 4, 3, 3, 8, 7, 3, 2, 8, 8, 4, 4, 2, 4, 2, 3, 7, 8, 1, 1, 2, 7, 8, 4, 1, 4, 4, 4, 6, 4, 8, 8, 4, 4]
centers	[[0.5277398836933893, -0.9051070226521458, -0.9897965008828025, 1.3671636398415592], [1.6643511320194062, -0.6009861307334811, -0.9164223163293894, -0.1469426849565356], [1.588387221862683, -0.6794839219444356, -0.9993910202174536, 0.09048772029920597], [1.436086590541609, -0.7856476173561742, -1.0674818304678046, 0.41704285728237006], [1.7097928827500024, -0.48309932817029844, -0.8079663928483413, -0.4187271617313624], [1.2366166458578252, -0.8390232443685617, -1.1149801497755412, 0.7173867482862775], [0.8941764894689688, -0.9369890314540006, -1.0540341393281927, 1.0968466813132245], [1.0787483907698474, -0.9041033591705873, -1.0873791228072343, 0.912734091207974]]
totts	27.469787886692007
withinss	[0.21375344576158187, 0.09527655127849337, 0.050143166556751106, 0.08365107144007168, 0.12064967419904918, 0.04497392793173871, 0.03375740575474549, 0.02737717902117967]
tot.withinss	0.6695824219436111
betweenss	26.800205464748394
size	[4, 13, 6, 12, 8, 5, 4, 8]
=====クラスタ数9個のとき＝＝＝＝＝
cluster	[9, 5, 3, 9, 9, 6, 4, 9, 2, 6, 7, 2, 6, 2, 4, 9, 1, 6, 2, 4, 6, 8, 2, 2, 2, 7, 4, 1, 7, 8, 9, 3, 8, 7, 9, 9, 1, 5, 6, 5, 2, 8, 9, 9, 3, 3, 6, 9, 9, 1, 3, 5, 5, 5, 9, 5, 9, 9, 5, 5]
centers	[[1.4810389179360266, -0.7729029712517304, -1.0452051679540943, 0.3370692212697982], [1.691482207346756, -0.535288644095936, -0.8759352882433518, -0.2802582750074679], [0.5789842820931341, -0.9135765740582377, -0.997945468195895, 1.332537760160999], [1.719784693765344, -0.4656237434001011, -0.7526408053018694, -0.5015201450633735], [1.4042445852037446, -0.7905530472392064, -1.0847711615413198, 0.4710796235767815], [1.6597648347826446, -0.6103476212450154, -0.923164632855105, -0.12625258068252404], [1.6325528089945012, -0.6392821079059917, -0.9609823327413034, -0.03228836834720613], [1.5714173990341151, -0.695037987464322, -1.0123600220670688, 0.1359806104972758], [1.085099772370211, -0.8966417692970143, -1.0883699860750324, 0.8999119830018357]]
totts	27.469787886692007
withinss	[0.012300870175023038, 0.05237343864925107, 0.2930150233674758, 0.030177995850741633, 0.04030685789239413, 0.03138674683196071, 0.006240519135971994, 0.016824053134216928, 0.3630182672216015]
tot.withinss	0.8456437722586368
betweenss	26.62414411443337
size	[4, 8, 5, 4, 9, 7, 4, 4, 15]
=====クラスタ数10個のとき＝＝＝＝＝
cluster	[10, 9, 1, 10, 10, 7, 5, 10, 3, 7, 7, 3, 7, 3, 5, 2, 8, 7, 3, 5, 7, 6, 3, 3, 3, 7, 5, 4, 7, 6, 2, 1, 6, 7, 2, 2, 8, 9, 7, 4, 3, 6, 2, 10, 1, 1, 7, 2, 2, 8, 1, 4, 4, 4, 10, 4, 2, 2, 4, 4]
centers	[[0.5789842820931341, -0.9135765740582377, -0.997945468195895, 1.332537760160999], [1.0178792697147163, -0.9173771158453545, -1.0769057138198728, 0.9764035599505111], [1.691482207346756, -0.535288644095936, -0.8759352882433518, -0.2802582750074679], [1.422297650592532, -0.788119616471549, -1.0764230140214708, 0.44224497990048783], [1.719784693765344, -0.4656237434001011, -0.7526408053018694, -0.5015201450633735], [1.5714173990341151, -0.695037987464322, -1.0123600220670688, 0.1359806104972758], [1.6498695526778648, -0.6208692527580977, -0.9369165237228135, -0.0920837761969539], [1.4914483538669678, -0.7623040370977309, -1.045438433073496, 0.31629411630425913], [1.354815336118325, -0.8073601335470972, -1.0980308571480009, 0.5505756545767728], [1.1859305263534532, -0.8655387494745038, -1.1055663944577716, 0.7851746175788225]]
totts	27.469787886692007
withinss	[0.2930150233674758, 0.08326072139735946, 0.05237343864925107, 0.01335788711561398, 0.030177995850741633, 0.016824053134216928, 0.06775819448871687, 0.004472632248467672, 0.007679410231174388, 0.03381136306035641]
tot.withinss	0.6027307195433742
betweenss	26.867057167148634
size	[5, 9, 8, 8, 4, 4, 11, 3, 2, 6]
=====クラスタ数11個のとき＝＝＝＝＝
cluster	[9, 6, 4, 9, 9, 7, 5, 3, 2, 7, 7, 1, 7, 1, 5, 10, 6, 2, 1, 5, 7, 11, 2, 1, 2, 7, 5, 6, 7, 11, 3, 8, 11, 7, 3, 3, 11, 6, 2, 6, 2, 11, 10, 3, 4, 8, 7, 10, 3, 6, 8, 6, 6, 6, 9, 6, 3, 3, 6, 6]
centers	[[1.6998010717346603, -0.5005749129404959, -0.863291980394813, -0.33593417839935147], [1.676993992637558, -0.5707022121380845, -0.9045702830338606, -0.201721497465613], [1.0787483907698474, -0.9041033591705873, -1.0873791228072343, 0.912734091207974], [0.3633306672787984, -0.8730546390289624, -0.9591531069609744, 1.4688770787111385], [1.719784693765344, -0.4656237434001011, -0.7526408053018694, -0.5015201450633735], [1.421253795327315, -0.7893979589656732, -1.0741488817213591, 0.4422930453597172], [1.6465838328296192, -0.6317064453906748, -0.9369971607905939, -0.07788022664835022], [0.7227533586360245, -0.9405911974110882, -1.0238070423525087, 1.2416448811275724], [1.213441344302656, -0.8540745799892802, -1.110230397200776, 0.7508636328874004], [0.9309146940612539, -0.9335004487111321, -1.0618650732881687, 1.064450827938047], [1.5585961981572978, -0.7027931504857977, -1.0206829266600446, 0.1648798789885446]]
totts	27.469787886692007
withinss	[0.007905029733878554, 0.018307045383067662, 0.02737717902117967, 0.05638373705778661, 0.030177995850741633, 0.08963464286055305, 0.05111675355209757, 0.009158733396676815, 0.006835942766560002, 0.00408523700902605, 0.03940333724636859]
tot.withinss	0.3403856338779362
betweenss	27.12940225281407
size	[4, 6, 8, 2, 4, 12, 9, 3, 4, 3, 5]
=====クラスタ数12個のとき＝＝＝＝＝
cluster	[7, 3, 4, 7, 7, 8, 2, 5, 8, 8, 8, 2, 8, 2, 2, 1, 6, 8, 2, 2, 8, 9, 8, 2, 8, 9, 2, 10, 9, 9, 12, 11, 6, 8, 12, 12, 6, 3, 8, 10, 8, 6, 1, 5, 4, 11, 8, 1, 12, 10, 11, 10, 10, 3, 7, 3, 12, 12, 10, 10]
centers	[[0.9309146940612539, -0.9335004487111321, -1.0618650732881687, 1.064450827938047], [1.7097928827500024, -0.48309932817029844, -0.8079663928483413, -0.4187271617313624], [1.376738392161518, -0.7973350900086696, -1.0950300332700336, 0.515626731117185], [0.3633306672787984, -0.8730546390289624, -0.9591531069609744, 1.4688770787111385], [1.1309088904550477, -0.8884670884449513, -1.0962383889717628, 0.8537965869616665], [1.52464240788255, -0.733132722607045, -1.0360088492411674, 0.24449916396566243], [1.213441344302656, -0.8540745799892802, -1.110230397200776, 0.7508636328874004], [1.6643511320194062, -0.6009861307334811, -0.9164223163293894, -0.1469426849565356], [1.607870752015396, -0.6642285852414781, -0.9845645027828209, 0.04092233600890279], [1.4365248659308647, -0.786386750056803, -1.0682419579738416, 0.4181038420997801], [0.7227533586360245, -0.9405911974110882, -1.0238070423525087, 1.2416448811275724], [1.0613615575414475, -0.9093154494124661, -1.0844260340857248, 0.932379925956743]]
totts	27.469787886692007
withinss	[0.00408523700902605, 0.12064967419904918, 0.015545816733681734, 0.05638373705778661, 0.001928193754174125, 0.019551048971866433, 0.006835942766560002, 0.09527655127849337, 0.010040534548558988, 0.014283397401182844, 0.009158733396676815, 0.008069447418011908]
tot.withinss	0.36180831453506807
betweenss	27.10797957215694
size	[3, 8, 4, 2, 2, 4, 4, 13, 4, 7, 3, 6]
=====クラスタ数13個のとき＝＝＝＝＝
cluster	[7, 5, 6, 7, 7, 1, 10, 7, 2, 1, 1, 9, 1, 9, 12, 7, 8, 3, 9, 10, 11, 4, 2, 9, 2, 4, 12, 8, 4, 4, 7, 6, 13, 1, 7, 7, 8, 5, 3, 5, 3, 13, 7, 7, 6, 6, 3, 7, 7, 8, 6, 5, 5, 5, 7, 5, 7, 7, 5, 5]
centers	[[1.6509933811895945, -0.6263025330926156, -0.9342517276112232, -0.0904391204857553], [1.6862882916342186, -0.5865868607194704, -0.8717657333264502, -0.227935697588298], [1.6629788416689402, -0.5545033844890075, -0.9482176413200609, -0.16025781585987167], [1.607870752015396, -0.6642285852414781, -0.9845645027828209, 0.04092233600890279], [1.4042445852037446, -0.7905530472392064, -1.0847711615413198, 0.4710796235767815], [0.5789842820931341, -0.9135765740582377, -0.997945468195895, 1.332537760160999], [1.085099772370211, -0.8966417692970143, -1.0883699860750324, 0.8999119830018357], [1.4810389179360266, -0.7729029712517304, -1.0452051679540943, 0.3370692212697982], [1.6998010717346603, -0.5005749129404959, -0.863291980394813, -0.33593417839935147], [1.722360565273028, -0.5179473161040344, -0.7355100920056945, -0.468903157163299], [1.6708175687258928, -0.703532913957735, -0.8340637089663522, -0.13322094580180552], [1.71720882225766, -0.41330017069616776, -0.7697715185980444, -0.5341371329634479], [1.5494201615572574, -0.7099945953503505, -1.029044055086719, 0.1896184888798123]]
totts	27.469787886692007
withinss	[0.0048023362556590486, 0.0012524288740712096, 0.008912423587639808, 0.010040534548558988, 0.04030685789239413, 0.2930150233674758, 0.3630182672216015, 0.012300870175023038, 0.007905029733878554, 0.008718789386137864, 0.0, 0.005052324015654767, 0.0006359977975859864]
tot.withinss	0.7559608828556807
betweenss	26.713827003836325
size	[5, 3, 4, 4, 9, 5, 15, 4, 4, 2, 1, 2, 2]
=====クラスタ数14個のとき＝＝＝＝＝
cluster	[4, 9, 13, 4, 4, 3, 10, 4, 6, 3, 8, 14, 3, 14, 10, 12, 7, 5, 14, 10, 3, 1, 6, 14, 6, 8, 10, 2, 8, 1, 12, 13, 1, 8, 12, 12, 7, 11, 5, 2, 5, 1, 12, 4, 13, 13, 5, 12, 12, 7, 13, 2, 11, 11, 4, 11, 12, 12, 2, 2]
centers	[[1.5714173990341151, -0.695037987464322, -1.0123600220670688, 0.1359806104972758], [1.433873113784356, -0.7863952113586566, -1.0704012936712826, 0.42292339124558315], [1.6600567434338744, -0.6436671824015429, -0.9020747622734254, -0.11431479875890627], [1.1859305263534532, -0.8655387494745038, -1.1055663944577716, 0.7851746175788225], [1.6629788416689402, -0.5545033844890075, -0.9482176413200609, -0.16025781585987167], [1.6862882916342186, -0.5865868607194704, -0.8717657333264502, -0.227935697588298], [1.4914483538669678, -0.7623040370977309, -1.045438433073496, 0.31629411630425913], [1.6325528089945012, -0.6392821079059917, -0.9609823327413034, -0.03228836834720613], [1.329317852078503, -0.7788179018856879, -1.133979160074601, 0.5834792098817857], [1.719784693765344, -0.4656237434001011, -0.7526408053018694, -0.5015201450633735], [1.397332113994156, -0.802220810046904, -1.0803650495091888, 0.4852537455619368], [1.0178792697147163, -0.9173771158453545, -1.0769057138198728, 0.9764035599505111], [0.5789842820931341, -0.9135765740582377, -0.997945468195895, 1.332537760160999], [1.6998010717346603, -0.5005749129404959, -0.863291980394813, -0.33593417839935147]]
totts	27.469787886692007
withinss	[0.016824053134216928, 0.004836703813548398, 0.012389667732128332, 0.03381136306035641, 0.008912423587639808, 0.0012524288740712096, 0.004472632248467672, 0.006240519135971994, 0.0, 0.030177995850741633, 0.00497958938172575, 0.08326072139735946, 0.2930150233674758, 0.007905029733878554]
tot.withinss	0.5080781513175819
betweenss	26.961709735374424
size	[4, 5, 4, 6, 4, 3, 3, 4, 1, 4, 4, 9, 5, 4]
=====クラスタ数15個のとき＝＝＝＝＝
cluster	[14, 8, 13, 14, 14, 10, 7, 12, 3, 10, 10, 9, 10, 9, 7, 1, 11, 3, 9, 7, 10, 6, 3, 9, 3, 10, 7, 4, 10, 6, 15, 2, 6, 10, 15, 15, 11, 8, 3, 4, 3, 6, 1, 12, 5, 2, 10, 1, 15, 11, 2, 4, 4, 4, 14, 4, 15, 15, 4, 4]
centers	[[0.9309146940612539, -0.9335004487111321, -1.0618650732881687, 1.064450827938047], [0.7227533586360245, -0.9405911974110882, -1.0238070423525087, 1.2416448811275724], [1.676993992637558, -0.5707022121380845, -0.9045702830338606, -0.201721497465613], [1.422297650592532, -0.788119616471549, -1.0764230140214708, 0.44224497990048783], [0.4982619913144023, -0.943094392537734, -0.9530347813918867, 1.3978671826152185], [1.5714173990341151, -0.695037987464322, -1.0123600220670688, 0.1359806104972758], [1.719784693765344, -0.4656237434001011, -0.7526408053018694, -0.5015201450633735], [1.354815336118325, -0.8073601335470972, -1.0980308571480009, 0.5505756545767728], [1.6998010717346603, -0.5005749129404959, -0.863291980394813, -0.33593417839935147], [1.6465838328296192, -0.6317064453906748, -0.9369971607905939, -0.07788022664835022], [1.4914483538669678, -0.7623040370977309, -1.045438433073496, 0.31629411630425913], [1.1309088904550477, -0.8884670884449513, -1.0962383889717628, 0.8537965869616665], [0.22839934324319455, -0.8030148855201908, -0.9652714325300621, 1.5398869748070583], [1.213441344302656, -0.8540745799892802, -1.110230397200776, 0.7508636328874004], [1.0613615575414475, -0.9093154494124661, -1.0844260340857248, 0.932379925956743]]
totts	27.469787886692007
withinss	[0.00408523700902605, 0.009158733396676815, 0.018307045383067662, 0.01335788711561398, 0.0, 0.016824053134216928, 0.030177995850741633, 0.007679410231174388, 0.007905029733878554, 0.05111675355209757, 0.004472632248467672, 0.001928193754174125, 0.0, 0.006835942766560002, 0.008069447418011908]
tot.withinss	0.17991836159370728
betweenss	27.2898695250983
size	[3, 3, 6, 8, 1, 4, 4, 2, 4, 9, 3, 2, 1, 4, 6]
=====クラスタ数16個のとき＝＝＝＝＝
cluster	[13, 14, 8, 13, 13, 12, 7, 13, 9, 12, 12, 2, 12, 16, 10, 6, 11, 9, 16, 7, 15, 4, 9, 2, 9, 12, 10, 1, 12, 4, 6, 8, 4, 12, 6, 6, 11, 3, 9, 5, 9, 4, 6, 13, 8, 8, 12, 6, 6, 11, 8, 5, 3, 3, 13, 3, 6, 6, 1, 5]
centers	[[1.4442187171043266, -0.8048470206456251, -1.0483549887414934, 0.40898329228279195], [1.698569552877617, -0.5295247714872553, -0.8591142989928826, -0.30993048239747895], [1.397332113994156, -0.802220810046904, -1.0803650495091888, 0.4852537455619368], [1.5714173990341151, -0.695037987464322, -1.0123600220670688, 0.1359806104972758], [1.4269760449043754, -0.7740940051673443, -1.0850988302911417, 0.43221679055411055], [1.0178792697147163, -0.9173771158453545, -1.0769057138198728, 0.9764035599505111], [1.722360565273028, -0.5179473161040344, -0.7355100920056945, -0.468903157163299], [0.5789842820931341, -0.9135765740582377, -0.997945468195895, 1.332537760160999], [1.676993992637558, -0.5707022121380845, -0.9045702830338606, -0.201721497465613], [1.71720882225766, -0.41330017069616776, -0.7697715185980444, -0.5341371329634479], [1.4914483538669678, -0.7623040370977309, -1.045438433073496, 0.31629411630425913], [1.643554615842585, -0.6227281368197922, -0.9498638422686242, -0.0709626367541683], [1.1859305263534532, -0.8655387494745038, -1.1055663944577716, 0.7851746175788225], [1.329317852078503, -0.7788179018856879, -1.133979160074601, 0.5834792098817857], [1.6708175687258928, -0.703532913957735, -0.8340637089663522, -0.13322094580180552], [1.7010325905917039, -0.4716250543937366, -0.8674696617967432, -0.36193787440122405]]
totts	27.469787886692007
withinss	[0.0002761094754900717, 0.0006614155306738968, 0.00497958938172575, 0.016824053134216928, 0.0008010386908366687, 0.08326072139735946, 0.008718789386137864, 0.2930150233674758, 0.018307045383067662, 0.005052324015654767, 0.004472632248467672, 0.029287021528519655, 0.03381136306035641, 0.0, 0.0, 0.0011105894982987989]
tot.withinss	0.5005777160982814
betweenss	26.969210170593726
size	[2, 2, 4, 4, 3, 9, 2, 5, 6, 2, 3, 8, 6, 1, 1, 2]
=====クラスタ数17個のとき＝＝＝＝＝
cluster	[13, 16, 6, 13, 13, 17, 8, 10, 14, 17, 17, 15, 17, 15, 7, 2, 5, 11, 15, 8, 9, 4, 14, 15, 14, 4, 7, 1, 4, 4, 3, 2, 12, 17, 3, 3, 5, 16, 11, 1, 11, 12, 2, 10, 6, 6, 11, 2, 3, 5, 6, 1, 1, 1, 13, 1, 3, 3, 1, 1]
centers	[[1.422297650592532, -0.788119616471549, -1.0764230140214708, 0.44224497990048783], [0.8941764894689688, -0.9369890314540006, -1.0540341393281927, 1.0968466813132245], [1.0613615575414475, -0.9093154494124661, -1.0844260340857248, 0.932379925956743], [1.607870752015396, -0.6642285852414781, -0.9845645027828209, 0.04092233600890279], [1.4914483538669678, -0.7623040370977309, -1.045438433073496, 0.31629411630425913], [0.5277398836933893, -0.9051070226521458, -0.9897965008828025, 1.3671636398415592], [1.71720882225766, -0.41330017069616776, -0.7697715185980444, -0.5341371329634479], [1.722360565273028, -0.5179473161040344, -0.7355100920056945, -0.468903157163299], [1.6708175687258928, -0.703532913957735, -0.8340637089663522, -0.13322094580180552], [1.1309088904550477, -0.8884670884449513, -1.0962383889717628, 0.8537965869616665], [1.6629788416689402, -0.5545033844890075, -0.9482176413200609, -0.16025781585987167], [1.5494201615572574, -0.7099945953503505, -1.029044055086719, 0.1896184888798123], [1.213441344302656, -0.8540745799892802, -1.110230397200776, 0.7508636328874004], [1.6862882916342186, -0.5865868607194704, -0.8717657333264502, -0.227935697588298], [1.6998010717346603, -0.5005749129404959, -0.863291980394813, -0.33593417839935147], [1.354815336118325, -0.8073601335470972, -1.0980308571480009, 0.5505756545767728], [1.6509933811895945, -0.6263025330926156, -0.9342517276112232, -0.0904391204857553]]
totts	27.469787886692007
withinss	[0.01335788711561398, 0.03375740575474549, 0.008069447418011908, 0.010040534548558988, 0.004472632248467672, 0.21375344576158187, 0.005052324015654767, 0.008718789386137864, 0.0, 0.001928193754174125, 0.008912423587639808, 0.0006359977975859864, 0.006835942766560002, 0.0012524288740712096, 0.007905029733878554, 0.007679410231174388, 0.0048023362556590486]
tot.withinss	0.3371742292495157
betweenss	27.13261365744249
size	[8, 4, 6, 4, 3, 4, 2, 2, 1, 2, 4, 2, 4, 3, 4, 2, 5]
=====クラスタ数18個のとき＝＝＝＝＝
cluster	[10, 11, 18, 10, 3, 1, 16, 12, 17, 1, 1, 17, 1, 17, 16, 4, 13, 1, 17, 16, 1, 8, 17, 17, 17, 8, 16, 7, 8, 8, 6, 14, 15, 1, 6, 6, 13, 9, 1, 5, 17, 15, 2, 12, 18, 14, 1, 4, 6, 13, 14, 5, 5, 5, 3, 9, 6, 6, 7, 5]
centers	[[1.6559901493796532, -0.6147566887255277, -0.9287973031016112, -0.11243615755251393], [0.9591529627671813, -0.9500958054228263, -1.047913104741859, 1.038855947397504], [1.1957006696596624, -0.87147774078475, -1.0997181815038233, 0.775495252628911], [0.9167955597082903, -0.925202770355285, -1.0688410575613236, 1.0772482682083182], [1.4186079655151127, -0.7788976140198057, -1.086494997615372, 0.4467846461200648], [1.0613615575414475, -0.9093154494124661, -1.0844260340857248, 0.932379925956743], [1.4442187171043266, -0.8048470206456251, -1.0483549887414934, 0.40898329228279195], [1.607870752015396, -0.6642285852414781, -0.9845645027828209, 0.04092233600890279], [1.388608381557093, -0.8183385927953103, -1.0721408504166603, 0.5018710616548774], [1.2311820189456495, -0.8366714191938104, -1.1207426128977291, 0.7262320131458899], [1.329317852078503, -0.7788179018856879, -1.133979160074601, 0.5834792098817857], [1.1309088904550477, -0.8884670884449513, -1.0962383889717628, 0.8537965869616665], [1.4914483538669678, -0.7623040370977309, -1.045438433073496, 0.31629411630425913], [0.7227533586360245, -0.9405911974110882, -1.0238070423525087, 1.2416448811275724], [1.5494201615572574, -0.7099945953503505, -1.029044055086719, 0.1896184888798123], [1.719784693765344, -0.4656237434001011, -0.7526408053018694, -0.5015201450633735], [1.691482207346756, -0.535288644095936, -0.8759352882433518, -0.2802582750074679], [0.3633306672787984, -0.8730546390289624, -0.9591531069609744, 1.4688770787111385]]
totts	27.469787886692007
withinss	[0.040180671457011916, 0.0, 0.0001069806241788279, 0.0012013954788784552, 0.0039102359973399, 0.008069447418011908, 0.0002761094754900717, 0.010040534548558988, 0.001456289104855891, 0.0013896624927365057, 0.0, 0.001928193754174125, 0.004472632248467672, 0.009158733396676815, 0.0006359977975859864, 0.030177995850741633, 0.05237343864925107, 0.05638373705778661]
tot.withinss	0.22176205535174637
betweenss	27.24802583134026
size	[9, 1, 2, 2, 5, 6, 2, 4, 2, 2, 1, 2, 3, 3, 2, 4, 8, 2]
=====クラスタ数19個のとき＝＝＝＝＝
cluster	[7, 15, 10, 7, 7, 8, 17, 3, 9, 8, 16, 6, 8, 6, 14, 12, 13, 8, 6, 11, 8, 19, 9, 6, 9, 16, 17, 2, 16, 19, 5, 1, 4, 16, 5, 5, 13, 18, 8, 2, 9, 4, 12, 3, 10, 1, 8, 12, 5, 13, 1, 2, 18, 18, 7, 18, 5, 5, 2, 2]
centers	[[0.7227533586360245, -0.9405911974110882, -1.0238070423525087, 1.2416448811275724], [1.433873113784356, -0.7863952113586566, -1.0704012936712826, 0.42292339124558315], [1.1309088904550477, -0.8884670884449513, -1.0962383889717628, 0.8537965869616665], [1.5494201615572574, -0.7099945953503505, -1.029044055086719, 0.1896184888798123], [1.0613615575414475, -0.9093154494124661, -1.0844260340857248, 0.932379925956743], [1.6998010717346603, -0.5005749129404959, -0.863291980394813, -0.33593417839935147], [1.213441344302656, -0.8540745799892802, -1.110230397200776, 0.7508636328874004], [1.6597648347826446, -0.6103476212450154, -0.923164632855105, -0.12625258068252404], [1.6831633429588508, -0.5700023752513762, -0.8885785960918904, -0.22458237161558436], [0.3633306672787984, -0.8730546390289624, -0.9591531069609744, 1.4688770787111385], [1.7279145585374274, -0.5503957821213931, -0.6838922611049058, -0.4936265153111285], [0.9309146940612539, -0.9335004487111321, -1.0618650732881687, 1.064450827938047], [1.4914483538669678, -0.7623040370977309, -1.045438433073496, 0.31629411630425913], [1.7165064445517624, -0.3827157611660309, -0.7607981596060808, -0.5729925237796508], [1.329317852078503, -0.7788179018856879, -1.133979160074601, 0.5834792098817857], [1.6325528089945012, -0.6392821079059917, -0.9609823327413034, -0.03228836834720613], [1.717358885986093, -0.4646917151564902, -0.7829364002482455, -0.46973077058135726], [1.397332113994156, -0.802220810046904, -1.0803650495091888, 0.4852537455619368], [1.593414636510973, -0.6800813795782936, -0.9956759890474184, 0.08234273211473933]]
totts	27.469787886692007
withinss	[0.009158733396676815, 0.004836703813548398, 0.001928193754174125, 0.0006359977975859864, 0.008069447418011908, 0.007905029733878554, 0.006835942766560002, 0.03138674683196071, 0.00819716021703813, 0.05638373705778661, 0.0, 0.00408523700902605, 0.004472632248467672, 0.0, 0.0, 0.006240519135971994, 0.0022073258497759623, 0.00497958938172575, 0.0007362252116299821]
tot.withinss	0.15805922162381866
betweenss	27.311728665068188
size	[3, 5, 2, 2, 6, 4, 4, 7, 4, 2, 1, 3, 3, 1, 1, 4, 2, 4, 2]
=====クラスタ数20個のとき＝＝＝＝＝
cluster	[19, 17, 20, 19, 19, 16, 13, 5, 12, 16, 15, 14, 16, 14, 8, 11, 10, 16, 14, 4, 7, 6, 12, 14, 12, 15, 13, 9, 15, 6, 2, 18, 6, 15, 1, 1, 10, 17, 16, 9, 12, 6, 11, 3, 20, 18, 16, 11, 1, 10, 18, 9, 9, 9, 19, 9, 1, 1, 9, 9]
centers	[[1.0673614066087365, -0.9024157475787637, -1.0904834169724886, 0.9255377579425161], [1.031362312205004, -0.9438139585809767, -1.0541391196519054, 0.9665907660278782], [1.1309763348967028, -0.9115484693773063, -1.07560668658807, 0.8561788210686735], [1.7279145585374274, -0.5503957821213931, -0.6838922611049058, -0.4936265153111285], [1.1308414460133926, -0.8653857075125961, -1.116870091355456, 0.8514143528546595], [1.5714173990341151, -0.695037987464322, -1.0123600220670688, 0.1359806104972758], [1.6708175687258928, -0.703532913957735, -0.8340637089663522, -0.13322094580180552], [1.7165064445517624, -0.3827157611660309, -0.7607981596060808, -0.5729925237796508], [1.422297650592532, -0.788119616471549, -1.0764230140214708, 0.44224497990048783], [1.4914483538669678, -0.7623040370977309, -1.045438433073496, 0.31629411630425913], [0.9309146940612539, -0.9335004487111321, -1.0618650732881687, 1.064450827938047], [1.6831633429588508, -0.5700023752513762, -0.8885785960918904, -0.22458237161558436], [1.717358885986093, -0.4646917151564902, -0.7829364002482455, -0.46973077058135726], [1.6998010717346603, -0.5005749129404959, -0.863291980394813, -0.33593417839935147], [1.6325528089945012, -0.6392821079059917, -0.9609823327413034, -0.03228836834720613], [1.6579227124587697, -0.5948167391262288, -0.9380147868365638, -0.1250911864959771], [1.354815336118325, -0.8073601335470972, -1.0980308571480009, 0.5505756545767728], [0.7227533586360245, -0.9405911974110882, -1.0238070423525087, 1.2416448811275724], [1.213441344302656, -0.8540745799892802, -1.110230397200776, 0.7508636328874004], [0.3633306672787984, -0.8730546390289624, -0.9591531069609744, 1.4688770787111385]]
totts	27.469787886692007
withinss	[0.0030561106741316224, 0.0, 0.0, 0.0, 0.0, 0.016824053134216928, 0.0, 0.0, 0.01335788711561398, 0.004472632248467672, 0.00408523700902605, 0.00819716021703813, 0.0022073258497759623, 0.007905029733878554, 0.006240519135971994, 0.011794686633480246, 0.007679410231174388, 0.009158733396676815, 0.006835942766560002, 0.05638373705778661]
tot.withinss	0.15819846520379896
betweenss	27.311589421488208
size	[5, 1, 1, 1, 1, 4, 1, 1, 8, 3, 3, 4, 2, 4, 4, 6, 2, 3, 4, 2]
=====クラスタ数21個のとき＝＝＝＝＝
cluster	[15, 20, 6, 15, 15, 10, 14, 2, 19, 10, 10, 11, 10, 11, 14, 13, 18, 17, 11, 14, 8, 9, 19, 11, 19, 7, 14, 16, 7, 9, 4, 5, 1, 10, 21, 21, 18, 20, 17, 16, 17, 12, 3, 2, 6, 5, 17, 13, 21, 18, 5, 16, 16, 16, 15, 16, 21, 21, 16, 16]
centers	[[1.54300922238159, -0.7162641362141412, -1.031569319226952, 0.20482423305950312], [1.1309088904550477, -0.8884670884449513, -1.0962383889717628, 0.8537965869616665], [0.9591529627671813, -0.9500958054228263, -1.047913104741859, 1.038855947397504], [1.031362312205004, -0.9438139585809767, -1.0541391196519054, 0.9665907660278782], [0.7227533586360245, -0.9405911974110882, -1.0238070423525087, 1.2416448811275724], [0.3633306672787984, -0.8730546390289624, -0.9591531069609744, 1.4688770787111385], [1.6223268675198197, -0.6483757909046626, -0.9734530165182234, -0.0004980600969337399], [1.6708175687258928, -0.703532913957735, -0.8340637089663522, -0.13322094580180552], [1.593414636510973, -0.6800813795782936, -0.9956759890474184, 0.08234273211473933], [1.6509933811895945, -0.6263025330926156, -0.9342517276112232, -0.0904391204857553], [1.6998010717346603, -0.5005749129404959, -0.863291980394813, -0.33593417839935147], [1.5558311007329244, -0.7037250544865598, -1.0265187909464861, 0.17441274470012147], [0.9167955597082903, -0.925202770355285, -1.0688410575613236, 1.0772482682083182], [1.719784693765344, -0.4656237434001011, -0.7526408053018694, -0.5015201450633735], [1.213441344302656, -0.8540745799892802, -1.110230397200776, 0.7508636328874004], [1.422297650592532, -0.788119616471549, -1.0764230140214708, 0.44224497990048783], [1.6629788416689402, -0.5545033844890075, -0.9482176413200609, -0.16025781585987167], [1.4914483538669678, -0.7623040370977309, -1.045438433073496, 0.31629411630425913], [1.6862882916342186, -0.5865868607194704, -0.8717657333264502, -0.227935697588298], [1.354815336118325, -0.8073601335470972, -1.0980308571480009, 0.5505756545767728], [1.0673614066087365, -0.9024157475787637, -1.0904834169724886, 0.9255377579425161]]
totts	27.469787886692007
withinss	[0.0, 0.001928193754174125, 0.0, 0.0, 0.009158733396676815, 0.05638373705778661, 0.00010669051958764304, 0.0, 0.0007362252116299821, 0.0048023362556590486, 0.007905029733878554, 0.0, 0.0012013954788784552, 0.030177995850741633, 0.006835942766560002, 0.01335788711561398, 0.008912423587639808, 0.004472632248467672, 0.0012524288740712096, 0.007679410231174388, 0.0030561106741316224]
tot.withinss	0.15796717275667155
betweenss	27.311820713935337
size	[1, 2, 1, 1, 3, 2, 2, 1, 2, 5, 4, 1, 2, 4, 4, 8, 4, 3, 3, 2, 5]
=====クラスタ数22個のとき＝＝＝＝＝
cluster	[20, 2, 9, 20, 20, 6, 21, 1, 7, 6, 12, 13, 6, 13, 8, 22, 17, 16, 13, 5, 3, 14, 7, 13, 7, 15, 21, 17, 15, 14, 19, 18, 10, 12, 4, 4, 17, 2, 16, 2, 16, 10, 22, 1, 9, 18, 11, 22, 4, 17, 18, 2, 2, 2, 20, 2, 4, 4, 2, 2]
centers	[[1.1309088904550477, -0.8884670884449513, -1.0962383889717628, 0.8537965869616665], [1.4042445852037446, -0.7905530472392064, -1.0847711615413198, 0.4710796235767815], [1.6708175687258928, -0.703532913957735, -0.8340637089663522, -0.13322094580180552], [1.0673614066087365, -0.9024157475787637, -1.0904834169724886, 0.9255377579425161], [1.7279145585374274, -0.5503957821213931, -0.6838922611049058, -0.4936265153111285], [1.6564698016698685, -0.6237119385494788, -0.9247451133757831, -0.1080127497446065], [1.6862882916342186, -0.5865868607194704, -0.8717657333264502, -0.227935697588298], [1.7165064445517624, -0.3827157611660309, -0.7607981596060808, -0.5729925237796508], [0.3633306672787984, -0.8730546390289624, -0.9591531069609744, 1.4688770787111385], [1.5494201615572574, -0.7099945953503505, -1.029044055086719, 0.1896184888798123], [1.6488162857530688, -0.5535608472859349, -0.9807460670564314, -0.11450937141070251], [1.6427787504691829, -0.630188424907321, -0.9485116489643834, -0.06407867659747851], [1.6998010717346603, -0.5005749129404959, -0.863291980394813, -0.33593417839935147], [1.593414636510973, -0.6800813795782936, -0.9956759890474184, 0.08234273211473933], [1.6223268675198197, -0.6483757909046626, -0.9734530165182234, -0.0004980600969337399], [1.6676996936408972, -0.5548175635566984, -0.9373748327412708, -0.17550729734292805], [1.4810389179360266, -0.7729029712517304, -1.0452051679540943, 0.3370692212697982], [0.7227533586360245, -0.9405911974110882, -1.0238070423525087, 1.2416448811275724], [1.031362312205004, -0.9438139585809767, -1.0541391196519054, 0.9665907660278782], [1.213441344302656, -0.8540745799892802, -1.110230397200776, 0.7508636328874004], [1.717358885986093, -0.4646917151564902, -0.7829364002482455, -0.46973077058135726], [0.9309146940612539, -0.9335004487111321, -1.0618650732881687, 1.064450827938047]]
totts	27.469787886692007
withinss	[0.001928193754174125, 0.04030685789239413, 0.0, 0.0030561106741316224, 0.0, 0.0008128051405700904, 0.0012524288740712096, 0.0, 0.05638373705778661, 0.0006359977975859864, 0.0, 0.0007202022082435524, 0.007905029733878554, 0.0007362252116299821, 0.00010669051958764304, 0.0044424435651669505, 0.012300870175023038, 0.009158733396676815, 0.0, 0.006835942766560002, 0.0022073258497759623, 0.00408523700902605]
tot.withinss	0.15287483162628232
betweenss	27.316913055065726
size	[2, 9, 1, 5, 1, 3, 3, 1, 2, 2, 1, 2, 4, 2, 2, 3, 4, 3, 1, 4, 2, 3]
=====クラスタ数23個のとき＝＝＝＝＝
cluster	[1, 10, 6, 1, 1, 5, 15, 23, 22, 5, 5, 14, 5, 11, 15, 12, 8, 2, 11, 15, 16, 21, 22, 14, 22, 3, 15, 18, 3, 21, 13, 7, 17, 5, 9, 9, 20, 19, 2, 4, 2, 17, 12, 23, 6, 7, 2, 12, 9, 8, 7, 4, 19, 19, 1, 19, 9, 9, 18, 4]
centers	[[1.213441344302656, -0.8540745799892802, -1.110230397200776, 0.7508636328874004], [1.6629788416689402, -0.5545033844890075, -0.9482176413200609, -0.16025781585987167], [1.6223268675198197, -0.6483757909046626, -0.9734530165182234, -0.0004980600969337399], [1.4269760449043754, -0.7740940051673443, -1.0850988302911417, 0.43221679055411055], [1.6509933811895945, -0.6263025330926156, -0.9342517276112232, -0.0904391204857553], [0.3633306672787984, -0.8730546390289624, -0.9591531069609744, 1.4688770787111385], [0.7227533586360245, -0.9405911974110882, -1.0238070423525087, 1.2416448811275724], [1.4835168334754372, -0.7765491543607459, -1.0411703770942702, 0.3342026979795788], [1.0673614066087365, -0.9024157475787637, -1.0904834169724886, 0.9255377579425161], [1.329317852078503, -0.7788179018856879, -1.133979160074601, 0.5834792098817857], [1.7010325905917039, -0.4716250543937366, -0.8674696617967432, -0.36193787440122405], [0.9309146940612539, -0.9335004487111321, -1.0618650732881687, 1.064450827938047], [1.031362312205004, -0.9438139585809767, -1.0541391196519054, 0.9665907660278782], [1.698569552877617, -0.5295247714872553, -0.8591142989928826, -0.30993048239747895], [1.719784693765344, -0.4656237434001011, -0.7526408053018694, -0.5015201450633735], [1.6708175687258928, -0.703532913957735, -0.8340637089663522, -0.13322094580180552], [1.5494201615572574, -0.7099945953503505, -1.029044055086719, 0.1896184888798123], [1.4442187171043266, -0.8048470206456251, -1.0483549887414934, 0.40898329228279195], [1.397332113994156, -0.802220810046904, -1.0803650495091888, 0.4852537455619368], [1.5073113946500285, -0.7338138025717006, -1.0539745450319475, 0.28047695295361974], [1.593414636510973, -0.6800813795782936, -0.9956759890474184, 0.08234273211473933], [1.6862882916342186, -0.5865868607194704, -0.8717657333264502, -0.227935697588298], [1.1309088904550477, -0.8884670884449513, -1.0962383889717628, 0.8537965869616665]]
totts	27.469787886692007
withinss	[0.006835942766560002, 0.008912423587639808, 0.00010669051958764304, 0.0008010386908366687, 0.0048023362556590486, 0.05638373705778661, 0.009158733396676815, 0.0008440363623373833, 0.0030561106741316224, 0.0, 0.0011105894982987989, 0.00408523700902605, 0.0, 0.0006614155306738968, 0.030177995850741633, 0.0, 0.0006359977975859864, 0.0002761094754900717, 0.00497958938172575, 0.0, 0.0007362252116299821, 0.0012524288740712096, 0.001928193754174125]
tot.withinss	0.1367448316946331
betweenss	27.333043054997376
size	[4, 4, 2, 3, 5, 2, 3, 2, 5, 1, 2, 3, 1, 2, 4, 1, 2, 2, 4, 1, 2, 3, 2]
=====クラスタ数24個のとき＝＝＝＝＝
cluster	[16, 22, 11, 16, 16, 17, 5, 10, 20, 17, 7, 9, 17, 9, 5, 3, 14, 12, 9, 5, 24, 21, 20, 9, 20, 6, 5, 15, 6, 21, 23, 4, 1, 7, 18, 18, 14, 8, 12, 2, 13, 1, 3, 10, 11, 4, 19, 3, 18, 14, 4, 2, 2, 2, 16, 8, 18, 18, 15, 2]
centers	[[1.5494201615572574, -0.7099945953503505, -1.029044055086719, 0.1896184888798123], [1.4186079655151127, -0.7788976140198057, -1.086494997615372, 0.4467846461200648], [0.9309146940612539, -0.9335004487111321, -1.0618650732881687, 1.064450827938047], [0.7227533586360245, -0.9405911974110882, -1.0238070423525087, 1.2416448811275724], [1.719784693765344, -0.4656237434001011, -0.7526408053018694, -0.5015201450633735], [1.6223268675198197, -0.6483757909046626, -0.9734530165182234, -0.0004980600969337399], [1.6427787504691829, -0.630188424907321, -0.9485116489643834, -0.06407867659747851], [1.388608381557093, -0.8183385927953103, -1.0721408504166603, 0.5018710616548774], [1.6998010717346603, -0.5005749129404959, -0.863291980394813, -0.33593417839935147], [1.1309088904550477, -0.8884670884449513, -1.0962383889717628, 0.8537965869616665], [0.3633306672787984, -0.8730546390289624, -0.9591531069609744, 1.4688770787111385], [1.664655291994972, -0.5721018859115008, -0.9365536569178008, -0.15599974916567033], [1.6737884969327477, -0.5202489188470935, -0.9390171843882107, -0.21452239369744347], [1.4914483538669678, -0.7623040370977309, -1.045438433073496, 0.31629411630425913], [1.4442187171043266, -0.8048470206456251, -1.0483549887414934, 0.40898329228279195], [1.213441344302656, -0.8540745799892802, -1.110230397200776, 0.7508636328874004], [1.6564698016698685, -0.6237119385494788, -0.9247451133757831, -0.1080127497446065], [1.0673614066087365, -0.9024157475787637, -1.0904834169724886, 0.9255377579425161], [1.6488162857530688, -0.5535608472859349, -0.9807460670564314, -0.11450937141070251], [1.6862882916342186, -0.5865868607194704, -0.8717657333264502, -0.227935697588298], [1.593414636510973, -0.6800813795782936, -0.9956759890474184, 0.08234273211473933], [1.329317852078503, -0.7788179018856879, -1.133979160074601, 0.5834792098817857], [1.031362312205004, -0.9438139585809767, -1.0541391196519054, 0.9665907660278782], [1.6708175687258928, -0.703532913957735, -0.8340637089663522, -0.13322094580180552]]
totts	27.469787886692007
withinss	[0.0006359977975859864, 0.0039102359973399, 0.00408523700902605, 0.009158733396676815, 0.030177995850741633, 0.00010669051958764304, 0.0007202022082435524, 0.001456289104855891, 0.007905029733878554, 0.001928193754174125, 0.05638373705778661, 0.0003070338875618401, 0.0, 0.004472632248467672, 0.0002761094754900717, 0.006835942766560002, 0.0008128051405700904, 0.0030561106741316224, 0.0, 0.0012524288740712096, 0.0007362252116299821, 0.0, 0.0, 0.0]
tot.withinss	0.13421763070837925
betweenss	27.33557025598363
size	[2, 5, 3, 3, 4, 2, 2, 2, 4, 2, 2, 2, 1, 3, 2, 4, 3, 5, 1, 3, 2, 1, 1, 1]
=====クラスタ数25個のとき＝＝＝＝＝
cluster	[7, 24, 16, 7, 7, 22, 10, 8, 3, 22, 22, 17, 22, 17, 5, 12, 19, 6, 17, 13, 9, 21, 3, 17, 3, 21, 10, 18, 21, 21, 2, 12, 15, 22, 2, 2, 4, 14, 6, 20, 1, 15, 12, 8, 16, 16, 6, 12, 2, 11, 16, 23, 20, 25, 7, 25, 2, 2, 18, 23]
centers	[[1.6737884969327477, -0.5202489188470935, -0.9390171843882107, -0.21452239369744347], [1.0613615575414475, -0.9093154494124661, -1.0844260340857248, 0.932379925956743], [1.6862882916342186, -0.5865868607194704, -0.8717657333264502, -0.227935697588298], [1.5073113946500285, -0.7338138025717006, -1.0539745450319475, 0.28047695295361974], [1.7165064445517624, -0.3827157611660309, -0.7607981596060808, -0.5729925237796508], [1.659375623247671, -0.5659215397029788, -0.9512844602973444, -0.14216962324734772], [1.213441344302656, -0.8540745799892802, -1.110230397200776, 0.7508636328874004], [1.1309088904550477, -0.8884670884449513, -1.0962383889717628, 0.8537965869616665], [1.6708175687258928, -0.703532913957735, -0.8340637089663522, -0.13322094580180552], [1.717358885986093, -0.4646917151564902, -0.7829364002482455, -0.46973077058135726], [1.4746157531852178, -0.7743704115657133, -1.0503680124292567, 0.35012267080975223], [0.8941764894689688, -0.9369890314540006, -1.0540341393281927, 1.0968466813132245], [1.7279145585374274, -0.5503957821213931, -0.6838922611049058, -0.4936265153111285], [1.3803128201581474, -0.8359023652085066, -1.0620825542214007, 0.51767209927176], [1.5494201615572574, -0.7099945953503505, -1.029044055086719, 0.1896184888798123], [0.5277398836933893, -0.9051070226521458, -0.9897965008828025, 1.3671636398415592], [1.6998010717346603, -0.5005749129404959, -0.863291980394813, -0.33593417839935147], [1.4442187171043266, -0.8048470206456251, -1.0483549887414934, 0.40898329228279195], [1.4924179137656566, -0.7787278971557784, -1.0319727417592837, 0.31828272514940537], [1.4176769446463164, -0.7947555415800625, -1.0744750496931355, 0.4515536466268816], [1.607870752015396, -0.6642285852414781, -0.9845645027828209, 0.04092233600890279], [1.6509933811895945, -0.6263025330926156, -0.9342517276112232, -0.0904391204857553], [1.4286334924147743, -0.7655658571902666, -1.0908328082591883, 0.42776517303468065], [1.329317852078503, -0.7788179018856879, -1.133979160074601, 0.5834792098817857], [1.3986614482047108, -0.787310046470242, -1.092029209392066, 0.48067780765759727]]
totts	27.469787886692007
withinss	[0.0, 0.008069447418011908, 0.0012524288740712096, 0.0, 0.0, 0.003153077082332937, 0.006835942766560002, 0.001928193754174125, 0.0, 0.0022073258497759623, 0.0, 0.03375740575474549, 0.0, 0.0, 0.0006359977975859864, 0.21375344576158187, 0.007905029733878554, 0.0002761094754900717, 0.0, 0.0003167631019328639, 0.010040534548558988, 0.0048023362556590486, 3.2007638560681844e-05, 0.0, 0.0006201901859031571]
tot.withinss	0.29558623599882283
betweenss	27.174201650693185
size	[1, 6, 3, 1, 1, 3, 4, 2, 1, 2, 1, 4, 1, 1, 2, 4, 4, 2, 1, 2, 4, 5, 2, 1, 2]
=====クラスタ数26個のとき＝＝＝＝＝
cluster	[5, 16, 15, 5, 5, 21, 22, 19, 23, 21, 9, 6, 21, 8, 12, 10, 26, 13, 8, 22, 24, 17, 23, 6, 23, 25, 12, 1, 25, 17, 11, 3, 4, 9, 11, 11, 18, 14, 13, 20, 2, 4, 10, 19, 15, 3, 13, 10, 11, 26, 3, 20, 7, 7, 5, 7, 11, 11, 1, 20]
centers	[[1.4442187171043266, -0.8048470206456251, -1.0483549887414934, 0.40898329228279195], [1.6737884969327477, -0.5202489188470935, -0.9390171843882107, -0.21452239369744347], [0.7227533586360245, -0.9405911974110882, -1.0238070423525087, 1.2416448811275724], [1.5494201615572574, -0.7099945953503505, -1.029044055086719, 0.1896184888798123], [1.213441344302656, -0.8540745799892802, -1.110230397200776, 0.7508636328874004], [1.698569552877617, -0.5295247714872553, -0.8591142989928826, -0.30993048239747895], [1.403005211939492, -0.7909936249930366, -1.0864592146051182, 0.4744476276586624], [1.7010325905917039, -0.4716250543937366, -0.8674696617967432, -0.36193787440122405], [1.6427787504691829, -0.630188424907321, -0.9485116489643834, -0.06407867659747851], [0.9309146940612539, -0.9335004487111321, -1.0618650732881687, 1.064450827938047], [1.0613615575414475, -0.9093154494124661, -1.0844260340857248, 0.932379925956743], [1.71720882225766, -0.41330017069616776, -0.7697715185980444, -0.5341371329634479], [1.659375623247671, -0.5659215397029788, -0.9512844602973444, -0.14216962324734772], [1.3803128201581474, -0.8359023652085066, -1.0620825542214007, 0.51767209927176], [0.3633306672787984, -0.8730546390289624, -0.9591531069609744, 1.4688770787111385], [1.329317852078503, -0.7788179018856879, -1.133979160074601, 0.5834792098817857], [1.593414636510973, -0.6800813795782936, -0.9956759890474184, 0.08234273211473933], [1.5073113946500285, -0.7338138025717006, -1.0539745450319475, 0.28047695295361974], [1.1309088904550477, -0.8884670884449513, -1.0962383889717628, 0.8537965869616665], [1.4269760449043754, -0.7740940051673443, -1.0850988302911417, 0.43221679055411055], [1.6564698016698685, -0.6237119385494788, -0.9247451133757831, -0.1080127497446065], [1.722360565273028, -0.5179473161040344, -0.7355100920056945, -0.468903157163299], [1.6862882916342186, -0.5865868607194704, -0.8717657333264502, -0.227935697588298], [1.6708175687258928, -0.703532913957735, -0.8340637089663522, -0.13322094580180552], [1.6223268675198197, -0.6483757909046626, -0.9734530165182234, -0.0004980600969337399], [1.4835168334754372, -0.7765491543607459, -1.0411703770942702, 0.3342026979795788]]
totts	27.469787886692007
withinss	[0.0002761094754900717, 0.0, 0.009158733396676815, 0.0006359977975859864, 0.006835942766560002, 0.0006614155306738968, 0.0012338522990808566, 0.0011105894982987989, 0.0007202022082435524, 0.00408523700902605, 0.008069447418011908, 0.005052324015654767, 0.003153077082332937, 0.0, 0.05638373705778661, 0.0, 0.0007362252116299821, 0.0, 0.001928193754174125, 0.0008010386908366687, 0.0008128051405700904, 0.008718789386137864, 0.0012524288740712096, 0.0, 0.00010669051958764304, 0.0008440363623373833]
tot.withinss	0.11257687349476722
betweenss	27.35721101319724
size	[2, 1, 3, 2, 4, 2, 3, 2, 2, 3, 6, 2, 3, 1, 2, 1, 2, 1, 2, 3, 3, 2, 3, 1, 2, 2]
=====クラスタ数27個のとき＝＝＝＝＝
cluster	[10, 20, 13, 26, 17, 11, 24, 4, 5, 11, 11, 16, 11, 16, 7, 9, 1, 23, 16, 21, 3, 25, 5, 16, 5, 25, 18, 2, 25, 25, 14, 8, 12, 11, 14, 14, 22, 27, 23, 6, 15, 12, 9, 4, 19, 8, 23, 9, 14, 1, 8, 6, 6, 6, 17, 27, 14, 14, 2, 6]
centers	[[1.4835168334754372, -0.7765491543607459, -1.0411703770942702, 0.3342026979795788], [1.4442187171043266, -0.8048470206456251, -1.0483549887414934, 0.40898329228279195], [1.6708175687258928, -0.703532913957735, -0.8340637089663522, -0.13322094580180552], [1.1309088904550477, -0.8884670884449513, -1.0962383889717628, 0.8537965869616665], [1.6862882916342186, -0.5865868607194704, -0.8717657333264502, -0.227935697588298], [1.4186079655151127, -0.7788976140198057, -1.086494997615372, 0.4467846461200648], [1.7165064445517624, -0.3827157611660309, -0.7607981596060808, -0.5729925237796508], [0.7227533586360245, -0.9405911974110882, -1.0238070423525087, 1.2416448811275724], [0.9309146940612539, -0.9335004487111321, -1.0618650732881687, 1.064450827938047], [1.2422451567304589, -0.8509287031987245, -1.105653564459948, 0.7143371109282134], [1.6509933811895945, -0.6263025330926156, -0.9342517276112232, -0.0904391204857553], [1.5494201615572574, -0.7099945953503505, -1.029044055086719, 0.1896184888798123], [0.22839934324319455, -0.8030148855201908, -0.9652714325300621, 1.5398869748070583], [1.0613615575414475, -0.9093154494124661, -1.0844260340857248, 0.932379925956743], [1.6737884969327477, -0.5202489188470935, -0.9390171843882107, -0.21452239369744347], [1.6998010717346603, -0.5005749129404959, -0.863291980394813, -0.33593417839935147], [1.1957006696596624, -0.87147774078475, -1.0997181815038233, 0.775495252628911], [1.7179111999635577, -0.44388458022630456, -0.778744877590008, -0.4952817421472451], [0.4982619913144023, -0.943094392537734, -0.9530347813918867, 1.3978671826152185], [1.329317852078503, -0.7788179018856879, -1.133979160074601, 0.5834792098817857], [1.7279145585374274, -0.5503957821213931, -0.6838922611049058, -0.4936265153111285], [1.5073113946500285, -0.7338138025717006, -1.0539745450319475, 0.28047695295361974], [1.659375623247671, -0.5659215397029788, -0.9512844602973444, -0.14216962324734772], [1.7168065720086285, -0.4854988500866759, -0.7871279229064831, -0.4441797990154695], [1.607870752015396, -0.6642285852414781, -0.9845645027828209, 0.04092233600890279], [1.22011888116084, -0.8224141351888963, -1.1358316613355104, 0.7381269153635666], [1.388608381557093, -0.8183385927953103, -1.0721408504166603, 0.5018710616548774]]
totts	27.469787886692007
withinss	[0.0008440363623373833, 0.0002761094754900717, 0.0, 0.001928193754174125, 0.0012524288740712096, 0.0039102359973399, 0.0, 0.009158733396676815, 0.00408523700902605, 0.0, 0.0048023362556590486, 0.0006359977975859864, 0.0, 0.008069447418011908, 0.0, 0.007905029733878554, 0.0001069806241788279, 0.0, 0.0, 0.0, 0.0, 0.0, 0.003153077082332937, 0.0, 0.010040534548558988, 0.0, 0.001456289104855891]
tot.withinss	0.0576246674341777
betweenss	27.41216321925783
size	[2, 2, 1, 2, 3, 5, 1, 3, 3, 1, 5, 2, 1, 6, 1, 4, 2, 1, 1, 1, 1, 1, 3, 1, 4, 1, 2]
=====クラスタ数28個のとき＝＝＝＝＝
cluster	[16, 27, 5, 16, 21, 17, 14, 11, 8, 17, 28, 6, 17, 6, 15, 1, 7, 17, 6, 22, 10, 12, 8, 6, 8, 28, 14, 26, 28, 12, 23, 25, 24, 28, 19, 4, 20, 18, 17, 13, 8, 24, 1, 11, 5, 25, 17, 1, 3, 7, 25, 2, 13, 9, 21, 9, 4, 3, 26, 2]
centers	[[0.9309146940612539, -0.9335004487111321, -1.0618650732881687, 1.064450827938047], [1.4286334924147743, -0.7655658571902666, -1.0908328082591883, 0.42776517303468065], [1.07857921962148, -0.9119882628224031, -1.0810369867227148, 0.9144460299236377], [1.0619234357212846, -0.885640379538005, -1.1060626083048222, 0.9297795521215425], [0.3633306672787984, -0.8730546390289624, -0.9591531069609744, 1.4688770787111385], [1.6998010717346603, -0.5005749129404959, -0.863291980394813, -0.33593417839935147], [1.4835168334754372, -0.7765491543607459, -1.0411703770942702, 0.3342026979795788], [1.6831633429588508, -0.5700023752513762, -0.8885785960918904, -0.22458237161558436], [1.3986614482047108, -0.787310046470242, -1.092029209392066, 0.48067780765759727], [1.6708175687258928, -0.703532913957735, -0.8340637089663522, -0.13322094580180552], [1.1309088904550477, -0.8884670884449513, -1.0962383889717628, 0.8537965869616665], [1.593414636510973, -0.6800813795782936, -0.9956759890474184, 0.08234273211473933], [1.4176769446463164, -0.7947555415800625, -1.0744750496931355, 0.4515536466268816], [1.717358885986093, -0.4646917151564902, -0.7829364002482455, -0.46973077058135726], [1.7165064445517624, -0.3827157611660309, -0.7607981596060808, -0.5729925237796508], [1.2311820189456495, -0.8366714191938104, -1.1207426128977291, 0.7262320131458899], [1.6579227124587697, -0.5948167391262288, -0.9380147868365638, -0.1250911864959771], [1.3803128201581474, -0.8359023652085066, -1.0620825542214007, 0.51767209927176], [1.0558017223581522, -0.9168214531730027, -1.07821789480737, 0.9392376256222204], [1.5073113946500285, -0.7338138025717006, -1.0539745450319475, 0.28047695295361974], [1.1957006696596624, -0.87147774078475, -1.0997181815038233, 0.775495252628911], [1.7279145585374274, -0.5503957821213931, -0.6838922611049058, -0.4936265153111285], [1.031362312205004, -0.9438139585809767, -1.0541391196519054, 0.9665907660278782], [1.5494201615572574, -0.7099945953503505, -1.029044055086719, 0.1896184888798123], [0.7227533586360245, -0.9405911974110882, -1.0238070423525087, 1.2416448811275724], [1.4442187171043266, -0.8048470206456251, -1.0483549887414934, 0.40898329228279195], [1.329317852078503, -0.7788179018856879, -1.133979160074601, 0.5834792098817857], [1.6325528089945012, -0.6392821079059917, -0.9609823327413034, -0.03228836834720613]]
totts	27.469787886692007
withinss	[0.00408523700902605, 3.2007638560681844e-05, 0.0001835343385306796, 0.00019045152855629076, 0.05638373705778661, 0.007905029733878554, 0.0008440363623373833, 0.00819716021703813, 0.0006201901859031571, 0.0, 0.001928193754174125, 0.0007362252116299821, 0.0003167631019328639, 0.0022073258497759623, 0.0, 0.0013896624927365057, 0.011794686633480246, 0.0, 0.0, 0.0, 0.0001069806241788279, 0.0, 0.0, 0.0006359977975859864, 0.009158733396676815, 0.0002761094754900717, 0.0, 0.006240519135971994]
tot.withinss	0.11323258154525093
betweenss	27.356555305146756
size	[3, 2, 2, 2, 2, 4, 2, 4, 2, 1, 2, 2, 2, 2, 1, 2, 6, 1, 1, 1, 2, 1, 1, 2, 3, 2, 1, 4]
=====クラスタ数29個のとき＝＝＝＝＝
cluster	[8, 14, 23, 8, 8, 1, 26, 27, 22, 1, 6, 24, 1, 24, 21, 19, 7, 13, 24, 2, 29, 10, 22, 24, 22, 25, 26, 3, 25, 4, 18, 11, 17, 6, 15, 9, 7, 5, 13, 12, 13, 17, 19, 27, 20, 11, 13, 19, 15, 7, 11, 16, 12, 28, 8, 28, 9, 15, 3, 16]
centers	[[1.6564698016698685, -0.6237119385494788, -0.9247451133757831, -0.1080127497446065], [1.7279145585374274, -0.5503957821213931, -0.6838922611049058, -0.4936265153111285], [1.4442187171043266, -0.8048470206456251, -1.0483549887414934, 0.40898329228279195], [1.5952199082557492, -0.6651150581451916, -1.0037303843377459, 0.07362553422718843], [1.3803128201581474, -0.8359023652085066, -1.0620825542214007, 0.51767209927176], [1.6427787504691829, -0.630188424907321, -0.9485116489643834, -0.06407867659747851], [1.4914483538669678, -0.7623040370977309, -1.045438433073496, 0.31629411630425913], [1.213441344302656, -0.8540745799892802, -1.110230397200776, 0.7508636328874004], [1.0619234357212846, -0.885640379538005, -1.1060626083048222, 0.9297795521215425], [1.5916093647661964, -0.6950477010113958, -0.9876215937570909, 0.09105993000229022], [0.7227533586360245, -0.9405911974110882, -1.0238070423525087, 1.2416448811275724], [1.4176769446463164, -0.7947555415800625, -1.0744750496931355, 0.4515536466268816], [1.6629788416689402, -0.5545033844890075, -0.9482176413200609, -0.16025781585987167], [1.329317852078503, -0.7788179018856879, -1.133979160074601, 0.5834792098817857], [1.070986720533704, -0.9135993262726029, -1.0800972894175997, 0.9227098951564985], [1.4286334924147743, -0.7655658571902666, -1.0908328082591883, 0.42776517303468065], [1.5494201615572574, -0.7099945953503505, -1.029044055086719, 0.1896184888798123], [1.031362312205004, -0.9438139585809767, -1.0541391196519054, 0.9665907660278782], [0.9309146940612539, -0.9335004487111321, -1.0618650732881687, 1.064450827938047], [0.4982619913144023, -0.943094392537734, -0.9530347813918867, 1.3978671826152185], [1.7165064445517624, -0.3827157611660309, -0.7607981596060808, -0.5729925237796508], [1.6862882916342186, -0.5865868607194704, -0.8717657333264502, -0.227935697588298], [0.22839934324319455, -0.8030148855201908, -0.9652714325300621, 1.5398869748070583], [1.6998010717346603, -0.5005749129404959, -0.863291980394813, -0.33593417839935147], [1.6223268675198197, -0.6483757909046626, -0.9734530165182234, -0.0004980600969337399], [1.717358885986093, -0.4646917151564902, -0.7829364002482455, -0.46973077058135726], [1.1309088904550477, -0.8884670884449513, -1.0962383889717628, 0.8537965869616665], [1.3986614482047108, -0.787310046470242, -1.092029209392066, 0.48067780765759727], [1.6708175687258928, -0.703532913957735, -0.8340637089663522, -0.13322094580180552]]
totts	27.469787886692007
withinss	[0.0008128051405700904, 0.0, 0.0002761094754900717, 0.0, 0.0, 0.0007202022082435524, 0.004472632248467672, 0.006835942766560002, 0.00019045152855629076, 0.0, 0.009158733396676815, 0.0003167631019328639, 0.008912423587639808, 0.0, 0.0009600307432341377, 3.2007638560681844e-05, 0.0006359977975859864, 0.0, 0.00408523700902605, 0.0, 0.0, 0.0012524288740712096, 0.0, 0.007905029733878554, 0.00010669051958764304, 0.0022073258497759623, 0.001928193754174125, 0.0006201901859031571, 0.0]
tot.withinss	0.05142919555993467
betweenss	27.418358691132074
size	[3, 1, 2, 1, 1, 2, 3, 4, 2, 1, 3, 2, 4, 1, 3, 2, 2, 1, 3, 1, 1, 3, 1, 4, 2, 2, 2, 2, 1]
##########################クラスタ数3個の時の平均##########################
cl[1] = [1.419033017622566, -0.24196811908374946, -0.5581239484188597, 1.7320455679536837]
cl[2] = [0.9282807754515299, -0.4512120255033858, -0.5624913032981989, 1.7320492043031595]
cl[3] = [1.6698556314525554, 0.338343420983475, -0.5481566396133059, 1.7320282316563915]
##########################クラスタ数3個の時の標準偏差##########################
cl[1] = [0.08850157642813784, 0.06091202689402057, 0.012217654733492707, 6.254201846889426e-06]
cl[2] = [0.25182370439851803, 0.05524523967341483, 0.013044484547069739, 2.0610960576783587e-06]
cl[3] = [0.03649614416093055, 0.4082212126125032, 0.019510400437890305, 3.566840944946268e-05]
##########################異常データ(標準化)##########################
[-0.0013725934855322922, -0.5195291974786523, -0.5731144029458809, 1.7320508009949525]
[0.13476257579818496, -0.45921021558462544, -0.5738368043810478, 1.7320507907592768]
[-0.1643704856412497, -0.5073025147436548, -0.5742793609622902, 1.7320508011883853]
[0.08349777062985742, -0.4666884874119266, -0.5751548803009563, 1.7320507923151323]
[0.5979738669385243, -0.3979038874279534, -0.571692017418496, 1.7320507201574844]

[0.5106189211113265, -0.4109759505455157, -0.5754323277347353, 1.7320507289793878]
[0.7011373857321986, -0.33852627362703824, -0.575341552800241, 1.7320506834607543]
[1.0048980144456228, -0.3341065582278499, -0.5681398853833123, 1.732050372732781]
[0.8080902098346474, -0.3770403757437533, -0.5732554108792117, 1.7320505356700728]
[0.8954423630079897, -0.3304277605811231, -0.5731097289626712, 1.7320504764514804]

[0.47753366927195706, -0.4498702955562684, -0.5680816887108948, 1.7320506177243074]
[0.743590459358751, -0.36720987896905266, -0.5696115110088625, 1.732050599599264]
[1.4837859934436466, -0.09893834245798629, -0.5723557575393989, 1.7320502817910721]
[0.5079861275826585, -0.4746049935376032, -0.5690083416519219, 1.7320507334048603]
[0.17971487988907608, -0.49365807916739873, -0.5703931530483808, 1.7320507833159429]

[0.8755948617968324, -0.39164927843015857, -0.5707839228304277, 1.7320506195129624]
[0.8188095082783938, -0.36581451124474984, -0.5738656094899675, 1.7320506077665927]
[-0.004608144606878922, -0.4923392337698674, -0.5741339084640843, 1.7320508047050132]
[1.1592114126284068, -0.3177617302820336, -0.5727438284985985, 1.7320502288399093]
[0.8183707582531662, -0.3856738017488196, -0.5692125517336349, 1.7320507144191508]

[1.0492031932807067, -0.3214237014408759, -0.5713097927534975, 1.7320506085435137]
[0.6554864411342904, -0.4107713497925918, -0.5717082583024224, 1.732050736210222]
[0.8268542455379265, -0.38210623941198124, -0.5707599700985627, 1.7320507102433875]
[0.7516014644534744, -0.4536060731751419, -0.5688608387604696, 1.7320506129036317]
[0.5918794911444115, -0.4351537772128965, -0.5696125677209646, 1.7320507151601718]

[1.0705360698945978, -0.33212899410119684, -0.5685109470771823, 1.732050530077213]
[0.984791637046583, -0.4766574856083794, -0.5719873006110806, 1.7320505837652331]
[0.7722633494649112, -0.42249235656272993, -0.5752256558351434, 1.7320506441908523]
[0.8167889440485241, -0.35317964489833503, -0.5744517299315544, 1.7320506703583498]
[1.0013518568597604, -0.40210806412595146, -0.5647064778722534, 1.7320506036837386]

[1.1137808019402717, -0.36384141831718975, -0.5719958808033989, 1.7320507112693253]
[0.547859439213649, -0.4589820004444586, -0.5723978663043507, 1.7320507161968641]
[1.3867007593287122, -0.1532241759918625, -0.5666225500282693, 1.7320501490978846]
[1.310340721530936, -0.19009324555819765, -0.5694405119974316, 1.7320503498408155]
[1.1993526179207339, -0.29458688587588183, -0.5732275739215147, 1.732050320178549]

[1.6914042923721284, 0.5864668037232681, -0.5588625939952108, 1.7320472801056919]
[1.6829946719932172, 0.42681434564674653, -0.556211848537172, 1.7320440571891003]
[1.69095513251991, 0.43344600542711603, -0.5509139355077511, 1.7320402468211331]
[1.6749837784660382, -0.047815510193772746, -0.5584056906426208, 1.7320480893021482]
[1.6448162153127137, 0.21156430658852746, -0.5579095920109081, 1.7320488085624832]

[1.623561564538612, 0.01838759200880545, -0.5728120594546161, 1.732048253146566]
[1.158092193783693, -0.38293297995938785, -0.5688039411366776, 1.7320506026064724]
[1.5973747528986297, 0.035271000113694134, -0.5644187444622908, 1.732049650434055]
[1.5753754060569556, -0.03525209363303282, -0.576468021622589, 1.732050180261083]
[1.379383943901385, 1.7186406681796387, -0.5655350819365336, 1.7320502055826756]

[1.3411285137116427, 1.6907710389987367, -0.5720977186975442, 1.7320505526103935]
[1.5103302058611299, -0.3865914325008787, -0.569373602115324, 1.7320501826718753]
[1.6663871181637222, -0.06678153775720319, -0.5699270658975347, 1.7320480908176883]
[1.7014225487764785, 0.3694227052182854, -0.5685692344703822, 1.7320468693393156]
[1.4132026151392978, -0.31663119396286143, -0.563491716122002, 1.7320501014221403]

[1.6545220065535926, -0.15836609449044864, -0.5666413436706572, 1.732047861058537]
[1.522860722521856, -0.47786512794169067, -0.5132746363632527, 1.7320455417145086]
[1.6731673089251378, 0.12793821545318576, -0.5347105665976447, 1.7320475612327053]
[1.7099722300675984, 0.7793772194317744, -0.5683601090872645, 1.7320462715866025]
[1.5945189602080325, 0.00245564917594663, -0.5606760507742967, 1.7320468572465202]

[1.6517173124607027, 0.21918370430437242, -0.5661201720060034, 1.7320477199950433]
[1.6386132652116072, 0.1084135852598381, -0.5601268545311276, 1.7320478770580585]
[1.253750934395372, -0.40079290794058486, -0.5680944088524891, 1.732049341506241]
[1.5087502255924012, -0.16066021731755822, -0.5685233955701966, 1.7320497568621522]
[1.4138135689853264, -0.30650825067597165, -0.5692012602635583, 1.7320499712116004]

##########################逸脱度##########################
4.05229352713661
3.3614339739806796
4.612403342152285
3.587241304386338
1.920924178023061

2.1937744008385676
2.5415723997205637
2.2571535697845224
1.7687634441916746
2.416737774080187

1.9642757745606465
1.8989830348086114
2.8238335613540957
1.9403276783932975
3.221863610569403

1.442837922865516
1.9499813561443382
3.95945611200558
2.7460696538698564
1.5492381942683169

2.5828370487334795
1.661629240942948
1.6317497702022783
1.0952701936652711
1.6445013121861476

2.364773042651285
1.1137263554247043
1.4474653516696725
2.165984944649935
1.1679200737126907

2.0271290119576646
1.8484387547190069
1.8101058946799182
1.917325916741123
3.00220568874578

1.1420869047468163
0.7374910654860527
0.7224634805046745
1.2249387579118727
1.0723122259553488

2.033556413603497
1.7477942271620284
2.355986195928112
3.166010436734775
8.714984601945297

9.695482047938302
2.6859216760773448
1.5965610297371962
1.4565611092543618
1.4917327961872355

1.6904208703953896
4.816713296467857
1.0210459092857191
1.9244665631324585
2.3711846876793645

1.2159156021599629
1.3152333888081067
1.640817743892747
1.9956380628530652
1.5632900151500004

##############################################################
タイムスロット0 = [16.74980015718874, 4.05229352713661, 45.86231796749746]
タイムスロット1 = [15.021592025089246, 3.3614339739806796, 42.132451735290594]
タイムスロット2 = [18.48026781246691, 4.612403342152285, 50.322548673830475]
タイムスロット3 = [15.619715223529141, 3.587241304386338, 43.537756844172364]
タイムスロット4 = [9.722891907411677, 1.920924178023061, 29.45651518180992]
タイムスロット5 = [10.758439086803874, 2.1937744008385676, 31.853203926830773]
タイムスロット6 = [8.424194187919904, 2.5415723997205637, 26.63868189822066]
タイムスロット7 = [5.044524623799113, 2.2571535697845224, 18.333416304776556]
タイムスロット8 = [7.398380946939415, 1.7687634441916746, 23.72061153825429]
タイムスロット9 = [6.26343133969753, 2.416737774080187, 21.32970659825051]
タイムスロット10 = [11.231098614966122, 1.9642757745606465, 32.74876006146613]
タイムスロット11 = [8.000379156688448, 1.8989830348086114, 25.470069950331034]
タイムスロット12 = [2.8238335613540957, 6.809668731242354, 5.390829507724404]
タイムスロット13 = [11.046784218179925, 1.9403276783932975, 31.921763861781216]
タイムスロット14 = [14.658483706902672, 3.221863610569403, 40.9016951254361]
タイムスロット15 = [6.7431100823880294, 1.442837922865516, 21.875995573985477]
タイムスロット16 = [7.241529353984511, 1.9499813561443382, 23.428007817520786]
タイムスロット17 = [16.67556716507722, 3.95945611200558, 45.94932469211563]
タイムスロット18 = [3.4863203168303545, 2.7460696538698564, 14.153451025851293]
タイムスロット19 = [7.289068340934933, 1.5492381942683169, 23.43148901652189]
タイムスロット20 = [4.580195191900103, 2.5828370487334795, 17.135258146833475]
タイムスロット21 = [9.166930399384025, 1.661629240942948, 27.887669344611446]
タイムスロット22 = [7.197948083965999, 1.6317497702022783, 23.20320399943418]
タイムスロット23 = [8.38860663315843, 1.0952701936652711, 25.265084006153696]
タイムスロット24 = [9.948455343675535, 1.6445013121861476, 29.624557430056747]
タイムスロット25 = [4.36452427692495, 2.364773042651285, 16.548134031450672]
タイムスロット26 = [6.391433351880326, 1.1137263554247043, 18.92658612005386]
タイムスロット27 = [8.050367955968708, 1.4474653516696725, 24.711667586534535]
タイムスロット28 = [7.21745392573133, 2.165984944649935, 23.48261288260489]
タイムスロット29 = [5.488522549990555, 1.1679200737126907, 18.43690323562863]
タイムスロット30 = [4.226709846448969, 2.0271290119576646, 15.394836517032493]
タイムスロット31 = [10.565605009336934, 1.8484387547190069, 30.836342426141357]
タイムスロット32 = [1.8101058946799182, 5.720013087164264, 7.932057045796303]
タイムスロット33 = [1.917325916741123, 5.023414049549831, 10.014381684504182]
タイムスロット34 = [3.00220568874578, 3.188567672640287, 13.062870818471607]
タイムスロット35 = [13.947191197250303, 19.05094196641882, 1.1420869047468163]
タイムスロット36 = [11.381016925190968, 16.3720932258365, 0.7374910654860527]
タイムスロット37 = [11.552664404571333, 16.890030887333282, 0.7224634805046745]
タイムスロット38 = [4.322809707434179, 7.9057662909364925, 1.2249387579118727]
タイムスロット39 = [7.887691529031058, 12.336292331783834, 1.0723122259553488]
タイムスロット40 = [5.023941100124277, 8.98424293172805, 2.033556413603497]
タイムスロット41 = [3.932060324941326, 1.7477942271620284, 14.186711744793335]
タイムスロット42 = [5.046596107229704, 9.201730608726375, 2.355986195928112]
タイムスロット43 = [4.175638802884264, 8.041527247605973, 3.166010436734775]
タイムスロット44 = [32.204918269993165, 39.321258320121025, 8.714984601945297]
タイムスロット45 = [31.77281358084078, 38.819409227649906, 9.695482047938302]
タイムスロット46 = [2.844946354462298, 2.6859216760773448, 4.880651531130819]
タイムスロット47 = [4.144787179966902, 7.591453704079819, 1.5965610297371962]
タイムスロット48 = [10.56892756545981, 15.217738579511092, 1.4565611092543618]
タイムスロット49 = [1.4917327961872355, 3.1365305657377323, 7.281601518593965]
タイムスロット50 = [3.095851966121978, 6.0779800035448295, 1.6904208703953896]
タイムスロット51 = [5.463493487693375, 4.816713296467857, 4.863325085001324]
タイムスロット52 = [6.992746022877394, 11.127417365133047, 1.0210459092857191]
タイムスロット53 = [17.107664868376613, 22.539730905633927, 1.9244665631324585]
タイムスロット54 = [4.485519630570607, 8.703486085944455, 2.3711846876793645]
タイムスロット55 = [8.048352350901268, 12.494192693312193, 1.2159156021599629]
タイムスロット56 = [6.277536471050014, 10.5365031132893, 1.3152333888081067]
タイムスロット57 = [3.3640113453977385, 1.640817743892747, 11.604452844616231]
タイムスロット58 = [1.9956380628530652, 5.767092734826196, 4.736484572488957]
タイムスロット59 = [1.5632900151500004, 3.3137910352718403, 7.297177575209897]
