##########################通常データ(標準化)##########################
[1.8045031479067497, -1.0052452387751818, 1.5814544307658003, 0.5483480869906026, 1.9999838997356294]
[1.4857354960778246, -0.4612090349582455, 1.9200749850204564, 1.9997634518307756, -0.96813341790942]
[1.6908976713497987, -0.31504096110107815, 1.991314743767119, 1.9984372546654878, -1.0564022935917419]
[1.3010137542037687, -0.5355844306148289, 1.8642803324434636, -0.04610703342891565, 1.9999782265326738]
[-0.47750306959609023, -0.5641345700970791, 1.9726568989634272, -0.019903747644868856, 1.9999015657073866]

[-0.5460166240602609, -0.1529599175612235, 1.9999990535885197, -0.29153783092419316, -0.22021659458110926]
[-0.49230069713087876, -0.3289893256682083, 1.9925348456531498, 1.9975169085061912, -0.5644726376828058]
[-0.20291677221436993, -0.23299795116846428, 1.9995926975987428, 1.9769018786900305, -0.6754793838167756]
[-0.5957270737877876, -0.34835205193057667, 1.9561087917090731, 1.9992791885050534, -0.5287832906627133]
[-0.5160257931467631, -0.5273326512953338, 1.94797707066038, 1.1662509448700658, 1.999910697283138]

[-0.5861360417114239, -0.4919352572377138, 1.916897792298714, 0.1327243402416185, 1.9999526840462503]
[-0.5794170853089015, -0.37287985497130854, 1.9945188894107744, 1.518821193853968, 1.9920897737655656]
[-0.6278976529076478, -0.3492373184342559, 1.9579221225268741, 1.9894891333594142, 1.9775024857016377]
[-0.6945243277696564, -0.3933565883221599, 1.9618002309112375, 0.140376277325947, 1.9999480610929332]
[-0.5876016232481183, -0.16312265332274548, 1.9997952141346425, 1.9739568423595066, -0.5793407644966934]

[-0.6658245357955233, -0.4163840251203759, 1.9530399824744276, 1.9996305790866105, -0.492944820439304]
[-0.5813325450599216, -0.3436000384654449, 1.9823898847795867, 1.9999245015787377, -0.5356389549965027]
[-0.5140898372851119, -0.5247457976965888, 1.9741438189783602, 1.201334346629977, 1.9996675484169515]
[-0.5369717353734218, -0.3366932407273089, 1.9985270760529938, 1.995529939488877, -0.5502993783681317]
[-0.5018923413193651, -0.44949255507831276, 1.9999998805121695, -0.22790538550288403, -0.17555201158027015]

[-0.5585794884115861, -0.2758031180735384, 1.998563874952359, 1.9934492643818076, -0.5598578574972174]
[-0.5854122647055602, -0.3429618570615832, 1.9963255671853122, 1.9983278037352683, -0.535454906468881]
[-0.5351520494509718, -0.26655366511421663, 1.9999984796223516, -0.26562400395389313, -0.20222877482924723]
[-0.5340274075270507, -0.6025028079176101, 1.8994425741486385, 1.9978466957697274, -0.4761660029279751]
[-0.5382403871387431, -0.4318907410781644, 1.9672469436663755, 1.999058946074292, -0.5236692728790742]

[-0.5722134456460473, -0.23664589096275826, 1.9992771582282407, -0.5174938467473724, 1.9966084537025461]
[-0.7910334032655765, -0.5696737811692076, 1.9330343653988258, 1.1996670611828502, 1.9999392698920888]
[-0.7242852357242276, -0.5605987197185978, 1.9409821736748258, 0.36418005860178804, 1.9999669789758332]
[-0.8580541025868073, -0.8267659682864801, 1.7791960394001833, 1.1504136990887308, 1.9998856720715688]
[-0.5659024863648123, -0.5222726710298194, 1.9937893769230377, 1.4159086844889557, 1.9998821510098408]

[-0.6173754330652711, -0.3127532825058085, 1.979619805344865, -0.02080759916594298, 1.999957515598014]
[-0.599440461594419, -0.4168478716800376, 1.9320935407535798, 1.9998825528058084, -0.5088933200087116]
[-0.5421824147249832, -0.4847665608024471, 1.996265163506497, 1.4778644282849838, 1.9967085747517688]
[-0.8200370957797252, -0.6180340582894741, 1.7201904180920504, -0.4319378988434787, 1.9999734089046282]
[-0.7433607262049463, -0.4292660260745834, 1.914372346739099, -0.45998805328640757, 1.9999881787235565]

[-0.5334304892830842, -0.30865231077533817, 1.9998659641897352, 1.7400862742257017, 1.8502113953577093]
[-0.6042223840832892, -0.6387112645086838, 1.8221007726050187, -0.19869616440291785, 1.9999863246700673]
[-0.5154766161427716, -0.38878412605701523, 1.9772517629017679, 1.9956000984298412, 1.9642382875532403]
[-0.7240074895831826, -0.5292190781742124, 1.90521568250481, -0.3997006682757941, 1.9999917716564493]
[-0.5867240310224889, -0.2660838601918447, 1.999017307058151, 1.956602253588785, 1.9194561530213723]

[-0.6006293760854289, -0.3699525548213535, 1.9899014570596392, 1.3109994677362558, 1.9997474527547996]
[-0.6450112990474405, -0.23089079699929604, 1.993092700867003, 1.9811123687565124, 1.989243159275487]
[-0.5881279809888369, -0.3007393564568809, 1.9936031113856976, 1.9647217983259397, 1.9893404944351551]
[-0.6119418897616893, -0.2893416179620764, 1.9896540862278764, 1.9955629187847663, 1.931725824295633]
[-0.6304722635723021, -0.2945654123972183, 1.9867235425856196, 1.9977749331469858, 1.769556130302842]

[-0.6440127362788091, -0.29883956757352037, 1.9905837337590553, -0.2905959123993611, 1.999657476768892]
[-0.7248247311612213, -0.438017291784972, 1.9363025314526068, 0.1728941220342228, 1.9999898048218856]
[-0.6100714240113294, -0.2650132644968339, 1.9945938009802684, 0.9542523742580735, 1.999867641993517]
[-0.7248528867799111, -0.47076879544546263, 1.926845311282279, -0.02032372480492766, 1.9999969822230588]
[-0.7295693682580469, -0.4904177244296174, 1.9450895756462467, -0.09657268990952374, 1.9999967850792535]

[-0.8783358843154199, -0.5761899770990178, 1.8681657796715168, 0.7904927847869493, 1.9999937653940587]
[-0.8055279807653007, -0.5424905931786035, 1.8691937678962725, -0.02655260855773102, 1.9999971720690888]
[-0.7660601369060227, -0.5164432259341095, 1.8844182706201091, -0.013590085901109947, 1.9999942967648894]
[-0.619323596142166, -0.3034122768733446, 1.9885979468597197, 0.6391948780806403, 1.999952967141884]
[-0.7772866895555501, -0.48532889918738875, 1.8699323614745929, -0.35766507029088945, 1.9999841296331455]

[-0.7933475623651507, -0.5316779050233141, 1.813825365546819, -0.2214028611590743, 1.9999963794726643]
[-0.8712621546166673, -0.7164814513897338, 1.7900633565968749, 0.17590317259987373, 1.9999950334835015]
[-0.8408177503739697, -0.6747631829556245, 1.5466164890789302, -0.4735210895472138, 1.9999959059863452]
[-0.736659730960852, -0.44044102172774474, 1.9354853063882012, -0.32744367092176485, 1.9999926974930042]
[-0.7816096225405978, -0.6217151806981508, 1.6646273582862465, -0.3896497305995268, 1.9999978446286362]

##########################クラスタ数##########################
3
##########################クラスタリング結果##########################
=====クラスタ数1個のとき＝＝＝＝＝
cluster	[1, 1, 1, 1, 1, 1, 1, 1, 1, 1, 1, 1, 1, 1, 1, 1, 1, 1, 1, 1, 1, 1, 1, 1, 1, 1, 1, 1, 1, 1, 1, 1, 1, 1, 1, 1, 1, 1, 1, 1, 1, 1, 1, 1, 1, 1, 1, 1, 1, 1, 1, 1, 1, 1, 1, 1, 1, 1, 1, 1]
centers	[-0.48921550271615594, -0.4890738305821349, 1.8592194878090351, -0.5290748751378951, -0.3518552793728491]
totts	39.663330910096775
withinss	39.66333091009682
tot.withinss	39.66333091009682
betweenss	-4.263256414560601e-14
size	60
=====クラスタ数2個のとき＝＝＝＝＝
cluster	[1, 1, 1, 1, 2, 2, 2, 2, 2, 2, 2, 2, 2, 2, 2, 2, 2, 2, 2, 2, 2, 2, 2, 2, 2, 2, 2, 2, 2, 2, 2, 2, 2, 2, 2, 2, 2, 2, 2, 2, 2, 2, 2, 2, 2, 2, 2, 2, 2, 2, 2, 2, 2, 2, 2, 2, 2, 2, 2, 2]
centers	[[1.5705375173845355, -0.892781363398027, 0.6949015415798727, -0.7345695361049176, -0.6380881594614636], [-0.6363407184376338, -0.46023757823814254, 1.9423850553968323, -0.514396685068822, -0.331410073652234]]
totts	39.663330910096775
withinss	[1.226865154193539, 13.213512014014883]
tot.withinss	14.440377168208421
betweenss	25.222953741888354
size	[4, 56]
=====クラスタ数3個のとき＝＝＝＝＝
cluster	[1, 1, 1, 1, 2, 2, 2, 2, 2, 2, 3, 2, 2, 2, 2, 2, 2, 2, 2, 2, 2, 2, 2, 2, 2, 2, 2, 3, 3, 2, 2, 2, 2, 3, 3, 2, 3, 2, 3, 2, 2, 2, 2, 2, 2, 2, 3, 2, 3, 3, 3, 3, 3, 2, 3, 3, 3, 3, 3, 3]
centers	[[1.5705375173845355, -0.892781363398027, 0.6949015415798727, -0.7345695361049176, -0.6380881594614636], [-0.5714816934658159, -0.3912725466473304, 1.980294073624611, -0.4451071911413038, -0.5724326423701613], [-0.7626451354880165, -0.5945379029149874, 1.8685622304269474, -0.6493288574539887, 0.13794966543004558]]
totts	39.663330910096775
withinss	[1.226865154193539, 2.699161417615818, 2.5215697053994237]
tot.withinss	6.447596277208781
betweenss	33.215734632887994
size	[4, 37, 19]
=====クラスタ数4個のとき＝＝＝＝＝
cluster	[3, 3, 3, 3, 1, 1, 1, 1, 4, 1, 2, 1, 4, 1, 1, 4, 4, 1, 1, 1, 1, 1, 1, 4, 4, 1, 1, 2, 2, 1, 1, 4, 1, 2, 2, 1, 2, 4, 2, 1, 1, 1, 1, 1, 1, 1, 2, 1, 2, 2, 2, 2, 2, 1, 2, 2, 2, 2, 2, 2]
centers	[[-0.5685122751131492, -0.37351101671052434, 1.9855396547355983, -0.517037925892721, -0.5264784370192042], [-0.7626451354880165, -0.5945379029149874, 1.8685622304269474, -0.6493288574539887, 0.13794966543004558], [1.5705375173845355, -0.892781363398027, 0.6949015415798727, -0.7345695361049176, -0.6380881594614636], [-0.5822458349942331, -0.4556580926682527, 1.961278842097284, -0.1843582776674168, -0.7390166367673816]]
totts	39.663330910096775
withinss	[1.461827112234193, 2.5215697053994237, 1.226865154193539, 0.2129378383669292]
tot.withinss	5.423199810194085
betweenss	34.24013109990269
size	[29, 19, 4, 8]
=====クラスタ数5個のとき＝＝＝＝＝
cluster	[5, 5, 5, 5, 2, 4, 4, 4, 3, 4, 2, 4, 3, 2, 4, 3, 3, 4, 4, 4, 4, 4, 4, 3, 3, 4, 2, 2, 2, 4, 4, 3, 4, 1, 2, 4, 1, 3, 2, 4, 4, 4, 4, 4, 4, 4, 2, 4, 2, 2, 2, 2, 2, 4, 2, 1, 1, 1, 2, 1]
centers	[[-0.7852160949599, -0.6734516202397183, 1.748312120087414, -0.7590203743013942, 0.4693759694135983], [-0.7338763628215148, -0.556618303005613, 1.9332543679059733, -0.5819703676056017, -0.06078933447324356], [-0.5822458349942331, -0.4556580926682527, 1.961278842097284, -0.1843582776674168, -0.7390166367673816], [-0.5586075068326923, -0.3531321950177635, 1.986976529170165, -0.5179115390391039, -0.5573252882806057], [1.5705375173845355, -0.892781363398027, 0.6949015415798727, -0.7345695361049176, -0.6380881594614636]]
totts	39.663330910096775
withinss	[0.4612656054017481, 1.1479079338686944, 0.2129378383669292, 0.9447292257538231, 1.226865154193539]
tot.withinss	3.993705757584734
betweenss	35.66962515251204
size	[6, 16, 8, 26, 4]
=====クラスタ数6個のとき＝＝＝＝＝
cluster	[3, 3, 3, 3, 6, 2, 2, 2, 5, 6, 4, 2, 5, 6, 2, 5, 5, 6, 2, 6, 2, 2, 2, 5, 5, 2, 6, 4, 4, 6, 6, 5, 6, 1, 4, 2, 1, 5, 4, 2, 6, 2, 2, 2, 2, 6, 4, 2, 4, 4, 4, 4, 4, 6, 4, 1, 1, 1, 4, 1]
centers	[[-0.7852160949599, -0.6734516202397183, 1.748312120087414, -0.7590203743013942, 0.4693759694135983], [-0.5530800684257229, -0.29643176268827187, 1.9838468453773843, -0.5187088730782394, -0.6156261411851505], [1.5705375173845355, -0.892781363398027, 0.6949015415798727, -0.7345695361049176, -0.6380881594614636], [-0.7522277695779164, -0.5581161872266502, 1.9240622813528854, -0.598702003524417, -0.015016321023901845], [-0.5822458349942331, -0.4556580926682527, 1.961278842097284, -0.1843582776674168, -0.7390166367673816], [-0.5903745679203362, -0.48270662657538216, 1.9879378013264013, -0.5146707507132363, -0.400185856117447]]
totts	39.663330910096775
withinss	[0.4612656054017481, 0.3829743228702114, 1.226865154193539, 0.8056680162089709, 0.2129378383669292, 0.4982493503335565]
tot.withinss	3.5879602873749548
betweenss	36.07537062272182
size	[6, 17, 4, 13, 8, 12]
=====クラスタ数7個のとき＝＝＝＝＝
cluster	[1, 1, 1, 1, 4, 3, 3, 3, 5, 4, 6, 3, 5, 4, 3, 5, 5, 4, 3, 4, 3, 3, 3, 5, 5, 3, 2, 6, 2, 4, 4, 5, 4, 7, 6, 3, 6, 5, 6, 3, 4, 3, 3, 3, 3, 4, 6, 3, 6, 6, 2, 6, 6, 4, 6, 6, 6, 7, 6, 7]
centers	[[1.5705375173845355, -0.892781363398027, 0.6949015415798727, -0.7345695361049176, -0.6380881594614636], [-0.8424744633892679, -0.7184346057350242, 1.9090531647675835, -0.24561758485009774, -0.10252651079319398], [-0.5530800684257229, -0.29643176268827187, 1.9838468453773843, -0.5187088730782394, -0.6156261411851505], [-0.5721328556162234, -0.4721020390519111, 1.9902530043536202, -0.5347851640840406, -0.41123294560144535], [-0.5822458349942331, -0.4556580926682527, 1.961278842097284, -0.1843582776674168, -0.7390166367673816], [-0.736528794191128, -0.5538901906247761, 1.9116986085900638, -0.6704112378247832, 0.049131614050623204], [-0.8141548228980975, -0.6619369195887962, 1.6580709771917805, -0.8360168037209729, 0.654037569016086]]
totts	39.663330910096775
withinss	[1.226865154193539, 0.17629447952153077, 0.3829743228702114, 0.36925824800045975, 0.2129378383669292, 0.6198399013918688, 0.0693085069291598]
tot.withinss	3.0574784512736985
betweenss	36.60585245882308
size	[4, 3, 17, 11, 8, 14, 3]
=====クラスタ数8個のとき＝＝＝＝＝
cluster	[7, 7, 7, 7, 6, 5, 8, 3, 1, 8, 6, 8, 1, 6, 5, 1, 8, 8, 8, 8, 5, 8, 5, 1, 1, 5, 2, 6, 2, 8, 5, 1, 8, 4, 6, 5, 4, 8, 6, 5, 8, 5, 8, 8, 8, 5, 6, 5, 6, 6, 2, 6, 6, 5, 6, 4, 4, 4, 6, 4]
centers	[[-0.5935262531251952, -0.4718300826105007, 1.9539517558462078, -0.13668086718331465, -0.7519145529271974], [-0.8424744633892679, -0.7184346057350242, 1.9090531647675835, -0.24561758485009774, -0.10252651079319398], [-0.20291677221436993, -0.34898526583171796, 1.960476052172298, -0.6766524271895527, -0.7319215869366573], [-0.7852160949599, -0.6734516202397183, 1.748312120087414, -0.7590203743013942, 0.4693759694135983], [-0.5879593533056312, -0.27259757576995425, 1.9832283024247168, -0.5766489836890217, -0.5460223896601101], [-0.7088152626904948, -0.5192760792988258, 1.9388392609379088, -0.6595902405491797, -0.051157678399408844], [1.5705375173845355, -0.892781363398027, 0.6949015415798727, -0.7345695361049176, -0.6380881594614636], [-0.5574783551313832, -0.42503767607158, 1.9912462852570945, -0.4349360534532224, -0.573794200600909]]
totts	39.663330910096775
withinss	[0.13871004877659274, 0.17629447952153077, 0.0, 0.4612656054017481, 0.19362432727950046, 0.40506964684998314, 1.226865154193539, 0.37634900539197924]
tot.withinss	2.9781782674148736
betweenss	36.6851526426819
size	[6, 3, 1, 6, 12, 13, 4, 15]
=====クラスタ数9個のとき＝＝＝＝＝
cluster	[2, 2, 2, 2, 6, 8, 8, 8, 4, 6, 7, 8, 4, 7, 8, 4, 4, 6, 8, 6, 8, 8, 8, 4, 4, 8, 1, 7, 3, 6, 8, 4, 6, 9, 7, 8, 5, 4, 5, 8, 8, 8, 8, 8, 8, 8, 7, 8, 7, 7, 1, 5, 5, 8, 5, 5, 5, 9, 7, 9]
centers	[[-0.8346846437904982, -0.613573627628299, 1.9419660814099897, -0.3343098470524686, -0.15939796293872438], [1.5705375173845355, -0.892781363398027, 0.6949015415798727, -0.7345695361049176, -0.6380881594614636], [-0.8580541025868073, -0.9281565619484745, 1.843227331482771, -0.06823306044535611, 0.011216393497866788], [-0.5822458349942331, -0.4556580926682527, 1.961278842097284, -0.1843582776674168, -0.7390166367673816], [-0.7631020568393091, -0.6025617070455828, 1.8745188625071196, -0.6906340892295185, 0.1817789906072908], [-0.519599323739521, -0.5636549785053326, 1.9945152586001687, -0.4824754835515686, -0.4287854728037465], [-0.7080266310712857, -0.49466453781855774, 1.9520721144086202, -0.6465180174899849, -0.10286292802879164], [-0.565890585943284, -0.3061784257675701, 1.9846028302450682, -0.5326194909983599, -0.579914327535855], [-0.8141548228980975, -0.6619369195887962, 1.6580709771917805, -0.8360168037209729, 0.654037569016086]]
totts	39.663330910096775
withinss	[0.03685180625449533, 1.226865154193539, 0.0, 0.2129378383669292, 0.2152823926599557, 0.10547350362501053, 0.11882732772016623, 0.5751915339619469, 0.0693085069291598]
tot.withinss	2.5607380637112027
betweenss	37.10259284638557
size	[2, 4, 1, 8, 7, 6, 8, 21, 3]
=====クラスタ数10個のとき＝＝＝＝＝
cluster	[8, 8, 8, 8, 9, 2, 2, 2, 3, 9, 5, 2, 3, 5, 2, 3, 3, 9, 2, 9, 2, 2, 2, 3, 3, 2, 4, 5, 4, 9, 6, 3, 9, 10, 7, 2, 1, 3, 7, 2, 2, 2, 2, 2, 2, 6, 5, 2, 5, 5, 4, 7, 7, 6, 7, 1, 1, 10, 5, 10]
centers	[[-0.7562773670217023, -0.6849663208906405, 1.8385532629830472, -0.6820239448818154, 0.2847143698111106], [-0.5557216966290399, -0.3023213774065864, 1.9845232533898525, -0.5169110343041328, -0.6095691450500941], [-0.5822458349942331, -0.4556580926682527, 1.961278842097284, -0.1843582776674168, -0.7390166367673816], [-0.8424744633892679, -0.7184346057350242, 1.9090531647675835, -0.24561758485009774, -0.10252651079319398], [-0.7029789031950485, -0.5029561425900027, 1.956561250165661, -0.6312387415740964, -0.11938746280651337], [-0.6269039218287488, -0.32932071593347223, 1.9850802913763645, -0.6268702311637232, -0.4019854224504204], [-0.7632486046030006, -0.5199312582131204, 1.905324082542006, -0.7083679477724778, 0.08622372804659281], [1.5705375173845355, -0.892781363398027, 0.6949015415798727, -0.7345695361049176, -0.6380881594614636], [-0.519599323739521, -0.5636549785053326, 1.9945152586001687, -0.4824754835515686, -0.4287854728037465], [-0.8141548228980975, -0.6619369195887962, 1.6580709771917805, -0.8360168037209729, 0.654037569016086]]
totts	39.663330910096775
withinss	[0.0971059463446772, 0.4080793937617571, 0.2129378383669292, 0.17629447952153077, 0.0840569765310251, 0.01031102718007343, 0.03821757040156445, 1.226865154193539, 0.10547350362501053, 0.0693085069291598]
tot.withinss	2.4286503968552666
betweenss	37.23468051324151
size	[3, 18, 8, 3, 7, 3, 5, 4, 6, 3]
=====クラスタ数11個のとき＝＝＝＝＝
cluster	[2, 10, 10, 10, 9, 11, 8, 11, 4, 9, 6, 11, 4, 6, 11, 4, 8, 9, 11, 9, 11, 8, 11, 4, 4, 11, 1, 6, 1, 9, 11, 4, 9, 5, 7, 11, 3, 8, 7, 11, 11, 8, 8, 8, 8, 11, 6, 11, 6, 6, 1, 7, 7, 11, 7, 3, 3, 5, 6, 5]
centers	[[-0.8424744633892679, -0.7184346057350242, 1.9090531647675835, -0.24561758485009774, -0.10252651079319398], [1.8045031479067497, -1.0872252627943084, 0.21728350348563813, -0.6645051878594238, -0.27005620073865566], [-0.7562773670217023, -0.6849663208906405, 1.8385532629830472, -0.6820239448818154, 0.2847143698111106], [-0.5935262531251952, -0.4718300826105007, 1.9539517558462078, -0.13668086718331465, -0.7519145529271974], [-0.8141548228980975, -0.6619369195887962, 1.6580709771917805, -0.8360168037209729, 0.654037569016086], [-0.7029789031950485, -0.5029561425900027, 1.956561250165661, -0.6312387415740964, -0.11938746280651337], [-0.7632486046030006, -0.5199312582131204, 1.905324082542006, -0.7083679477724778, 0.08622372804659281], [-0.5812594445511751, -0.33880033213764693, 1.9844462938648282, -0.4024331811325236, -0.6619533360434825], [-0.519599323739521, -0.5636549785053326, 1.9945152586001687, -0.4824754835515686, -0.4287854728037465], [1.492548973877131, -0.8279667302659331, 0.8541075542779509, -0.7579243188534157, -0.7607654790357329], [-0.5553623939734836, -0.30224190198005413, 1.9845072857285895, -0.5746883253429879, -0.552214664432064]]
totts	39.663330910096775
withinss	[0.17629447952153077, 0.0, 0.0971059463446772, 0.13871004877659274, 0.0693085069291598, 0.0840569765310251, 0.03821757040156445, 0.07352012363271192, 0.10547350362501053, 0.6121666580235566, 0.4011835505748182]
tot.withinss	1.7960373643606473
betweenss	37.867293545736125
size	[3, 1, 3, 6, 3, 7, 5, 8, 6, 3, 15]
=====クラスタ数12個のとき＝＝＝＝＝
cluster	[10, 3, 3, 3, 5, 6, 6, 11, 2, 5, 4, 6, 2, 4, 6, 2, 2, 5, 6, 5, 6, 6, 6, 1, 2, 6, 7, 4, 7, 5, 9, 2, 5, 12, 4, 6, 8, 2, 8, 6, 6, 6, 6, 6, 6, 9, 4, 6, 4, 4, 7, 8, 8, 9, 8, 8, 8, 12, 4, 12]
centers	[[-0.5340274075270507, -0.6709575120211662, 1.9135982103052647, 0.06504179963470483, -0.7736550903917528], [-0.5891341817752592, -0.4249010327606936, 1.9680903609247156, -0.21998686013914842, -0.7340682862496143], [1.492548973877131, -0.8279667302659331, 0.8541075542779509, -0.7579243188534157, -0.7607654790357329], [-0.7080266310712857, -0.49466453781855774, 1.9520721144086202, -0.6465180174899849, -0.10286292802879164], [-0.519599323739521, -0.5636549785053326, 1.9945152586001687, -0.4824754835515686, -0.4287854728037465], [-0.5764749274769616, -0.2995764427933434, 1.9859377946379444, -0.5075144817814611, -0.6023719425861785], [-0.8424744633892679, -0.7184346057350242, 1.9090531647675835, -0.24561758485009774, -0.10252651079319398], [-0.7631020568393091, -0.6025617070455828, 1.8745188625071196, -0.6906340892295185, 0.1817789906072908], [-0.6269039218287488, -0.32932071593347223, 1.9850802913763645, -0.6268702311637232, -0.4019854224504204], [1.8045031479067497, -1.0872252627943084, 0.21728350348563813, -0.6645051878594238, -0.27005620073865566], [-0.20291677221436993, -0.34898526583171796, 1.960476052172298, -0.6766524271895527, -0.7319215869366573], [-0.8141548228980975, -0.6619369195887962, 1.6580709771917805, -0.8360168037209729, 0.654037569016086]]
totts	39.663330910096775
withinss	[0.0, 0.08224924362751462, 0.6121666580235566, 0.11882732772016623, 0.10547350362501053, 0.23049929925887058, 0.17629447952153077, 0.2152823926599557, 0.01031102718007343, 0.0, 0.0, 0.0693085069291598]
tot.withinss	1.6204124385458383
betweenss	38.042918471550934
size	[1, 7, 3, 8, 6, 17, 3, 7, 3, 1, 1, 3]
=====クラスタ数13個のとき＝＝＝＝＝
cluster	[11, 11, 11, 11, 9, 13, 8, 3, 6, 9, 2, 4, 6, 12, 13, 6, 8, 9, 1, 4, 1, 8, 1, 6, 6, 13, 5, 2, 5, 4, 12, 6, 4, 7, 2, 1, 10, 8, 2, 1, 4, 8, 8, 8, 8, 12, 2, 1, 2, 2, 5, 10, 2, 12, 10, 10, 10, 7, 2, 7]
centers	[[-0.560154869592147, -0.30116596252327094, 1.9888692050130456, -0.5435267860247791, -0.5840215868728483], [-0.7177507052544261, -0.5145356448484618, 1.9411344684433591, -0.6590499808297259, -0.04979813751074537], [-0.20291677221436993, -0.34898526583171796, 1.960476052172298, -0.6766524271895527, -0.7319215869366573], [-0.5580047407606982, -0.4589474902573129, 1.9977256027571488, -0.47592525978008127, -0.5048481119590565], [-0.8424744633892679, -0.7184346057350242, 1.9090531647675835, -0.24561758485009774, -0.10252651079319398], [-0.5935262531251952, -0.4718300826105007, 1.9539517558462078, -0.13668086718331465, -0.7519145529271974], [-0.8141548228980975, -0.6619369195887962, 1.6580709771917805, -0.8360168037209729, 0.654037569016086], [-0.5812594445511751, -0.33880033213764693, 1.9844462938648282, -0.4024331811325236, -0.6619533360434825], [-0.5025395666759884, -0.6289291229168642, 1.990262877421492, -0.49502049395027287, -0.3637736938783667], [-0.7703293542771916, -0.6247283730221417, 1.8587140608541328, -0.6908615004158861, 0.22720516686108666], [1.5705375173845355, -0.892781363398027, 0.6949015415798727, -0.7345695361049176, -0.6380881594614636], [-0.6438090233139756, -0.35218693273027324, 1.9824173266717486, -0.625359032117679, -0.36106233850982095], [-0.5686105643181422, -0.1966967973079635, 1.9754506783666574, -0.6106887212912031, -0.599454595449349]]
totts	39.663330910096775
withinss	[0.020533736283042066, 0.13731515079360818, 0.0, 0.02856928759162177, 0.17629447952153077, 0.13871004877659274, 0.0693085069291598, 0.07352012363271192, 0.04013769372411597, 0.16288692628934032, 1.226865154193539, 0.04022366993537265, 0.00990146129303748]
tot.withinss	2.1242662389636724
betweenss	37.539064671133104
size	[6, 9, 1, 5, 3, 6, 3, 8, 3, 5, 4, 4, 3]
=====クラスタ数14個のとき＝＝＝＝＝
cluster	[3, 3, 3, 3, 1, 2, 13, 4, 5, 1, 7, 14, 5, 6, 2, 5, 13, 1, 8, 14, 8, 13, 8, 5, 5, 2, 9, 7, 9, 14, 6, 5, 14, 10, 7, 8, 11, 13, 7, 8, 14, 13, 13, 13, 13, 6, 7, 8, 7, 7, 9, 11, 7, 6, 11, 11, 11, 12, 7, 10]
centers	[[-0.5025395666759884, -0.6289291229168642, 1.990262877421492, -0.49502049395027287, -0.3637736938783667], [-0.5686105643181422, -0.1966967973079635, 1.9754506783666574, -0.6106887212912031, -0.599454595449349], [1.5705375173845355, -0.892781363398027, 0.6949015415798727, -0.7345695361049176, -0.6380881594614636], [-0.20291677221436993, -0.34898526583171796, 1.960476052172298, -0.6766524271895527, -0.7319215869366573], [-0.5935262531251952, -0.4718300826105007, 1.9539517558462078, -0.13668086718331465, -0.7519145529271974], [-0.6438090233139756, -0.35218693273027324, 1.9824173266717486, -0.625359032117679, -0.36106233850982095], [-0.7177507052544261, -0.5145356448484618, 1.9411344684433591, -0.6590499808297259, -0.04979813751074537], [-0.560154869592147, -0.30116596252327094, 1.9888692050130456, -0.5435267860247791, -0.5840215868728483], [-0.8424744633892679, -0.7184346057350242, 1.9090531647675835, -0.24561758485009774, -0.10252651079319398], [-0.8008233591601615, -0.649789265555454, 1.7098759562020285, -0.8280385022551477, 0.568775170768735], [-0.7703293542771916, -0.6247283730221417, 1.8587140608541328, -0.6908615004158861, 0.22720516686108666], [-0.8408177503739697, -0.6862322276554802, 1.5544610191712849, -0.8519734066526236, 0.8245623655107882], [-0.5812594445511751, -0.33880033213764693, 1.9844462938648282, -0.4024331811325236, -0.6619533360434825], [-0.5580047407606982, -0.4589474902573129, 1.9977256027571488, -0.47592525978008127, -0.5048481119590565]]
totts	39.663330910096775
withinss	[0.04013769372411597, 0.00990146129303748, 1.226865154193539, 0.0, 0.13871004877659274, 0.04022366993537265, 0.13731515079360818, 0.020533736283042066, 0.17629447952153077, 0.007254232189171497, 0.16288692628934032, 0.0, 0.07352012363271192, 0.02856928759162177]
tot.withinss	2.0622119642236845
betweenss	37.60111894587309
size	[3, 3, 4, 1, 6, 4, 9, 6, 3, 2, 5, 1, 8, 5]
=====クラスタ数15個のとき＝＝＝＝＝
cluster	[15, 15, 15, 15, 4, 11, 2, 6, 8, 10, 4, 7, 8, 14, 11, 8, 2, 10, 3, 7, 3, 2, 3, 8, 8, 11, 1, 14, 1, 10, 13, 8, 7, 12, 5, 3, 9, 2, 5, 3, 7, 2, 2, 2, 2, 13, 14, 3, 14, 14, 1, 5, 5, 13, 5, 9, 9, 12, 14, 12]
centers	[[-0.8424744633892679, -0.7184346057350242, 1.9090531647675835, -0.24561758485009774, -0.10252651079319398], [-0.5812594445511751, -0.33880033213764693, 1.9844462938648282, -0.4024331811325236, -0.6619533360434825], [-0.560154869592147, -0.30116596252327094, 1.9888692050130456, -0.5435267860247791, -0.5840215868728483], [-0.531819555653757, -0.61080457045791, 1.9698184695190477, -0.6485576765011927, -0.17863666690618807], [-0.7632486046030006, -0.5199312582131204, 1.905324082542006, -0.7083679477724778, 0.08622372804659281], [-0.20291677221436993, -0.34898526583171796, 1.960476052172298, -0.6766524271895527, -0.7319215869366573], [-0.5560303043596697, -0.43929771296371234, 1.9977558233413875, -0.4875255314701225, -0.5149022745478831], [-0.5935262531251952, -0.4718300826105007, 1.9539517558462078, -0.13668086718331465, -0.7519145529271974], [-0.7562773670217023, -0.6849663208906405, 1.8385532629830472, -0.6820239448818154, 0.2847143698111106], [-0.5320060389322291, -0.598031408831064, 1.9953440414538361, -0.43347448587082127, -0.43183210781972187], [-0.5686105643181422, -0.1966967973079635, 1.9754506783666574, -0.6106887212912031, -0.599454595449349], [-0.8141548228980975, -0.6619369195887962, 1.6580709771917805, -0.8360168037209729, 0.654037569016086], [-0.6269039218287488, -0.32932071593347223, 1.9850802913763645, -0.6268702311637232, -0.4019854224504204], [-0.7224527134423192, -0.48822059981721894, 1.956442173407449, -0.6226196725457602, -0.1231491876021505], [1.5705375173845355, -0.892781363398027, 0.6949015415798727, -0.7345695361049176, -0.6380881594614636]]
totts	39.663330910096775
withinss	[0.17629447952153077, 0.07352012363271192, 0.020533736283042066, 0.022725631123253008, 0.03821757040156445, 0.0, 0.016055976617244807, 0.13871004877659274, 0.0971059463446772, 0.010653196742541738, 0.00990146129303748, 0.0693085069291598, 0.01031102718007343, 0.05529459491174215, 1.226865154193539]
tot.withinss	1.9654974539507104
betweenss	37.697833456146064
size	[3, 8, 6, 2, 5, 1, 4, 6, 3, 3, 3, 3, 3, 6, 4]
=====クラスタ数16個のとき＝＝＝＝＝
cluster	[3, 3, 3, 3, 11, 1, 5, 10, 14, 16, 11, 12, 14, 9, 1, 14, 5, 16, 7, 12, 7, 15, 7, 14, 14, 1, 2, 9, 2, 16, 8, 14, 12, 4, 6, 7, 13, 5, 6, 7, 12, 15, 15, 15, 15, 8, 9, 7, 9, 9, 2, 6, 6, 8, 6, 13, 13, 4, 9, 4]
centers	[[-0.5686105643181422, -0.1966967973079635, 1.9754506783666574, -0.6106887212912031, -0.599454595449349], [-0.8424744633892679, -0.7184346057350242, 1.9090531647675835, -0.24561758485009774, -0.10252651079319398], [1.5705375173845355, -0.892781363398027, 0.6949015415798727, -0.7345695361049176, -0.6380881594614636], [-0.8141548228980975, -0.6619369195887962, 1.6580709771917805, -0.8360168037209729, 0.654037569016086], [-0.5297032861111907, -0.39596536516574227, 1.9854548429627694, -0.36687941779228206, -0.6929067738935545], [-0.7632486046030006, -0.5199312582131204, 1.905324082542006, -0.7083679477724778, 0.08622372804659281], [-0.560154869592147, -0.30116596252327094, 1.9888692050130456, -0.5435267860247791, -0.5840215868728483], [-0.6269039218287488, -0.32932071593347223, 1.9850802913763645, -0.6268702311637232, -0.4019854224504204], [-0.7224527134423192, -0.48822059981721894, 1.956442173407449, -0.6226196725457602, -0.1231491876021505], [-0.20291677221436993, -0.34898526583171796, 1.960476052172298, -0.6766524271895527, -0.7319215869366573], [-0.531819555653757, -0.61080457045791, 1.9698184695190477, -0.6485576765011927, -0.17863666690618807], [-0.5560303043596697, -0.43929771296371234, 1.9977558233413875, -0.4875255314701225, -0.5149022745478831], [-0.7562773670217023, -0.6849663208906405, 1.8385532629830472, -0.6820239448818154, 0.2847143698111106], [-0.5935262531251952, -0.4718300826105007, 1.9539517558462078, -0.13668086718331465, -0.7519145529271974], [-0.6121931396151657, -0.3045013123207898, 1.9838411644060634, -0.4237654391366684, -0.6433812733334393], [-0.5320060389322291, -0.598031408831064, 1.9953440414538361, -0.43347448587082127, -0.43183210781972187]]
totts	39.663330910096775
withinss	[0.00990146129303748, 0.17629447952153077, 1.226865154193539, 0.0693085069291598, 0.01762386096201728, 0.03821757040156445, 0.020533736283042066, 0.01031102718007343, 0.05529459491174215, 0.0, 0.022725631123253008, 0.016055976617244807, 0.0971059463446772, 0.13871004877659274, 0.01678067364093236, 0.010653196742541738]
tot.withinss	1.926381864920948
betweenss	37.73694904517583
size	[3, 3, 4, 3, 3, 5, 6, 3, 6, 1, 2, 4, 3, 6, 5, 3]
=====クラスタ数17個のとき＝＝＝＝＝
cluster	[6, 6, 6, 6, 17, 3, 9, 2, 14, 17, 5, 15, 14, 7, 3, 14, 8, 17, 9, 15, 9, 9, 3, 13, 8, 3, 10, 5, 10, 15, 7, 14, 15, 16, 11, 9, 4, 8, 11, 9, 15, 12, 9, 12, 12, 1, 5, 1, 5, 5, 10, 11, 11, 1, 11, 4, 4, 16, 5, 16]
centers	[[-0.6244692521441015, -0.3097193803456369, 1.9867038820568297, -0.5938977928586012, -0.45861745670849013], [-0.20291677221436993, -0.34898526583171796, 1.960476052172298, -0.6766524271895527, -0.7319215869366573], [-0.5602459356013496, -0.21729720729934093, 1.97833201639934, -0.6046072339400201, -0.5961816395586296], [-0.7562773670217023, -0.6849663208906405, 1.8385532629830472, -0.6820239448818154, 0.2847143698111106], [-0.7043879990992804, -0.5166512358348904, 1.953583386433621, -0.6329742926731882, -0.09956985882626183], [1.5705375173845355, -0.892781363398027, 0.6949015415798727, -0.7345695361049176, -0.6380881594614636], [-0.6559498804174637, -0.38448514045022125, 1.9786354657977046, -0.6426105419076056, -0.29558990302241417], [-0.5450165161138121, -0.43114982279323427, 1.9807520856432754, -0.2970272253358917, -0.7075585214003373], [-0.5545066695594081, -0.32600920784426535, 1.9896470895486977, -0.4931579748956832, -0.615973237249341], [-0.8424744633892679, -0.7184346057350242, 1.9090531647675835, -0.24561758485009774, -0.10252651079319398], [-0.7632486046030006, -0.5199312582131204, 1.905324082542006, -0.7083679477724778, 0.08622372804659281], [-0.6291418174604774, -0.2841902011193978, 1.9800154836262325, -0.4072994056309545, -0.659384059415403], [-0.5340274075270507, -0.6709575120211662, 1.9135982103052647, 0.06504179963470483, -0.7736550903917528], [-0.6222224310213444, -0.42021444023628807, 1.9585940673857956, -0.162206586241591, -0.753950609886572], [-0.5580047407606982, -0.4589474902573129, 1.9977256027571488, -0.47592525978008127, -0.5048481119590565], [-0.8141548228980975, -0.6619369195887962, 1.6580709771917805, -0.8360168037209729, 0.654037569016086], [-0.5025395666759884, -0.6289291229168642, 1.990262877421492, -0.49502049395027287, -0.3637736938783667]]
totts	39.663330910096775
withinss	[0.012225550875424603, 0.0, 0.016505574207914413, 0.0971059463446772, 0.05910232508360434, 1.226865154193539, 0.01316185060240571, 0.014471306674107934, 0.03441894158248246, 0.17629447952153077, 0.03821757040156445, 0.006825132216466135, 0.0, 0.021663403933889568, 0.02856928759162177, 0.0693085069291598, 0.04013769372411597]
tot.withinss	1.854872723882504
betweenss	37.808458186214274
size	[3, 1, 4, 3, 6, 4, 2, 3, 7, 3, 5, 3, 1, 4, 5, 3, 3]
=====クラスタ数18個のとき＝＝＝＝＝
cluster	[12, 10, 10, 10, 4, 2, 3, 14, 8, 4, 13, 17, 8, 13, 2, 8, 6, 4, 3, 17, 3, 3, 2, 11, 6, 2, 18, 13, 15, 17, 5, 8, 17, 1, 7, 2, 16, 6, 7, 2, 17, 9, 3, 9, 9, 5, 13, 2, 13, 13, 18, 7, 7, 5, 7, 16, 16, 1, 13, 1]
centers	[[-0.8141548228980975, -0.6619369195887962, 1.6580709771917805, -0.8360168037209729, 0.654037569016086], [-0.5673156695317573, -0.2505830541726545, 1.982674261908933, -0.581813060714697, -0.5829624774898242], [-0.5522784333220567, -0.33731051918298005, 1.9899702260309238, -0.47266433378945666, -0.6277169397364301], [-0.5025395666759884, -0.6289291229168642, 1.990262877421492, -0.49502049395027287, -0.3637736938783667], [-0.6269039218287488, -0.32932071593347223, 1.9850802913763645, -0.6268702311637232, -0.4019854224504204], [-0.5450165161138121, -0.43114982279323427, 1.9807520856432754, -0.2970272253358917, -0.7075585214003373], [-0.7632486046030006, -0.5199312582131204, 1.905324082542006, -0.7083679477724778, 0.08622372804659281], [-0.6222224310213444, -0.42021444023628807, 1.9585940673857956, -0.162206586241591, -0.753950609886572], [-0.6291418174604774, -0.2841902011193978, 1.9800154836262325, -0.4072994056309545, -0.659384059415403], [1.492548973877131, -0.8279667302659331, 0.8541075542779509, -0.7579243188534157, -0.7607654790357329], [-0.5340274075270507, -0.6709575120211662, 1.9135982103052647, 0.06504179963470483, -0.7736550903917528], [1.8045031479067497, -1.0872252627943084, 0.21728350348563813, -0.6645051878594238, -0.27005620073865566], [-0.7029789031950485, -0.5029561425900027, 1.956561250165661, -0.6312387415740964, -0.11938746280651337], [-0.20291677221436993, -0.34898526583171796, 1.960476052172298, -0.6766524271895527, -0.7319215869366573], [-0.8580541025868073, -0.9281565619484745, 1.843227331482771, -0.06823306044535611, 0.011216393497866788], [-0.7562773670217023, -0.6849663208906405, 1.8385532629830472, -0.6820239448818154, 0.2847143698111106], [-0.5580047407606982, -0.4589474902573129, 1.9977256027571488, -0.47592525978008127, -0.5048481119590565], [-0.8346846437904982, -0.613573627628299, 1.9419660814099897, -0.3343098470524686, -0.15939796293872438]]
totts	39.663330910096775
withinss	[0.0693085069291598, 0.04208503214880619, 0.018942581887888714, 0.04013769372411597, 0.01031102718007343, 0.014471306674107934, 0.03821757040156445, 0.021663403933889568, 0.006825132216466135, 0.6121666580235566, 0.0, 0.0, 0.0840569765310251, 0.0, 0.0, 0.0971059463446772, 0.02856928759162177, 0.03685180625449533]
tot.withinss	1.1207129298414482
betweenss	38.54261798025533
size	[3, 7, 5, 3, 3, 3, 5, 4, 3, 3, 1, 1, 7, 1, 1, 3, 5, 2]
=====クラスタ数19個のとき＝＝＝＝＝
cluster	[13, 13, 13, 13, 9, 5, 15, 3, 4, 9, 6, 18, 4, 6, 5, 4, 15, 9, 19, 18, 19, 16, 19, 17, 7, 8, 14, 6, 14, 18, 12, 4, 18, 11, 1, 19, 2, 7, 10, 19, 18, 16, 16, 16, 16, 12, 6, 8, 6, 6, 14, 10, 10, 12, 10, 2, 2, 11, 1, 11]
centers	[[-0.7400102285828991, -0.4413205001723118, 1.931304134774553, -0.7242500860704371, -0.02572331994890506], [-0.7562773670217023, -0.6849663208906405, 1.8385532629830472, -0.6820239448818154, 0.2847143698111106], [-0.20291677221436993, -0.34898526583171796, 1.960476052172298, -0.6766524271895527, -0.7319215869366573], [-0.6222224310213444, -0.42021444023628807, 1.9585940673857956, -0.162206586241591, -0.753950609886572], [-0.5668091236541896, -0.17145960669878008, 1.9717101931377585, -0.6073298378701644, -0.6261116249146248], [-0.697365431900748, -0.5124458837006397, 1.9589947742866425, -0.6206073279631678, -0.12857613072208715], [-0.5268585016407574, -0.4612337576411265, 1.979885111665136, -0.2771237731403781, -0.714669079242874], [-0.5911424348286883, -0.26827593477129535, 1.9853224599516794, -0.5914424110267898, -0.534461679324906], [-0.5025395666759884, -0.6289291229168642, 1.990262877421492, -0.49502049395027287, -0.3637736938783667], [-0.768220574202514, -0.5407582466617896, 1.9014930621501738, -0.697091697490296, 0.10457745620442588], [-0.8141548228980975, -0.6619369195887962, 1.6580709771917805, -0.8360168037209729, 0.654037569016086], [-0.6269039218287488, -0.32932071593347223, 1.9850802913763645, -0.6268702311637232, -0.4019854224504204], [1.5705375173845355, -0.892781363398027, 0.6949015415798727, -0.7345695361049176, -0.6380881594614636], [-0.8424744633892679, -0.7184346057350242, 1.9090531647675835, -0.24561758485009774, -0.10252651079319398], [-0.5368166210954002, -0.37229690145582994, 1.9861651803934188, -0.3913456824321593, -0.6857059754100294], [-0.6121931396151657, -0.3045013123207898, 1.9838411644060634, -0.4237654391366684, -0.6433812733334393], [-0.5340274075270507, -0.6709575120211662, 1.9135982103052647, 0.06504179963470483, -0.7736550903917528], [-0.5580047407606982, -0.4589474902573129, 1.9977256027571488, -0.47592525978008127, -0.5048481119590565], [-0.5501715587083106, -0.3035230168246731, 1.9891003917998737, -0.5391364764456752, -0.5962693398212151]]
totts	39.663330910096775
withinss	[0.004971080721663512, 0.0971059463446772, 0.0, 0.021663403933889568, 0.0016452721381995622, 0.07040920843641042, 0.004378012404833058, 0.003239924701658194, 0.04013769372411597, 0.019474094311561274, 0.0693085069291598, 0.01031102718007343, 1.226865154193539, 0.17629447952153077, 0.010053361607141814, 0.01678067364093236, 0.0, 0.02856928759162177, 0.012296998713099425]
tot.withinss	1.813504126094107
betweenss	37.849826784002666
size	[2, 3, 1, 4, 2, 6, 2, 2, 3, 4, 3, 3, 4, 3, 2, 5, 1, 5, 5]
=====クラスタ数20個のとき＝＝＝＝＝
cluster	[6, 6, 6, 6, 4, 9, 2, 18, 7, 20, 4, 17, 7, 10, 13, 7, 1, 20, 2, 17, 11, 2, 11, 12, 19, 3, 16, 10, 16, 20, 15, 7, 17, 8, 10, 11, 5, 19, 5, 11, 17, 14, 2, 14, 14, 15, 10, 3, 10, 10, 16, 5, 5, 15, 5, 5, 5, 8, 10, 8]
centers	[[-0.5813325450599216, -0.37098195309745, 1.9824860335995542, -0.3368341297269189, -0.6933374057152637], [-0.5507031695496745, -0.34904427180359576, 1.9905702094606141, -0.4610196910566635, -0.6298030770506805], [-0.5911424348286883, -0.26827593477129535, 1.9853224599516794, -0.5914424110267898, -0.534461679324906], [-0.531819555653757, -0.61080457045791, 1.9698184695190477, -0.6485576765011927, -0.17863666690618807], [-0.7631020568393091, -0.6025617070455828, 1.8745188625071196, -0.6906340892295185, 0.1817789906072908], [1.5705375173845355, -0.892781363398027, 0.6949015415798727, -0.7345695361049176, -0.6380881594614636], [-0.6222224310213444, -0.42021444023628807, 1.9585940673857956, -0.162206586241591, -0.753950609886572], [-0.8141548228980975, -0.6619369195887962, 1.6580709771917805, -0.8360168037209729, 0.654037569016086], [-0.5460166240602609, -0.17120001756249364, 1.9713327466071753, -0.6270580524922105, -0.6270580524922105], [-0.725439572408409, -0.48084955761739395, 1.9513287435077182, -0.6413129977393951, -0.10372661574252037], [-0.5534715145420328, -0.29124645124223697, 1.9880562048739536, -0.5485974579823999, -0.5947407811072841], [-0.5340274075270507, -0.6709575120211662, 1.9135982103052647, 0.06504179963470483, -0.7736550903917528], [-0.5876016232481183, -0.17171919583506653, 1.972087639668342, -0.5876016232481183, -0.625165197337039], [-0.6291418174604774, -0.2841902011193978, 1.9800154836262325, -0.4072994056309545, -0.659384059415403], [-0.6269039218287488, -0.32932071593347223, 1.9850802913763645, -0.6268702311637232, -0.4019854224504204], [-0.8424744633892679, -0.7184346057350242, 1.9090531647675835, -0.24561758485009774, -0.10252651079319398], [-0.5560303043596697, -0.43929771296371234, 1.9977558233413875, -0.4875255314701225, -0.5149022745478831], [-0.20291677221436993, -0.34898526583171796, 1.960476052172298, -0.6766524271895527, -0.7319215869366573], [-0.5268585016407574, -0.4612337576411265, 1.979885111665136, -0.2771237731403781, -0.714669079242874], [-0.5320060389322291, -0.598031408831064, 1.9953440414538361, -0.43347448587082127, -0.43183210781972187]]
totts	39.663330910096775
withinss	[0.0, 0.013333140689916912, 0.003239924701658194, 0.022725631123253008, 0.2152823926599557, 1.226865154193539, 0.021663403933889568, 0.0693085069291598, 0.0, 0.08956984820536007, 0.007206183498683073, 0.0, 0.0, 0.006825132216466135, 0.01031102718007343, 0.17629447952153077, 0.016055976617244807, 0.0, 0.004378012404833058, 0.010653196742541738]
tot.withinss	1.8937120106181051
betweenss	37.76961889947867
size	[1, 4, 2, 2, 7, 4, 4, 3, 1, 7, 4, 1, 1, 3, 3, 3, 4, 1, 2, 3]
=====クラスタ数21個のとき＝＝＝＝＝
cluster	[16, 16, 16, 16, 12, 11, 8, 19, 15, 7, 12, 17, 15, 1, 11, 15, 8, 7, 17, 17, 3, 5, 3, 21, 15, 3, 6, 1, 13, 7, 10, 15, 7, 20, 18, 3, 9, 8, 14, 3, 17, 5, 5, 5, 5, 10, 1, 3, 18, 1, 4, 14, 14, 10, 14, 14, 2, 20, 18, 20]
centers	[[-0.718300915728288, -0.49535122638753204, 1.962394941997387, -0.5968186765849081, -0.1519241232966586], [-0.8712621546166673, -0.7445901437682181, 1.817803675680413, -0.5262317250675579, 0.3242803477720301], [-0.566028487970918, -0.28358961241858976, 1.9871449565665291, -0.5628791089971966, -0.5746477471798247], [-0.8783358843154199, -0.6277901659230344, 1.9214615947929856, -0.37520749047054813, -0.04012805408398379], [-0.6121931396151657, -0.3045013123207898, 1.9838411644060634, -0.4237654391366684, -0.6433812733334393], [-0.7910334032655765, -0.5993570893335636, 1.962470568026994, -0.293412203634389, -0.27866787179346497], [-0.5345501328804176, -0.5742942369621463, 1.996332444664971, -0.43979829828724704, -0.4476897765351602], [-0.5297032861111907, -0.39596536516574227, 1.9854548429627694, -0.36687941779228206, -0.6929067738935545], [-0.6042223840832892, -0.7390585564692755, 1.8560492251044893, -0.7625083255798818, 0.24974004102795722], [-0.6269039218287488, -0.32932071593347223, 1.9850802913763645, -0.6268702311637232, -0.4019854224504204], [-0.5668091236541896, -0.17145960669878008, 1.9717101931377585, -0.6073298378701644, -0.6261116249146248], [-0.531819555653757, -0.61080457045791, 1.9698184695190477, -0.6485576765011927, -0.17863666690618807], [-0.8580541025868073, -0.9281565619484745, 1.843227331482771, -0.06823306044535611, 0.011216393497866788], [-0.7732459718350413, -0.5468566498163172, 1.889555827352987, -0.709139714791838, 0.1396865090902096], [-0.6054260222448242, -0.43200459672836766, 1.9620224649543967, -0.17702540054691857, -0.7475664454342864], [1.5705375173845355, -0.892781363398027, 0.6949015415798727, -0.7345695361049176, -0.6380881594614636], [-0.5547276345217793, -0.40168435241346845, 1.9962506946426821, -0.49815623516068536, -0.5416824725467491], [-0.7349577813152365, -0.4615139992572097, 1.9365738121881602, -0.7006387592787111, -0.039463272337002704], [-0.20291677221436993, -0.34898526583171796, 1.960476052172298, -0.6766524271895527, -0.7319215869366573], [-0.8141548228980975, -0.6619369195887962, 1.6580709771917805, -0.8360168037209729, 0.654037569016086], [-0.5340274075270507, -0.6709575120211662, 1.9135982103052647, 0.06504179963470483, -0.7736550903917528]]
totts	39.663330910096775
withinss	[0.03361430657329794, 0.0, 0.02034407664907685, 0.0, 0.01678067364093236, 0.0, 0.021001504068456866, 0.01762386096201728, 0.0, 0.01031102718007343, 0.0016452721381995622, 0.022725631123253008, 0.0, 0.05112895496032819, 0.035528121152963395, 1.226865154193539, 0.017322243875300163, 0.012215211760987303, 0.0, 0.0693085069291598, 0.0]
tot.withinss	1.556414545207585
betweenss	38.10691636488919
size	[4, 1, 6, 1, 5, 1, 4, 3, 1, 3, 2, 2, 1, 5, 5, 4, 4, 3, 1, 3, 1]
=====クラスタ数22個のとき＝＝＝＝＝
cluster	[6, 3, 3, 3, 16, 9, 10, 2, 7, 15, 16, 8, 7, 12, 9, 7, 1, 15, 10, 8, 20, 10, 20, 22, 13, 20, 21, 12, 14, 19, 4, 7, 19, 17, 11, 20, 5, 13, 11, 20, 8, 18, 10, 1, 1, 4, 12, 20, 12, 12, 21, 11, 11, 4, 11, 5, 5, 17, 12, 17]
centers	[[-0.6079155661313044, -0.32826689430856926, 1.9817746183951443, -0.3704965218554002, -0.6750956360998704], [-0.20291677221436993, -0.34898526583171796, 1.960476052172298, -0.6766524271895527, -0.7319215869366573], [1.492548973877131, -0.8279667302659331, 0.8541075542779509, -0.7579243188534157, -0.7607654790357329], [-0.6269039218287488, -0.32932071593347223, 1.9850802913763645, -0.6268702311637232, -0.4019854224504204], [-0.7562773670217023, -0.6849663208906405, 1.8385532629830472, -0.6820239448818154, 0.2847143698111106], [1.8045031479067497, -1.0872252627943084, 0.21728350348563813, -0.6645051878594238, -0.27005620073865566], [-0.6222224310213444, -0.42021444023628807, 1.9585940673857956, -0.162206586241591, -0.753950609886572], [-0.5606462675712318, -0.41803604349981877, 1.997241879689058, -0.4971107967813219, -0.5214487718366857], [-0.5668091236541896, -0.17145960669878008, 1.9717101931377585, -0.6073298378701644, -0.6261116249146248], [-0.5507031695496745, -0.34904427180359576, 1.9905702094606141, -0.4610196910566635, -0.6298030770506805], [-0.7632486046030006, -0.5199312582131204, 1.905324082542006, -0.7083679477724778, 0.08622372804659281], [-0.7224527134423192, -0.48822059981721894, 1.956442173407449, -0.6226196725457602, -0.1231491876021505], [-0.5268585016407574, -0.4612337576411265, 1.979885111665136, -0.2771237731403781, -0.714669079242874], [-0.8580541025868073, -0.9281565619484745, 1.843227331482771, -0.06823306044535611, 0.011216393497866788], [-0.5150578152159375, -0.6282738135307384, 1.9942137019706572, -0.4354496422962738, -0.41543243092770743], [-0.531819555653757, -0.61080457045791, 1.9698184695190477, -0.6485576765011927, -0.17863666690618807], [-0.8141548228980975, -0.6619369195887962, 1.6580709771917805, -0.8360168037209729, 0.654037569016086], [-0.6450112990474405, -0.2387518735299355, 1.977208629292819, -0.44724278105358173, -0.6462026756618613], [-0.5540424505448978, -0.5203146603935541, 1.998451187359285, -0.44414695427822015, -0.4799471221426129], [-0.566028487970918, -0.28358961241858976, 1.9871449565665291, -0.5628791089971966, -0.5746477471798247], [-0.8346846437904982, -0.613573627628299, 1.9419660814099897, -0.3343098470524686, -0.15939796293872438], [-0.5340274075270507, -0.6709575120211662, 1.9135982103052647, 0.06504179963470483, -0.7736550903917528]]
totts	39.663330910096775
withinss	[0.006681245559014006, 0.0, 0.6121666580235566, 0.01031102718007343, 0.0971059463446772, 0.0, 0.021663403933889568, 0.008755611249102653, 0.0016452721381995622, 0.013333140689916912, 0.03821757040156445, 0.05529459491174215, 0.004378012404833058, 0.0, 0.001797354893115315, 0.022725631123253008, 0.0693085069291598, 0.0, 0.001773423736826793, 0.02034407664907685, 0.03685180625449533, 0.0]
tot.withinss	1.0223532824224968
betweenss	38.640977627674275
size	[3, 1, 3, 3, 3, 1, 4, 3, 2, 4, 5, 6, 2, 1, 2, 2, 3, 1, 2, 6, 2, 1]
=====クラスタ数23個のとき＝＝＝＝＝
cluster	[8, 23, 23, 23, 7, 15, 13, 17, 12, 11, 7, 5, 12, 19, 15, 12, 2, 11, 16, 5, 16, 16, 4, 14, 22, 4, 1, 18, 3, 11, 20, 12, 5, 9, 10, 4, 21, 22, 10, 4, 5, 6, 16, 6, 6, 20, 18, 4, 18, 18, 1, 10, 10, 20, 10, 21, 21, 9, 18, 9]
centers	[[-0.8346846437904982, -0.613573627628299, 1.9419660814099897, -0.3343098470524686, -0.15939796293872438], [-0.5813325450599216, -0.37098195309745, 1.9824860335995542, -0.3368341297269189, -0.6933374057152637], [-0.8580541025868073, -0.9281565619484745, 1.843227331482771, -0.06823306044535611, 0.011216393497866788], [-0.5675182878827844, -0.28223243316220425, 1.9870598894174027, -0.57160634985251, -0.565702818519904], [-0.5560303043596697, -0.43929771296371234, 1.9977558233413875, -0.4875255314701225, -0.5149022745478831], [-0.6291418174604774, -0.2841902011193978, 1.9800154836262325, -0.4072994056309545, -0.659384059415403], [-0.531819555653757, -0.61080457045791, 1.9698184695190477, -0.6485576765011927, -0.17863666690618807], [1.8045031479067497, -1.0872252627943084, 0.21728350348563813, -0.6645051878594238, -0.27005620073865566], [-0.8141548228980975, -0.6619369195887962, 1.6580709771917805, -0.8360168037209729, 0.654037569016086], [-0.7632486046030006, -0.5199312582131204, 1.905324082542006, -0.7083679477724778, 0.08622372804659281], [-0.5320060389322291, -0.598031408831064, 1.9953440414538361, -0.43347448587082127, -0.43183210781972187], [-0.6222224310213444, -0.42021444023628807, 1.9585940673857956, -0.162206586241591, -0.753950609886572], [-0.49230069713087876, -0.37361184981420986, 1.9898443271872834, -0.4458572351373996, -0.6780745451047953], [-0.5340274075270507, -0.6709575120211662, 1.9135982103052647, 0.06504179963470483, -0.7736550903917528], [-0.5668091236541896, -0.17145960669878008, 1.9717101931377585, -0.6073298378701644, -0.6261116249146248], [-0.5672728673698513, -0.3282351865251726, 1.9900017007418336, -0.47936610845247085, -0.6151275383943388], [-0.20291677221436993, -0.34898526583171796, 1.960476052172298, -0.6766524271895527, -0.7319215869366573], [-0.7280383905768518, -0.5017076031565275, 1.9528449215773585, -0.622978520059003, -0.10012040778497608], [-0.6945243277696564, -0.42078558312067615, 1.9744284325579016, -0.6208254349795463, -0.2382930866880226], [-0.6269039218287488, -0.32932071593347223, 1.9850802913763645, -0.6268702311637232, -0.4019854224504204], [-0.7562773670217023, -0.6849663208906405, 1.8385532629830472, -0.6820239448818154, 0.2847143698111106], [-0.5268585016407574, -0.4612337576411265, 1.979885111665136, -0.2771237731403781, -0.714669079242874], [1.492548973877131, -0.8279667302659331, 0.8541075542779509, -0.7579243188534157, -0.7607654790357329]]
totts	39.663330910096775
withinss	[0.03685180625449533, 0.0, 0.0, 0.015536721926808526, 0.016055976617244807, 0.006825132216466135, 0.022725631123253008, 0.0, 0.0693085069291598, 0.03821757040156445, 0.010653196742541738, 0.021663403933889568, 0.0, 0.0, 0.0016452721381995622, 0.00873053157374828, 0.0, 0.03259981270392684, 0.0, 0.01031102718007343, 0.0971059463446772, 0.004378012404833058, 0.6121666580235566]
tot.withinss	1.0047752065144384
betweenss	38.65855570358234
size	[2, 1, 1, 5, 4, 3, 2, 1, 3, 5, 3, 4, 1, 1, 2, 4, 1, 5, 1, 3, 3, 2, 3]
=====クラスタ数24個のとき＝＝＝＝＝
cluster	[13, 13, 13, 13, 21, 24, 2, 1, 14, 10, 21, 23, 14, 4, 24, 15, 22, 10, 2, 23, 20, 2, 20, 5, 18, 7, 3, 4, 9, 10, 19, 6, 23, 11, 16, 20, 17, 18, 16, 20, 23, 12, 2, 12, 12, 19, 4, 7, 4, 4, 8, 16, 16, 19, 16, 17, 17, 11, 4, 11]
centers	[[-0.20291677221436993, -0.34898526583171796, 1.960476052172298, -0.6766524271895527, -0.7319215869366573], [-0.5507031695496745, -0.34904427180359576, 1.9905702094606141, -0.4610196910566635, -0.6298030770506805], [-0.7910334032655765, -0.5993570893335636, 1.962470568026994, -0.293412203634389, -0.27866787179346497], [-0.7224527134423192, -0.48822059981721894, 1.956442173407449, -0.6226196725457602, -0.1231491876021505], [-0.5340274075270507, -0.6709575120211662, 1.9135982103052647, 0.06504179963470483, -0.7736550903917528], [-0.599440461594419, -0.4669111078405509, 1.9458027681914078, -0.0863139893679039, -0.793137209388534], [-0.5911424348286883, -0.26827593477129535, 1.9853224599516794, -0.5914424110267898, -0.534461679324906], [-0.8783358843154199, -0.6277901659230344, 1.9214615947929856, -0.37520749047054813, -0.04012805408398379], [-0.8580541025868073, -0.9281565619484745, 1.843227331482771, -0.06823306044535611, 0.011216393497866788], [-0.5320060389322291, -0.598031408831064, 1.9953440414538361, -0.43347448587082127, -0.43183210781972187], [-0.8141548228980975, -0.6619369195887962, 1.6580709771917805, -0.8360168037209729, 0.654037569016086], [-0.6291418174604774, -0.2841902011193978, 1.9800154836262325, -0.4072994056309545, -0.659384059415403], [1.5705375173845355, -0.892781363398027, 0.6949015415798727, -0.7345695361049176, -0.6380881594614636], [-0.6118123633477177, -0.3915877238345846, 1.9652176746249772, -0.2097807773427942, -0.7520368100998808], [-0.6658245357955233, -0.43077120543543224, 1.9581381521018197, -0.14295080091287174, -0.7185916099579926], [-0.7632486046030006, -0.5199312582131204, 1.905324082542006, -0.7083679477724778, 0.08622372804659281], [-0.7562773670217023, -0.6849663208906405, 1.8385532629830472, -0.6820239448818154, 0.2847143698111106], [-0.5268585016407574, -0.4612337576411265, 1.979885111665136, -0.2771237731403781, -0.714669079242874], [-0.6269039218287488, -0.32932071593347223, 1.9850802913763645, -0.6268702311637232, -0.4019854224504204], [-0.5534715145420328, -0.29124645124223697, 1.9880562048739536, -0.5485974579823999, -0.5947407811072841], [-0.531819555653757, -0.61080457045791, 1.9698184695190477, -0.6485576765011927, -0.17863666690618807], [-0.5813325450599216, -0.37098195309745, 1.9824860335995542, -0.3368341297269189, -0.6933374057152637], [-0.5560303043596697, -0.43929771296371234, 1.9977558233413875, -0.4875255314701225, -0.5149022745478831], [-0.5668091236541896, -0.17145960669878008, 1.9717101931377585, -0.6073298378701644, -0.6261116249146248]]
totts	39.663330910096775
withinss	[0.0, 0.013333140689916912, 0.0, 0.05529459491174215, 0.0, 0.0, 0.003239924701658194, 0.0, 0.0, 0.010653196742541738, 0.0693085069291598, 0.006825132216466135, 1.226865154193539, 0.0013936793015495471, 0.0, 0.03821757040156445, 0.0971059463446772, 0.004378012404833058, 0.01031102718007343, 0.007206183498683073, 0.022725631123253008, 0.0, 0.016055976617244807, 0.0016452721381995622]
tot.withinss	1.584558949395102
betweenss	38.07877196070167
size	[1, 4, 1, 6, 1, 1, 2, 1, 1, 3, 3, 3, 4, 2, 1, 5, 3, 2, 3, 4, 2, 1, 4, 2]
=====クラスタ数25個のとき＝＝＝＝＝
cluster	[6, 6, 6, 6, 1, 19, 20, 12, 3, 25, 1, 2, 3, 18, 19, 10, 21, 25, 9, 2, 15, 9, 15, 8, 7, 11, 22, 18, 24, 25, 5, 13, 2, 17, 23, 15, 14, 7, 23, 15, 2, 16, 9, 21, 21, 5, 18, 11, 18, 18, 4, 23, 23, 5, 23, 14, 14, 17, 18, 17]
centers	[[-0.531819555653757, -0.61080457045791, 1.9698184695190477, -0.6485576765011927, -0.17863666690618807], [-0.5560303043596697, -0.43929771296371234, 1.9977558233413875, -0.4875255314701225, -0.5149022745478831], [-0.6118123633477177, -0.3915877238345846, 1.9652176746249772, -0.2097807773427942, -0.7520368100998808], [-0.8783358843154199, -0.6277901659230344, 1.9214615947929856, -0.37520749047054813, -0.04012805408398379], [-0.6269039218287488, -0.32932071593347223, 1.9850802913763645, -0.6268702311637232, -0.4019854224504204], [1.5705375173845355, -0.892781363398027, 0.6949015415798727, -0.7345695361049176, -0.6380881594614636], [-0.5268585016407574, -0.4612337576411265, 1.979885111665136, -0.2771237731403781, -0.714669079242874], [-0.5340274075270507, -0.6709575120211662, 1.9135982103052647, 0.06504179963470483, -0.7736550903917528], [-0.5701706603559397, -0.34085507913339114, 1.9908121702183912, -0.46607384302975147, -0.6137125876993089], [-0.6658245357955233, -0.43077120543543224, 1.9581381521018197, -0.14295080091287174, -0.7185916099579926], [-0.5911424348286883, -0.26827593477129535, 1.9853224599516794, -0.5914424110267898, -0.534461679324906], [-0.20291677221436993, -0.34898526583171796, 1.960476052172298, -0.6766524271895527, -0.7319215869366573], [-0.599440461594419, -0.4669111078405509, 1.9458027681914078, -0.0863139893679039, -0.793137209388534], [-0.7562773670217023, -0.6849663208906405, 1.8385532629830472, -0.6820239448818154, 0.2847143698111106], [-0.5534715145420328, -0.29124645124223697, 1.9880562048739536, -0.5485974579823999, -0.5947407811072841], [-0.6450112990474405, -0.2387518735299355, 1.977208629292819, -0.44724278105358173, -0.6462026756618613], [-0.8141548228980975, -0.6619369195887962, 1.6580709771917805, -0.8360168037209729, 0.654037569016086], [-0.7224527134423192, -0.48822059981721894, 1.956442173407449, -0.6226196725457602, -0.1231491876021505], [-0.5668091236541896, -0.17145960669878008, 1.9717101931377585, -0.6073298378701644, -0.6261116249146248], [-0.49230069713087876, -0.37361184981420986, 1.9898443271872834, -0.4458572351373996, -0.6780745451047953], [-0.6079155661313044, -0.32826689430856926, 1.9817746183951443, -0.3704965218554002, -0.6750956360998704], [-0.7910334032655765, -0.5993570893335636, 1.962470568026994, -0.293412203634389, -0.27866787179346497], [-0.7632486046030006, -0.5199312582131204, 1.905324082542006, -0.7083679477724778, 0.08622372804659281], [-0.8580541025868073, -0.9281565619484745, 1.843227331482771, -0.06823306044535611, 0.011216393497866788], [-0.5320060389322291, -0.598031408831064, 1.9953440414538361, -0.43347448587082127, -0.43183210781972187]]
totts	39.663330910096775
withinss	[0.022725631123253008, 0.016055976617244807, 0.0013936793015495471, 0.0, 0.01031102718007343, 1.226865154193539, 0.004378012404833058, 0.0, 0.004566505654432149, 0.0, 0.003239924701658194, 0.0, 0.0, 0.0971059463446772, 0.007206183498683073, 0.0, 0.0693085069291598, 0.05529459491174215, 0.0016452721381995622, 0.0, 0.006681245559014006, 0.0, 0.03821757040156445, 0.0, 0.010653196742541738]
tot.withinss	1.5756484277021652
betweenss	38.08768248239461
size	[2, 4, 2, 1, 3, 4, 2, 1, 3, 1, 2, 1, 1, 3, 4, 1, 3, 6, 2, 1, 3, 1, 5, 1, 3]
=====クラスタ数26個のとき＝＝＝＝＝
cluster	[19, 5, 5, 5, 3, 26, 10, 13, 25, 23, 3, 12, 25, 8, 26, 25, 4, 23, 10, 12, 10, 10, 26, 1, 22, 26, 20, 8, 21, 23, 17, 24, 12, 15, 14, 26, 18, 22, 11, 26, 12, 16, 10, 4, 4, 17, 8, 26, 14, 8, 20, 11, 11, 17, 7, 2, 6, 9, 14, 15]
centers	[[-0.5340274075270507, -0.6709575120211662, 1.9135982103052647, 0.06504179963470483, -0.7736550903917528], [-0.7933475623651507, -0.5712502624344276, 1.84180688816424, -0.7573317839980064, 0.2801227206333445], [-0.531819555653757, -0.61080457045791, 1.9698184695190477, -0.6485576765011927, -0.17863666690618807], [-0.6079155661313044, -0.32826689430856926, 1.9817746183951443, -0.3704965218554002, -0.6750956360998704], [1.492548973877131, -0.8279667302659331, 0.8541075542779509, -0.7579243188534157, -0.7607654790357329], [-0.8712621546166673, -0.7445901437682181, 1.817803675680413, -0.5262317250675579, 0.3242803477720301], [-0.7772866895555501, -0.5003948867488589, 1.883859079933908, -0.7573902725874047, 0.15121276895790564], [-0.718300915728288, -0.49535122638753204, 1.962394941997387, -0.5968186765849081, -0.1519241232966586], [-0.8408177503739697, -0.6862322276554802, 1.5544610191712849, -0.8519734066526236, 0.8245623655107882], [-0.5522784333220567, -0.33731051918298005, 1.9899702260309238, -0.47266433378945666, -0.6277169397364301], [-0.765198535751502, -0.5542126999660998, 1.9073710562222626, -0.6769921724579264, 0.08903235195326596], [-0.5560303043596697, -0.43929771296371234, 1.9977558233413875, -0.4875255314701225, -0.5149022745478831], [-0.20291677221436993, -0.34898526583171796, 1.960476052172298, -0.6766524271895527, -0.7319215869366573], [-0.7349577813152365, -0.4615139992572097, 1.9365738121881602, -0.7006387592787111, -0.039463272337002704], [-0.8008233591601615, -0.649789265555454, 1.7098759562020285, -0.8280385022551477, 0.568775170768735], [-0.6450112990474405, -0.2387518735299355, 1.977208629292819, -0.44724278105358173, -0.6462026756618613], [-0.6269039218287488, -0.32932071593347223, 1.9850802913763645, -0.6268702311637232, -0.4019854224504204], [-0.6042223840832892, -0.7390585564692755, 1.8560492251044893, -0.7625083255798818, 0.24974004102795722], [1.8045031479067497, -1.0872252627943084, 0.21728350348563813, -0.6645051878594238, -0.27005620073865566], [-0.8346846437904982, -0.613573627628299, 1.9419660814099897, -0.3343098470524686, -0.15939796293872438], [-0.8580541025868073, -0.9281565619484745, 1.843227331482771, -0.06823306044535611, 0.011216393497866788], [-0.5268585016407574, -0.4612337576411265, 1.979885111665136, -0.2771237731403781, -0.714669079242874], [-0.5320060389322291, -0.598031408831064, 1.9953440414538361, -0.43347448587082127, -0.43183210781972187], [-0.599440461594419, -0.4669111078405509, 1.9458027681914078, -0.0863139893679039, -0.793137209388534], [-0.6298164208303195, -0.4046488843682005, 1.9628578337839249, -0.18750411853282004, -0.7408884100525848], [-0.5673156695317573, -0.2505830541726545, 1.982674261908933, -0.581813060714697, -0.5829624774898242]]
totts	39.663330910096775
withinss	[0.0, 0.0, 0.022725631123253008, 0.006681245559014006, 0.6121666580235566, 0.0, 0.0, 0.03361430657329794, 0.0, 0.018942581887888714, 0.00902993010594069, 0.016055976617244807, 0.0, 0.012215211760987303, 0.007254232189171497, 0.0, 0.01031102718007343, 0.0, 0.0, 0.03685180625449533, 0.0, 0.004378012404833058, 0.010653196742541738, 0.0, 0.008118750504353745, 0.04208503214880619]
tot.withinss	0.851083599075458
betweenss	38.812247311021316
size	[1, 1, 2, 3, 3, 1, 1, 4, 1, 5, 3, 4, 1, 3, 2, 1, 3, 1, 1, 2, 1, 2, 3, 1, 3, 7]
=====クラスタ数27個のとき＝＝＝＝＝
cluster	[21, 21, 21, 21, 1, 17, 10, 25, 18, 27, 1, 13, 18, 11, 17, 18, 8, 27, 3, 13, 9, 3, 7, 4, 15, 24, 14, 11, 2, 12, 19, 18, 12, 22, 16, 7, 23, 15, 20, 9, 13, 26, 3, 6, 6, 19, 11, 24, 16, 11, 14, 20, 20, 5, 20, 23, 23, 22, 16, 22]
centers	[[-0.531819555653757, -0.61080457045791, 1.9698184695190477, -0.6485576765011927, -0.17863666690618807], [-0.8580541025868073, -0.9281565619484745, 1.843227331482771, -0.06823306044535611, 0.011216393497866788], [-0.5701706603559397, -0.34085507913339114, 1.9908121702183912, -0.46607384302975147, -0.6137125876993089], [-0.5340274075270507, -0.6709575120211662, 1.9135982103052647, 0.06504179963470483, -0.7736550903917528], [-0.619323596142166, -0.33560205340688054, 1.9900138937121898, -0.5805933538005239, -0.45449489036261925], [-0.6212070766669957, -0.3069093649141289, 1.9814189107929394, -0.38732771791964093, -0.6659747512921739], [-0.5342912693670281, -0.3007775846731726, 1.9892841492808961, -0.5732212889348965, -0.580994006305799], [-0.5813325450599216, -0.37098195309745, 1.9824860335995542, -0.3368341297269189, -0.6933374057152637], [-0.5726517597170375, -0.2817153178113013, 1.986828260467011, -0.5239736270299034, -0.6084875559087691], [-0.49230069713087876, -0.37361184981420986, 1.9898443271872834, -0.4458572351373996, -0.6780745451047953], [-0.718300915728288, -0.49535122638753204, 1.962394941997387, -0.5968186765849081, -0.1519241232966586], [-0.5540424505448978, -0.5203146603935541, 1.998451187359285, -0.44414695427822015, -0.4799471221426129], [-0.5606462675712318, -0.41803604349981877, 1.997241879689058, -0.4971107967813219, -0.5214487718366857], [-0.8346846437904982, -0.613573627628299, 1.9419660814099897, -0.3343098470524686, -0.15939796293872438], [-0.5268585016407574, -0.4612337576411265, 1.979885111665136, -0.2771237731403781, -0.714669079242874], [-0.7349577813152365, -0.4615139992572097, 1.9365738121881602, -0.7006387592787111, -0.039463272337002704], [-0.5668091236541896, -0.17145960669878008, 1.9717101931377585, -0.6073298378701644, -0.6261116249146248], [-0.6222224310213444, -0.42021444023628807, 1.9585940673857956, -0.162206586241591, -0.753950609886572], [-0.6306940846720401, -0.3261800471967681, 1.9826134902084518, -0.6500086698453229, -0.375730688494321], [-0.768220574202514, -0.5407582466617896, 1.9014930621501738, -0.697091697490296, 0.10457745620442588], [1.5705375173845355, -0.892781363398027, 0.6949015415798727, -0.7345695361049176, -0.6380881594614636], [-0.8141548228980975, -0.6619369195887962, 1.6580709771917805, -0.8360168037209729, 0.654037569016086], [-0.7562773670217023, -0.6849663208906405, 1.8385532629830472, -0.6820239448818154, 0.2847143698111106], [-0.5911424348286883, -0.26827593477129535, 1.9853224599516794, -0.5914424110267898, -0.534461679324906], [-0.20291677221436993, -0.34898526583171796, 1.960476052172298, -0.6766524271895527, -0.7319215869366573], [-0.6450112990474405, -0.2387518735299355, 1.977208629292819, -0.44724278105358173, -0.6462026756618613], [-0.5150578152159375, -0.6282738135307384, 1.9942137019706572, -0.4354496422962738, -0.41543243092770743]]
totts	39.663330910096775
withinss	[0.022725631123253008, 0.0, 0.004566505654432149, 0.0, 0.0, 0.0006847583029266448, 0.0013551520093526652, 0.0, 0.0008288753887783748, 0.0, 0.03361430657329794, 0.001773423736826793, 0.008755611249102653, 0.03685180625449533, 0.004378012404833058, 0.012215211760987303, 0.0016452721381995622, 0.021663403933889568, 0.0027809513267408274, 0.019474094311561274, 1.226865154193539, 0.0693085069291598, 0.0971059463446772, 0.003239924701658194, 0.0, 0.0, 0.001797354893115315]
tot.withinss	1.5716299032308265
betweenss	38.09170100686595
size	[2, 1, 3, 1, 1, 2, 2, 1, 2, 1, 4, 2, 3, 2, 2, 3, 2, 4, 2, 4, 4, 3, 3, 2, 1, 1, 2]
=====クラスタ数28個のとき＝＝＝＝＝
cluster	[28, 7, 7, 3, 19, 27, 26, 13, 17, 22, 16, 20, 17, 21, 27, 17, 26, 22, 9, 20, 9, 2, 9, 15, 17, 27, 18, 10, 1, 11, 14, 17, 11, 23, 5, 9, 12, 26, 6, 9, 20, 2, 2, 2, 2, 14, 10, 9, 10, 10, 4, 6, 6, 14, 6, 6, 8, 25, 5, 24]
centers	[[-0.8580541025868073, -0.9281565619484745, 1.843227331482771, -0.06823306044535611, 0.011216393497866788], [-0.6121931396151657, -0.3045013123207898, 1.9838411644060634, -0.4237654391366684, -0.6433812733334393], [1.3010137542037687, -0.9596789081451637, 1.076059961322008, -1.0433394096301158, -0.3740553977504978], [-0.8783358843154199, -0.6277901659230344, 1.9214615947929856, -0.37520749047054813, -0.04012805408398379], [-0.7400102285828991, -0.4413205001723118, 1.931304134774553, -0.7242500860704371, -0.02572331994890506], [-0.7732459718350413, -0.5468566498163172, 1.889555827352987, -0.709139714791838, 0.1396865090902096], [1.5883165837138118, -0.7621106413263179, 0.7431313507559224, -0.6152167734650655, -0.9541205196783504], [-0.8712621546166673, -0.7445901437682181, 1.817803675680413, -0.5262317250675579, 0.3242803477720301], [-0.560154869592147, -0.30116596252327094, 1.9888692050130456, -0.5435267860247791, -0.5840215868728483], [-0.7258830554808517, -0.5156300799641144, 1.955566125611755, -0.6049663442638363, -0.10908664590295244], [-0.5540424505448978, -0.5203146603935541, 1.998451187359285, -0.44414695427822015, -0.4799471221426129], [-0.6042223840832892, -0.7390585564692755, 1.8560492251044893, -0.7625083255798818, 0.24974004102795722], [-0.20291677221436993, -0.34898526583171796, 1.960476052172298, -0.6766524271895527, -0.7319215869366573], [-0.6269039218287488, -0.32932071593347223, 1.9850802913763645, -0.6268702311637232, -0.4019854224504204], [-0.5340274075270507, -0.6709575120211662, 1.9135982103052647, 0.06504179963470483, -0.7736550903917528], [-0.5861360417114239, -0.5913693992267044, 1.9572757107149332, -0.6829531557441144, -0.09681711403269054], [-0.6054260222448242, -0.43200459672836766, 1.9620224649543967, -0.17702540054691857, -0.7475664454342864], [-0.7910334032655765, -0.5993570893335636, 1.962470568026994, -0.293412203634389, -0.27866787179346497], [-0.47750306959609023, -0.6302397416891157, 1.9823612283231622, -0.6141621972582709, -0.2604562197796856], [-0.5606462675712318, -0.41803604349981877, 1.997241879689058, -0.4971107967813219, -0.5214487718366857], [-0.6945243277696564, -0.42078558312067615, 1.9744284325579016, -0.6208254349795463, -0.2382930866880226], [-0.5150578152159375, -0.6282738135307384, 1.9942137019706572, -0.4354496422962738, -0.41543243092770743], [-0.8200370957797252, -0.6301272140691586, 1.7328498386901863, -0.807583988782311, 0.5248984599410087], [-0.7816096225405978, -0.6694513170417495, 1.6869020737138707, -0.8484930157279844, 0.6126518815964612], [-0.8408177503739697, -0.6862322276554802, 1.5544610191712849, -0.8519734066526236, 0.8245623655107882], [-0.5297032861111907, -0.39596536516574227, 1.9854548429627694, -0.36687941779228206, -0.6929067738935545], [-0.5686105643181422, -0.1966967973079635, 1.9754506783666574, -0.6106887212912031, -0.599454595449349], [1.8045031479067497, -1.0872252627943084, 0.21728350348563813, -0.6645051878594238, -0.27005620073865566]]
totts	39.663330910096775
withinss	[0.0, 0.01678067364093236, 0.0, 0.0, 0.004971080721663512, 0.05112895496032819, 0.11071190275300304, 0.0, 0.020533736283042066, 0.0203854590220289, 0.001773423736826793, 0.0, 0.0, 0.01031102718007343, 0.0, 0.0, 0.035528121152963395, 0.0, 0.0, 0.008755611249102653, 0.0, 0.001797354893115315, 0.0, 0.0, 0.0, 0.01762386096201728, 0.00990146129303748, 0.0]
tot.withinss	0.3102026678481344
betweenss	39.353128242248644
size	[1, 5, 1, 1, 2, 5, 2, 1, 6, 4, 2, 1, 1, 3, 1, 1, 5, 1, 1, 3, 1, 2, 1, 1, 1, 3, 3, 1]
=====クラスタ数29個のとき＝＝＝＝＝
cluster	[29, 11, 11, 9, 28, 27, 8, 7, 17, 24, 28, 5, 17, 23, 27, 17, 26, 24, 13, 5, 4, 13, 14, 25, 16, 19, 2, 12, 3, 24, 1, 17, 5, 22, 10, 14, 20, 16, 10, 4, 5, 21, 13, 21, 21, 1, 12, 19, 12, 12, 15, 10, 10, 1, 10, 6, 18, 22, 12, 22]
centers	[[-0.6269039218287488, -0.32932071593347223, 1.9850802913763645, -0.6268702311637232, -0.4019854224504204], [-0.7910334032655765, -0.5993570893335636, 1.962470568026994, -0.293412203634389, -0.27866787179346497], [-0.8580541025868073, -0.9281565619484745, 1.843227331482771, -0.06823306044535611, 0.011216393497866788], [-0.5726517597170375, -0.2817153178113013, 1.986828260467011, -0.5239736270299034, -0.6084875559087691], [-0.5560303043596697, -0.43929771296371234, 1.9977558233413875, -0.4875255314701225, -0.5149022745478831], [-0.7933475623651507, -0.5712502624344276, 1.84180688816424, -0.7573317839980064, 0.2801227206333445], [-0.20291677221436993, -0.34898526583171796, 1.960476052172298, -0.6766524271895527, -0.7319215869366573], [-0.49230069713087876, -0.37361184981420986, 1.9898443271872834, -0.4458572351373996, -0.6780745451047953], [1.3010137542037687, -0.9596789081451637, 1.076059961322008, -1.0433394096301158, -0.3740553977504978], [-0.7632486046030006, -0.5199312582131204, 1.905324082542006, -0.7083679477724778, 0.08622372804659281], [1.5883165837138118, -0.7621106413263179, 0.7431313507559224, -0.6152167734650655, -0.9541205196783504], [-0.7280383905768518, -0.5017076031565275, 1.9528449215773585, -0.622978520059003, -0.10012040778497608], [-0.5701706603559397, -0.34085507913339114, 1.9908121702183912, -0.46607384302975147, -0.6137125876993089], [-0.5342912693670281, -0.3007775846731726, 1.9892841492808961, -0.5732212889348965, -0.580994006305799], [-0.8783358843154199, -0.6277901659230344, 1.9214615947929856, -0.37520749047054813, -0.04012805408398379], [-0.5268585016407574, -0.4612337576411265, 1.979885111665136, -0.2771237731403781, -0.714669079242874], [-0.6222224310213444, -0.42021444023628807, 1.9585940673857956, -0.162206586241591, -0.753950609886572], [-0.8712621546166673, -0.7445901437682181, 1.817803675680413, -0.5262317250675579, 0.3242803477720301], [-0.5911424348286883, -0.26827593477129535, 1.9853224599516794, -0.5914424110267898, -0.534461679324906], [-0.6042223840832892, -0.7390585564692755, 1.8560492251044893, -0.7625083255798818, 0.24974004102795722], [-0.6291418174604774, -0.2841902011193978, 1.9800154836262325, -0.4072994056309545, -0.659384059415403], [-0.8141548228980975, -0.6619369195887962, 1.6580709771917805, -0.8360168037209729, 0.654037569016086], [-0.6945243277696564, -0.42078558312067615, 1.9744284325579016, -0.6208254349795463, -0.2382930866880226], [-0.5320060389322291, -0.598031408831064, 1.9953440414538361, -0.43347448587082127, -0.43183210781972187], [-0.5340274075270507, -0.6709575120211662, 1.9135982103052647, 0.06504179963470483, -0.7736550903917528], [-0.5813325450599216, -0.37098195309745, 1.9824860335995542, -0.3368341297269189, -0.6933374057152637], [-0.5668091236541896, -0.17145960669878008, 1.9717101931377585, -0.6073298378701644, -0.6261116249146248], [-0.531819555653757, -0.61080457045791, 1.9698184695190477, -0.6485576765011927, -0.17863666690618807], [1.8045031479067497, -1.0872252627943084, 0.21728350348563813, -0.6645051878594238, -0.27005620073865566]]
totts	39.663330910096775
withinss	[0.01031102718007343, 0.0, 0.0, 0.0008288753887783748, 0.016055976617244807, 0.0, 0.0, 0.0, 0.0, 0.03821757040156445, 0.11071190275300304, 0.03259981270392684, 0.004566505654432149, 0.0013551520093526652, 0.0, 0.004378012404833058, 0.021663403933889568, 0.0, 0.003239924701658194, 0.0, 0.006825132216466135, 0.0693085069291598, 0.0, 0.010653196742541738, 0.0, 0.0, 0.0016452721381995622, 0.022725631123253008, 0.0]
tot.withinss	0.3550859028983768
betweenss	39.3082450071984
size	[3, 1, 1, 2, 4, 1, 1, 1, 1, 5, 2, 5, 3, 2, 1, 2, 4, 1, 2, 1, 3, 3, 1, 3, 1, 1, 2, 2, 1]
##########################クラスタ数3個の時の平均##########################
cl[1] = [1.5705375173845355, -0.5792699163623335, 1.8392811229992099, 1.1251104400144876, 0.49385660369178536]
cl[2] = [-0.5714816934658159, -0.3590061062664675, 1.9807986140961884, 1.3227853029722447, 0.9796247326645133]
cl[3] = [-0.7626451354880165, -0.5578560853233414, 1.844711615750284, -0.03318084942879877, 1.9999829376893627]
##########################クラスタ数3個の時の標準偏差##########################
cl[1] = [0.19304204507375136, 0.2584176413705584, 0.1555164249243208, 0.8989052784126595, 1.506447746068997]
cl[2] = [0.0860387147673493, 0.11070515909948475, 0.023391567341354197, 0.8683123155858593, 1.2056716445633437]
cl[3] = [0.07652804426905946, 0.10146293072279752, 0.1039598470448838, 0.4234402041625487, 2.5687843208782494e-05]
##########################異常データ(標準化)##########################
[1.8045031479067497, -1.0052452387751818, 1.5814544307658003, 0.5483480869906026, 1.9999838997356294]
[1.4857354960778246, -0.4612090349582455, 1.9200749850204564, 1.9997634518307756, -0.96813341790942]
[1.6908976713497987, -0.31504096110107815, 1.991314743767119, 1.9984372546654878, -1.0564022935917419]
[1.3010137542037687, -0.5355844306148289, 1.8642803324434636, -0.04610703342891565, 1.9999782265326738]
[-0.47750306959609023, -0.5641345700970791, 1.9726568989634272, -0.019903747644868856, 1.9999015657073866]

[-0.5460166240602609, -0.1529599175612235, 1.9999990535885197, -0.29153783092419316, -0.22021659458110926]
[-0.49230069713087876, -0.3289893256682083, 1.9925348456531498, 1.9975169085061912, -0.5644726376828058]
[-0.20291677221436993, -0.23299795116846428, 1.9995926975987428, 1.9769018786900305, -0.6754793838167756]
[-0.5957270737877876, -0.34835205193057667, 1.9561087917090731, 1.9992791885050534, -0.5287832906627133]
[-0.5160257931467631, -0.5273326512953338, 1.94797707066038, 1.1662509448700658, 1.999910697283138]

[-0.5861360417114239, -0.4919352572377138, 1.916897792298714, 0.1327243402416185, 1.9999526840462503]
[-0.5794170853089015, -0.37287985497130854, 1.9945188894107744, 1.518821193853968, 1.9920897737655656]
[-0.6278976529076478, -0.3492373184342559, 1.9579221225268741, 1.9894891333594142, 1.9775024857016377]
[-0.6945243277696564, -0.3933565883221599, 1.9618002309112375, 0.140376277325947, 1.9999480610929332]
[-0.5876016232481183, -0.16312265332274548, 1.9997952141346425, 1.9739568423595066, -0.5793407644966934]

[-0.6658245357955233, -0.4163840251203759, 1.9530399824744276, 1.9996305790866105, -0.492944820439304]
[-0.5813325450599216, -0.3436000384654449, 1.9823898847795867, 1.9999245015787377, -0.5356389549965027]
[-0.5140898372851119, -0.5247457976965888, 1.9741438189783602, 1.201334346629977, 1.9996675484169515]
[-0.5369717353734218, -0.3366932407273089, 1.9985270760529938, 1.995529939488877, -0.5502993783681317]
[-0.5018923413193651, -0.44949255507831276, 1.9999998805121695, -0.22790538550288403, -0.17555201158027015]

[-0.5585794884115861, -0.2758031180735384, 1.998563874952359, 1.9934492643818076, -0.5598578574972174]
[-0.5854122647055602, -0.3429618570615832, 1.9963255671853122, 1.9983278037352683, -0.535454906468881]
[-0.5351520494509718, -0.26655366511421663, 1.9999984796223516, -0.26562400395389313, -0.20222877482924723]
[-0.5340274075270507, -0.6025028079176101, 1.8994425741486385, 1.9978466957697274, -0.4761660029279751]
[-0.5382403871387431, -0.4318907410781644, 1.9672469436663755, 1.999058946074292, -0.5236692728790742]

[-0.5722134456460473, -0.23664589096275826, 1.9992771582282407, -0.5174938467473724, 1.9966084537025461]
[-0.7910334032655765, -0.5696737811692076, 1.9330343653988258, 1.1996670611828502, 1.9999392698920888]
[-0.7242852357242276, -0.5605987197185978, 1.9409821736748258, 0.36418005860178804, 1.9999669789758332]
[-0.8580541025868073, -0.8267659682864801, 1.7791960394001833, 1.1504136990887308, 1.9998856720715688]
[-0.5659024863648123, -0.5222726710298194, 1.9937893769230377, 1.4159086844889557, 1.9998821510098408]

[-0.6173754330652711, -0.3127532825058085, 1.979619805344865, -0.02080759916594298, 1.999957515598014]
[-0.599440461594419, -0.4168478716800376, 1.9320935407535798, 1.9998825528058084, -0.5088933200087116]
[-0.5421824147249832, -0.4847665608024471, 1.996265163506497, 1.4778644282849838, 1.9967085747517688]
[-0.8200370957797252, -0.6180340582894741, 1.7201904180920504, -0.4319378988434787, 1.9999734089046282]
[-0.7433607262049463, -0.4292660260745834, 1.914372346739099, -0.45998805328640757, 1.9999881787235565]

[-0.5334304892830842, -0.30865231077533817, 1.9998659641897352, 1.7400862742257017, 1.8502113953577093]
[-0.6042223840832892, -0.6387112645086838, 1.8221007726050187, -0.19869616440291785, 1.9999863246700673]
[-0.5154766161427716, -0.38878412605701523, 1.9772517629017679, 1.9956000984298412, 1.9642382875532403]
[-0.7240074895831826, -0.5292190781742124, 1.90521568250481, -0.3997006682757941, 1.9999917716564493]
[-0.5867240310224889, -0.2660838601918447, 1.999017307058151, 1.956602253588785, 1.9194561530213723]

[-0.6006293760854289, -0.3699525548213535, 1.9899014570596392, 1.3109994677362558, 1.9997474527547996]
[-0.6450112990474405, -0.23089079699929604, 1.993092700867003, 1.9811123687565124, 1.989243159275487]
[-0.5881279809888369, -0.3007393564568809, 1.9936031113856976, 1.9647217983259397, 1.9893404944351551]
[-0.6119418897616893, -0.2893416179620764, 1.9896540862278764, 1.9955629187847663, 1.931725824295633]
[-0.6304722635723021, -0.2945654123972183, 1.9867235425856196, 1.9977749331469858, 1.769556130302842]

[-0.6440127362788091, -0.29883956757352037, 1.9905837337590553, -0.2905959123993611, 1.999657476768892]
[-0.7248247311612213, -0.438017291784972, 1.9363025314526068, 0.1728941220342228, 1.9999898048218856]
[-0.6100714240113294, -0.2650132644968339, 1.9945938009802684, 0.9542523742580735, 1.999867641993517]
[-0.7248528867799111, -0.47076879544546263, 1.926845311282279, -0.02032372480492766, 1.9999969822230588]
[-0.7295693682580469, -0.4904177244296174, 1.9450895756462467, -0.09657268990952374, 1.9999967850792535]

[-0.8783358843154199, -0.5761899770990178, 1.8681657796715168, 0.7904927847869493, 1.9999937653940587]
[-0.8055279807653007, -0.5424905931786035, 1.8691937678962725, -0.02655260855773102, 1.9999971720690888]
[-0.7660601369060227, -0.5164432259341095, 1.8844182706201091, -0.013590085901109947, 1.9999942967648894]
[-0.619323596142166, -0.3034122768733446, 1.9885979468597197, 0.6391948780806403, 1.999952967141884]
[-0.7772866895555501, -0.48532889918738875, 1.8699323614745929, -0.35766507029088945, 1.9999841296331455]

[-0.7933475623651507, -0.5316779050233141, 1.813825365546819, -0.2214028611590743, 1.9999963794726643]
[-0.8712621546166673, -0.7164814513897338, 1.7900633565968749, 0.17590317259987373, 1.9999950334835015]
[-0.8408177503739697, -0.6747631829556245, 1.5466164890789302, -0.4735210895472138, 1.9999959059863452]
[-0.736659730960852, -0.44044102172774474, 1.9354853063882012, -0.32744367092176485, 1.9999926974930042]
[-0.7816096225405978, -0.6217151806981508, 1.6646273582862465, -0.3896497305995268, 1.9999978446286362]

##########################逸脱度##########################
2.8889364243993874
1.6000677991236452
2.095911604724921
2.168175251026887
2.8026376394090042

2.944872361338974
1.848295329018138
4.768989479107684
1.8371092212700673
2.333398879057264

2.78650586167205
1.0603792787470845
1.6336249938887173
2.317662510356672
2.4616604009011844

2.2312718371194387
1.491555794420298
1.8715290423401403
1.7281187536471936
2.4705050331087057

1.841494881885361
1.6346914485297974
2.4200585179852734
4.380207723504647
1.7548724174655477

2.654996013887474
3.498516805260589
1.541460710133809
5.579061832554501
1.7931006456835443

1.8900092147402425
2.616540903331788
1.6084668419027217
1.8366509613963975
1.7822157726725707

1.3488086377168689
2.2667030667475667
1.3365516217779003
1.2412780199676128
1.5757499289308303

0.9960211568305058
1.9031286869173847
1.3645530960869288
1.4086826294669794
1.3808047160961865

2.3128326028358845
1.650383862667171
1.471744683447026
1.380075176095082
1.3688878273371963

2.5160228487734506
0.8364769750120538
0.7156410062503569
1.4172196310466023
1.0935243261824168

0.8872383200886046
2.2804537167945873
3.4538877226782647
1.6864620760715865
2.1221859244212253

##############################################################
タイムスロット0 = [2.8889364243993874, 33.00985714249083, 33.956190743459956]
タイムスロット1 = [1.6000677991236452, 24.135339568622566, 115545.56877920312]
タイムスロット2 = [2.095911604724921, 26.367380992158648, 118981.78140986085]
タイムスロット3 = [2.168175251026887, 22.454486261717154, 26.96823888873333]
タイムスロット4 = [10.766529903375366, 2.8026376394090042, 5.043499605234727]
タイムスロット5 = [11.256635519184542, 2.944872361338974, 86429.97071297701]
タイムスロット6 = [10.841318300847115, 1.848295329018138, 99831.4868246558]
タイムスロット7 = [9.421112526615683, 4.768989479107684, 104152.8598051027]
タイムスロット8 = [11.344446690920929, 1.8371092212700673, 98442.13903564317]
タイムスロット9 = [10.87942115723644, 2.333398879057264, 5.233985022013217]
タイムスロット10 = [11.286989579510285, 3.395298359863485, 2.78650586167205]
タイムスロット11 = [11.262914845109565, 1.0603792787470845, 307.3123215422584]
タイムスロット12 = [11.531004651806063, 1.6336249938887173, 875.1576233618321]
タイムスロット13 = [11.874899411304941, 2.317662510356672, 2.5885867609879454]
タイムスロット14 = [11.403596502583374, 2.4616604009011844, 100410.28695893518]
タイムスロット15 = [11.684030810845757, 2.2312718371194387, 97046.98605990321]
タイムスロット16 = [11.285023425372257, 1.491555794420298, 98709.02265385471]
タイムスロット17 = [10.881981328865956, 1.8715290423401403, 13.093841896300887]
タイムスロット18 = [11.069618989522237, 1.7281187536471936, 99279.73712398061]
タイムスロット19 = [10.910417931654168, 2.4705050331087057, 84691.22665891748]
タイムスロット20 = [11.20248837119158, 1.841494881885361, 99651.83840185308]
タイムスロット21 = [11.313584905176468, 1.6346914485297974, 98701.85784398703]
タイムスロット22 = [11.141029604461028, 2.4200585179852734, 85729.72427299584]
タイムスロット23 = [10.971367681370063, 4.380207723504647, 96393.80483637008]
タイムスロット24 = [11.03340670135923, 1.7548724174655477, 98243.05585235893]
タイムスロット25 = [11.417477100484833, 2.654996013887474, 131.4401041334076]
タイムスロット26 = [12.289369083541573, 3.877967335679808, 3.498516805260589]
タイムスロット27 = [11.97773054986645, 3.3619174125534887, 1.541460710133809]
タイムスロット28 = [12.662510038546705, 10.197182968931378, 5.579061832554501]
タイムスロット29 = [11.163481379936496, 1.7931006456835443, 5.9911559477240335]
タイムスロット30 = [11.53079289666311, 1.8900092147402425, 3.47896567583494]
タイムスロット31 = [11.335806421894459, 2.616540903331788, 97667.84394015788]
タイムスロット32 = [11.04901590396096, 1.6084668419027217, 127.56025601636938]
タイムスロット33 = [12.56840723703879, 11.947585342820704, 1.8366509613963975]
タイムスロット34 = [12.180118342541912, 4.170061379540777, 1.7822157726725707]
タイムスロット35 = [11.055772735028183, 1.3488086377168689, 5830.447410689862]
タイムスロット36 = [11.408339606165688, 7.506201905531088, 2.2667030667475667]
タイムスロット37 = [10.954028454613427, 1.3365516217779003, 1391.5142134263242]
タイムスロット38 = [12.057242303392414, 4.538582318046191, 1.2412780199676128]
タイムスロット39 = [11.364749568262841, 1.5757499289308303, 3134.8268145214893]
タイムスロット40 = [11.363706930755496, 0.9960211568305058, 10.196875010205746]
タイムスロット41 = [11.679468287094734, 1.9031286869173847, 418.1327184496967]
タイムスロット42 = [11.359995582470253, 1.3645530960869288, 414.3421913142764]
タイムスロット43 = [11.483106189672124, 1.4086826294669794, 2657.182457385864]
タイムスロット44 = [11.565953051789068, 1.3808047160961865, 8970.26873907097]
タイムスロット45 = [11.713544854031998, 2.3128326028358845, 13.10661146853768]
タイムスロット46 = [12.008046223610304, 3.126378497981316, 1.650383862667171]
タイムスロット47 = [11.450419191512324, 1.471744683447026, 6.321919431620833]
タイムスロット48 = [12.02096411208023, 3.5532682650440566, 1.380075176095082]
タイムスロット49 = [12.058042178194759, 3.240951103456826, 1.3688878273371963]
タイムスロット50 = [12.731840886254513, 6.391063188943996, 2.5160228487734506]
タイムスロット51 = [12.417665005781132, 6.00348093983674, 0.8364769750120538]
タイムスロット52 = [12.2170594276192, 5.2152412316011345, 0.7156410062503569]
タイムスロット53 = [11.490802687541938, 1.4172196310466023, 3.9489781477122734]
タイムスロット54 = [12.321188386277399, 5.8265776955773525, 1.0935243261824168]
タイムスロット55 = [12.379619878116774, 7.994677679990629, 0.8872383200886046]
タイムスロット56 = [12.747366304199666, 9.566385844394048, 2.2804537167945873]
タイムスロット57 = [12.801335520243487, 19.169223779162188, 3.4538877226782647]
タイムスロット58 = [12.129602283959564, 3.50820887868678, 1.6864620760715865]
タイムスロット59 = [12.393256680606545, 14.103060377924956, 2.1221859244212253]
