##########################通常データ(標準化)##########################
[0.9628694005436791, -0.5939775691489201, -0.5437755420017486, 1.732050806510776]
[-0.540942730078065, -0.8891221300443329, 0.24339103515094182, 1.7320505937445487]
[-0.4153108261057596, -0.8787659354250379, 0.20497326608269104, 1.732050632222853]
[-0.17857850642908193, -0.8500341541141045, 0.10568033458685297, 1.7320506880585147]
[0.9878056299575998, -0.5829867365026794, -0.5660512252662626, 1.7320508074399508]

[0.7402454469752935, -0.6787640093616115, -0.3599954884417102, 1.7320507808149699]
[0.9128479739348976, -0.613241518625131, -0.5039319737701041, 1.732050803005217]
[0.8728276547814567, -0.630646616931295, -0.46702218509172594, 1.7320507973033996]
[0.9476912069296093, -0.5999369473055682, -0.5315622270449374, 1.7320508055443344]
[0.7069562203852818, -0.6783863987989863, -0.3608587134268145, 1.7320507807300312]

[-0.6421300353026623, -0.8917799904606073, 0.2536758701792848, 1.7320505723680724]
[-0.8312463381038621, -0.9333440513977939, 0.42895719989192627, 1.7320502209030255]
[-0.9112316362051549, -0.9454604861670229, 0.48868836373069635, 1.732050107687336]
[-0.9156610088930258, -0.946681139611365, 0.49504175589922333, 1.732050083138515]
[-0.8421179173482563, -0.9343069891908122, 0.43352023966272485, 1.7320502159588698]

[-0.9130842452262713, -0.9436036333143045, 0.4794242218536003, 1.7320500501303333]
[-0.8309283583568009, -0.9283952220412106, 0.40599037293255835, 1.7320502800695394]
[-0.44268488057173755, -0.863714359155901, 0.1520473659796874, 1.7320506780937575]
[-0.6830861287978804, -0.9049841053298672, 0.30544284298663577, 1.7320504898769162]
[-0.8028587226118391, -0.9312820529564914, 0.41907013906282825, 1.7320503010325508]

[-0.8929282536709546, -0.9409024131374939, 0.4657338552116815, 1.7320501112749334]
[-0.8299053703366919, -0.9344937125026356, 0.434307951618448, 1.7320502374834208]
[-0.903371601968707, -0.9443164451601246, 0.48294643435867934, 1.7320500697937165]
[-0.9170278429019344, -0.9516406909270169, 0.5212461814387559, 1.7320500720682521]
[-0.8427924848997396, -0.9384186692699016, 0.4532310839029018, 1.7320501918412914]

[-0.9184610393972905, -0.9536471213576575, 0.5323986430731867, 1.732049989118444]
[-0.8480390262557274, -0.9435839064402438, 0.4789312011937468, 1.7320501285779004]
[-0.9086933297925728, -0.9463291716761814, 0.4934314126836186, 1.732049998568893]
[-0.9048005425964024, -0.9429244000275231, 0.4758960944240373, 1.7320500842725568]
[-0.8358743141939202, -0.9340288942397457, 0.4321350681233733, 1.7320502373062436]

##########################クラスタ数##########################
2
##########################クラスタリング結果##########################
=====クラスタ数1個のとき＝＝＝＝＝
cluster	[1, 1, 1, 1, 1, 1, 1, 1, 1, 1, 1, 1, 1, 1, 1, 1, 1, 1, 1, 1, 1, 1, 1, 1, 1, 1, 1, 1, 1, 1]
centers	[-0.3873503868866667, -1.0423889088833336, 0.05196799841333335, 1.3777712973533338]
totts	25.872918591168688
withinss	25.872918591168673
tot.withinss	25.872918591168673
betweenss	1.4210854715202004e-14
size	30
=====クラスタ数2個のとき＝＝＝＝＝
cluster	[2, 1, 1, 1, 2, 2, 2, 2, 2, 2, 1, 1, 1, 1, 1, 1, 1, 1, 1, 1, 1, 1, 1, 1, 1, 1, 1, 1, 1, 1]
centers	[[-0.7718154408739132, -1.0359207537434785, 0.34805408395652176, 1.459682110656522], [0.8758919333571428, -1.0636414186285712, -0.9208862826571427, 1.1086357679285714]]
totts	25.872918591168688
withinss	[1.8251789756909773, 0.1706280943263914]
tot.withinss	1.9958070700173687
betweenss	23.87711152115132
size	[23, 7]
=====クラスタ数3個のとき＝＝＝＝＝
cluster	[2, 1, 1, 1, 2, 2, 2, 2, 2, 2, 1, 3, 3, 3, 3, 3, 3, 1, 1, 3, 3, 3, 3, 3, 3, 3, 3, 3, 3, 3]
centers	[[-0.48378885121666665, -1.1391646755166667, 0.06823995745, 1.5547135692666665], [0.8758919333571428, -1.0636414186285712, -0.9208862826571427, 1.1086357679285714], [-0.873471884282353, -0.9994817225294118, 0.44681201095882356, 1.4261415958529413]]
totts	25.872918591168688
withinss	[0.27876729127488875, 0.1706280943263914, 0.07755959496783853]
tot.withinss	0.5269549805691187
betweenss	25.34596361059957
size	[6, 7, 17]
=====クラスタ数4個のとき＝＝＝＝＝
cluster	[1, 2, 4, 4, 1, 1, 1, 1, 1, 1, 2, 3, 3, 3, 3, 3, 3, 4, 2, 3, 3, 3, 3, 3, 3, 3, 3, 3, 3, 3]
centers	[[0.8758919333571428, -1.0636414186285712, -0.9208862826571427, 1.1086357679285714], [-0.6220529647333333, -1.0936961278333335, 0.17286917606666666, 1.5428799164666664], [-0.873471884282353, -0.9994817225294118, 0.44681201095882356, 1.4261415958529413], [-0.3455247377, -1.1846332231999999, -0.03638926116666667, 1.5665472220666665]]
totts	25.872918591168688
withinss	[0.1706280943263914, 0.019550100959663877, 0.07755959496783853, 0.06558721446378626]
tot.withinss	0.33332500471768006
betweenss	25.53959358645101
size	[7, 3, 17, 3]
=====クラスタ数5個のとき＝＝＝＝＝
cluster	[1, 2, 3, 3, 1, 1, 1, 1, 1, 1, 2, 4, 5, 5, 4, 5, 4, 3, 2, 4, 5, 4, 5, 5, 4, 5, 4, 5, 5, 4]
centers	[[0.8758919333571428, -1.0636414186285712, -0.9208862826571427, 1.1086357679285714], [-0.6220529647333333, -1.0936961278333335, 0.17286917606666666, 1.5428799164666664], [-0.3455247377, -1.1846332231999999, -0.03638926116666667, 1.5665472220666665], [-0.8329703165125001, -1.0214293168875, 0.40636641907500004, 1.448033214325], [-0.9094732778555557, -0.9799727497666666, 0.4827636481888889, 1.4066823794333334]]
totts	25.872918591168688
withinss	[0.1706280943263914, 0.019550100959663877, 0.06558721446378626, 0.007269968230702586, 0.006261389594560869]
tot.withinss	0.269296767575105
betweenss	25.60362182359358
size	[7, 3, 3, 8, 9]
=====クラスタ数6個のとき＝＝＝＝＝
cluster	[5, 6, 1, 1, 5, 3, 5, 5, 5, 3, 6, 2, 4, 4, 2, 4, 2, 1, 6, 2, 4, 2, 4, 4, 2, 4, 2, 4, 4, 2]
centers	[[-0.3455247377, -1.1846332231999999, -0.03638926116666667, 1.5665472220666665], [-0.8329703165125001, -1.0214293168875, 0.40636641907500004, 1.448033214325], [0.7236008337, -1.1344438384000002, -0.8203941046500001, 1.2312371093499999], [-0.9094732778555557, -0.9799727497666666, 0.4827636481888889, 1.4066823794333334], [0.9368083732200001, -1.03532045072, -0.96108315386, 1.05959523136], [-0.6220529647333333, -1.0936961278333335, 0.17286917606666666, 1.5428799164666664]]
totts	25.872918591168688
withinss	[0.06558721446378626, 0.007269968230702586, 0.0008954091424381313, 0.006261389594560869, 0.020393765554124976, 0.019550100959663877]
tot.withinss	0.11995784794527671
betweenss	25.75296074322341
size	[3, 8, 2, 9, 5, 3]
=====クラスタ数7個のとき＝＝＝＝＝
cluster	[5, 4, 7, 7, 5, 5, 5, 5, 5, 5, 4, 1, 3, 3, 1, 3, 1, 7, 4, 1, 3, 1, 3, 6, 2, 6, 2, 3, 3, 1]
centers	[[-0.8288218368166667, -1.0206434894666667, 0.3952660146, 1.4541993116833334], [-0.8454157556, -1.0237867991499998, 0.4396676325, 1.42953492225], [-0.9071100883428572, -0.9784504304999999, 0.4727301983142857, 1.4128303205285715], [-0.6220529647333333, -1.0936961278333335, 0.17286917606666666, 1.5428799164666664], [0.8758919333571428, -1.0636414186285712, -0.9208862826571427, 1.1086357679285714], [-0.91774444115, -0.9853008672, 0.51788072275, 1.3851645856], [-0.3455247377, -1.1846332231999999, -0.03638926116666667, 1.5665472220666665]]
totts	25.872918591168688
withinss	[0.002462218590319652, 0.0005101381684680377, 0.0015588136173377172, 0.019550100959663877, 0.1706280943263914, 9.193935056570652e-05, 0.06558721446378626]
tot.withinss	0.26038851947653263
betweenss	25.612530071692156
size	[6, 2, 7, 3, 7, 2, 3]
=====クラスタ数8個のとき＝＝＝＝＝
cluster	[7, 6, 5, 5, 7, 2, 1, 8, 7, 2, 6, 4, 3, 3, 4, 3, 4, 5, 6, 4, 3, 4, 3, 3, 4, 3, 4, 3, 3, 4]
centers	[[0.9128479739, -1.0472383228, -0.9479329181, 1.082323267], [0.7236008337, -1.1344438384000002, -0.8203941046500001, 1.2312371093499999], [-0.9094732778555557, -0.9799727497666666, 0.4827636481888889, 1.4066823794333334], [-0.8329703165125001, -1.0214293168875, 0.40636641907500004, 1.448033214325], [-0.3455247377, -1.1846332231999999, -0.03638926116666667, 1.5665472220666665], [-0.6220529647333333, -1.0936961278333335, 0.17286917606666666, 1.5428799164666664], [0.9661220791333333, -1.0195615774333333, -0.9795025057666665, 1.0329420040666666], [0.8728276548, -1.0706791985, -0.9189753339, 1.1168268776]]
totts	25.872918591168688
withinss	[0.0, 0.0008954091424381313, 0.006261389594560869, 0.007269968230702586, 0.06558721446378626, 0.019550100959663877, 0.002123926157454941, 0.0]
tot.withinss	0.10168800854860667
betweenss	25.77123058262008
size	[1, 2, 9, 8, 3, 3, 3, 1]
=====クラスタ数9個のとき＝＝＝＝＝
cluster	[5, 9, 8, 8, 5, 1, 5, 5, 5, 1, 9, 3, 2, 2, 3, 2, 3, 8, 9, 3, 7, 3, 2, 6, 4, 6, 4, 2, 7, 3]
centers	[[0.7236008337, -1.1344438384000002, -0.8203941046500001, 1.2312371093499999], [-0.91040836442, -0.9774655854599998, 0.47831882364, 1.40955512626], [-0.8288218368166667, -1.0206434894666667, 0.3952660146, 1.4541993116833334], [-0.8454157556, -1.0237867991499998, 0.4396676325, 1.42953492225], [0.9368083732200001, -1.03532045072, -0.96108315386, 1.05959523136], [-0.91774444115, -0.9853008672, 0.51788072275, 1.3851645856], [-0.89886439815, -0.9809125431000001, 0.458758635, 1.4210183062000001], [-0.3455247377, -1.1846332231999999, -0.03638926116666667, 1.5665472220666665], [-0.6220529647333333, -1.0936961278333335, 0.17286917606666666, 1.5428799164666664]]
totts	25.872918591168688
withinss	[0.0008954091424381313, 0.00041544103479320977, 0.002462218590319652, 0.0005101381684680377, 0.020393765554124976, 9.193935056570652e-05, 0.0002017295137101397, 0.06558721446378626, 0.019550100959663877]
tot.withinss	0.11010795677787
betweenss	25.762810634390817
size	[2, 5, 6, 2, 5, 2, 2, 3, 3]
=====クラスタ数10個のとき＝＝＝＝＝
cluster	[4, 8, 2, 2, 4, 9, 4, 4, 4, 5, 8, 7, 1, 1, 7, 1, 7, 2, 8, 7, 6, 7, 1, 3, 10, 3, 10, 1, 6, 7]
centers	[[-0.91040836442, -0.9774655854599998, 0.47831882364, 1.40955512626], [-0.3455247377, -1.1846332231999999, -0.03638926116666667, 1.5665472220666665], [-0.91774444115, -0.9853008672, 0.51788072275, 1.3851645856], [0.9368083732200001, -1.03532045072, -0.96108315386, 1.05959523136], [0.7069562204, -1.1329483192, -0.8180001616, 1.2439922604], [-0.89886439815, -0.9809125431000001, 0.458758635, 1.4210183062000001], [-0.8288218368166667, -1.0206434894666667, 0.3952660146, 1.4541993116833334], [-0.6220529647333333, -1.0936961278333335, 0.17286917606666666, 1.5428799164666664], [0.740245447, -1.1359393576, -0.8227880477, 1.2184819583], [-0.8454157556, -1.0237867991499998, 0.4396676325, 1.42953492225]]
totts	25.872918591168688
withinss	[0.00041544103479320977, 0.06558721446378626, 9.193935056570652e-05, 0.020393765554124976, 0.0, 0.0002017295137101397, 0.002462218590319652, 0.019550100959663877, 0.0, 0.0005101381684680377]
tot.withinss	0.10921254763543187
betweenss	25.763706043533254
size	[5, 3, 2, 5, 1, 2, 6, 3, 1, 2]
=====クラスタ数11個のとき＝＝＝＝＝
cluster	[7, 1, 6, 9, 7, 4, 7, 7, 7, 4, 5, 11, 10, 10, 11, 10, 3, 6, 5, 3, 10, 11, 10, 8, 2, 8, 2, 10, 10, 11]
centers	[[-0.5409427301, -1.1325988411, 0.1211486323, 1.5523929389], [-0.8454157556, -1.0237867991499998, 0.4396676325, 1.42953492225], [-0.8168935405, -1.0245669212, 0.37894644435, 1.4625140173500002], [0.7236008337, -1.1344438384000002, -0.8203941046500001, 1.2312371093499999], [-0.66260808205, -1.0742447712, 0.19872944795, 1.53812340525], [-0.42899785334999996, -1.1596893451999999, 0.01723572495, 1.57145147355], [0.9368083732200001, -1.03532045072, -0.96108315386, 1.05959523136], [-0.91774444115, -0.9853008672, 0.51788072275, 1.3851645856], [-0.1785785064, -1.2345209792, -0.1436392334, 1.5567387191], [-0.9071100883428572, -0.9784504304999999, 0.4727301983142857, 1.4128303205285715], [-0.8347859849750001, -1.0186817736, 0.40342579972500003, 1.45004195885]]
totts	25.872918591168688
withinss	[0.0, 0.0005101381684680377, 0.0007998176852831412, 0.0008954091424381313, 0.0032633957019844004, 0.0026493210360564964, 0.020393765554124976, 9.193935056570652e-05, 0.0, 0.0015588136173377172, 0.00018298008587956717]
tot.withinss	0.030345580342138176
betweenss	25.84257301082655
size	[1, 2, 2, 2, 2, 2, 5, 2, 1, 7, 4]
=====クラスタ数12個のとき＝＝＝＝＝
cluster	[7, 5, 10, 1, 7, 8, 9, 9, 7, 8, 2, 11, 12, 12, 11, 12, 3, 10, 2, 3, 12, 11, 12, 4, 6, 4, 6, 12, 12, 11]
centers	[[-0.1785785064, -1.2345209792, -0.1436392334, 1.5567387191], [-0.66260808205, -1.0742447712, 0.19872944795, 1.53812340525], [-0.8168935405, -1.0245669212, 0.37894644435, 1.4625140173500002], [-0.91774444115, -0.9853008672, 0.51788072275, 1.3851645856], [-0.5409427301, -1.1325988411, 0.1211486323, 1.5523929389], [-0.8454157556, -1.0237867991499998, 0.4396676325, 1.42953492225], [0.9661220791333333, -1.0195615774333333, -0.9795025057666665, 1.0329420040666666], [0.7236008337, -1.1344438384000002, -0.8203941046500001, 1.2312371093499999], [0.89283781435, -1.05895876065, -0.933454126, 1.0995750723], [-0.42899785334999996, -1.1596893451999999, 0.01723572495, 1.57145147355], [-0.8347859849750001, -1.0186817736, 0.40342579972500003, 1.45004195885], [-0.9071100883428572, -0.9784504304999999, 0.4727301983142857, 1.4128303205285715]]
totts	25.872918591168688
withinss	[0.0, 0.0032633957019844004, 0.0007998176852831412, 9.193935056570652e-05, 0.0, 0.0005101381684680377, 0.002123926157454941, 0.0008954091424381313, 0.002090070710792603, 0.0026493210360564964, 0.00018298008587956717, 0.0015588136173377172]
tot.withinss	0.014165811656260742
betweenss	25.858752779512425
size	[1, 2, 2, 2, 1, 2, 3, 2, 2, 2, 4, 7]
=====クラスタ数13個のとき＝＝＝＝＝
cluster	[5, 1, 4, 10, 5, 12, 5, 5, 5, 12, 9, 13, 3, 3, 13, 6, 8, 4, 9, 8, 2, 13, 6, 11, 7, 11, 7, 3, 6, 13]
centers	[[-0.5409427301, -1.1325988411, 0.1211486323, 1.5523929389], [-0.8929282537, -0.9840433816, 0.4522623622, 1.424709273], [-0.9118619916333334, -0.9778936703333333, 0.4830240439, 1.4067316181], [-0.42899785334999996, -1.1596893451999999, 0.01723572495, 1.57145147355], [0.9368083732200001, -1.03532045072, -0.96108315386, 1.05959523136], [-0.9070854632666666, -0.9771428736333334, 0.4692589647666667, 1.4149693721333332], [-0.8454157556, -1.0237867991499998, 0.4396676325, 1.42953492225], [-0.8168935405, -1.0245669212, 0.37894644435, 1.4625140173500002], [-0.66260808205, -1.0742447712, 0.19872944795, 1.53812340525], [-0.1785785064, -1.2345209792, -0.1436392334, 1.5567387191], [-0.91774444115, -0.9853008672, 0.51788072275, 1.3851645856], [0.7236008337, -1.1344438384000002, -0.8203941046500001, 1.2312371093499999], [-0.8347859849750001, -1.0186817736, 0.40342579972500003, 1.45004195885]]
totts	25.872918591168688
withinss	[0.0, 0.0, 7.681610311557977e-05, 0.0026493210360564964, 0.020393765554124976, 0.00013640021990634854, 0.0005101381684680377, 0.0007998176852831412, 0.0032633957019844004, 0.0, 9.193935056570652e-05, 0.0008954091424381313, 0.00018298008587956717]
tot.withinss	0.028999983047822385
betweenss	25.843918608120866
size	[1, 1, 3, 2, 5, 3, 2, 2, 2, 1, 2, 2, 4]
=====クラスタ数14個のとき＝＝＝＝＝
cluster	[3, 5, 5, 14, 3, 3, 3, 3, 3, 3, 2, 13, 4, 11, 13, 9, 6, 5, 2, 6, 7, 13, 10, 12, 8, 12, 1, 4, 10, 13]
centers	[[-0.8480390263, -1.0267493676, 0.4530390662, 1.4217493276], [-0.66260808205, -1.0742447712, 0.19872944795, 1.53812340525], [0.8758919333571428, -1.0636414186285712, -0.9208862826571427, 1.1086357679285714], [-0.9099624829999999, -0.97905468955, 0.48125036015, 1.40776681245], [-0.46631281226666665, -1.1506591771666665, 0.05187336073333334, 1.5650986286666668], [-0.8168935405, -1.0245669212, 0.37894644435, 1.4625140173500002], [-0.8929282537, -0.9840433816, 0.4522623622, 1.424709273], [-0.8427924849, -1.0208242307, 0.4262961988, 1.4373205169], [-0.9130842452, -0.9719386625, 0.4708353382, 1.4141875695], [-0.9040860722999999, -0.9797449792, 0.46847077805000004, 1.4153602734500002], [-0.9156610089, -0.9755716319, 0.4865714114, 1.4046612294], [-0.91774444115, -0.9853008672, 0.51788072275, 1.3851645856], [-0.8347859849750001, -1.0186817736, 0.40342579972500003, 1.45004195885], [-0.1785785064, -1.2345209792, -0.1436392334, 1.5567387191]]
totts	25.872918591168688
withinss	[0.0, 0.0032633957019844004, 0.1706280943263914, 2.177402277440095e-05, 0.018933768302656327, 0.0007998176852831412, 0.0, 0.0, 0.0, 3.715216976214405e-05, 0.0, 9.193935056570652e-05, 0.00018298008587956717, 0.0]
tot.withinss	0.19395892164529707
betweenss	25.67895966952339
size	[1, 2, 7, 2, 3, 2, 1, 1, 1, 2, 1, 2, 4, 1]
=====クラスタ数15個のとき＝＝＝＝＝
cluster	[12, 11, 4, 14, 13, 5, 2, 2, 12, 9, 7, 15, 3, 3, 15, 8, 15, 4, 7, 15, 6, 15, 8, 10, 1, 10, 1, 3, 8, 15]
centers	[[-0.8454157556, -1.0237867991499998, 0.4396676325, 1.42953492225], [0.89283781435, -1.05895876065, -0.933454126, 1.0995750723], [-0.9118619916333334, -0.9778936703333333, 0.4830240439, 1.4067316181], [-0.42899785334999996, -1.1596893451999999, 0.01723572495, 1.57145147355], [0.740245447, -1.1359393576, -0.8227880477, 1.2184819583], [-0.8929282537, -0.9840433816, 0.4522623622, 1.424709273], [-0.66260808205, -1.0742447712, 0.19872944795, 1.53812340525], [-0.9070854632666666, -0.9771428736333334, 0.4692589647666667, 1.4149693721333332], [0.7069562204, -1.1329483192, -0.8180001616, 1.2439922604], [-0.91774444115, -0.9853008672, 0.51788072275, 1.3851645856], [-0.5409427301, -1.1325988411, 0.1211486323, 1.5523929389], [0.9552803036999999, -1.0256751136, -0.9729715154, 1.0433663253], [0.98780563, -1.0073345051, -0.9925644865, 1.0120933616], [-0.1785785064, -1.2345209792, -0.1436392334, 1.5567387191], [-0.8288218368166667, -1.0206434894666667, 0.3952660146, 1.4541993116833334]]
totts	25.872918591168688
withinss	[0.0005101381684680377, 0.002090070710792603, 7.681610311557977e-05, 0.0026493210360564964, 0.0, 0.0, 0.0032633957019844004, 0.00013640021990634854, 0.0, 9.193935056570652e-05, 0.0, 0.0002864877933358173, 0.0, 0.0, 0.002462218590319652]
tot.withinss	0.011566787674544643
betweenss	25.86135180349414
size	[2, 2, 3, 2, 1, 1, 2, 3, 1, 2, 1, 2, 1, 1, 6]
=====クラスタ数16個のとき＝＝＝＝＝
cluster	[16, 13, 10, 10, 11, 2, 4, 4, 16, 2, 13, 5, 8, 8, 7, 6, 12, 10, 13, 14, 1, 5, 6, 3, 9, 3, 15, 8, 6, 5]
centers	[[-0.8929282537, -0.9840433816, 0.4522623622, 1.424709273], [0.7236008337, -1.1344438384000002, -0.8203941046500001, 1.2312371093499999], [-0.91774444115, -0.9853008672, 0.51788072275, 1.3851645856], [0.89283781435, -1.05895876065, -0.933454126, 1.0995750723], [-0.8323420075333333, -1.0204712866333334, 0.4023035055666666, 1.4505097886], [-0.9070854632666666, -0.9771428736333334, 0.4692589647666667, 1.4149693721333332], [-0.8421179173, -1.0133132345, 0.4067926822, 1.4486384696], [-0.9118619916333334, -0.9778936703333333, 0.4830240439, 1.4067316181], [-0.8427924849, -1.0208242307, 0.4262961988, 1.4373205169], [-0.3455247377, -1.1846332231999999, -0.03638926116666667, 1.5665472220666665], [0.98780563, -1.0073345051, -0.9925644865, 1.0120933616], [-0.8309283584, -1.0107175484, 0.3766822189, 1.4649636878], [-0.6220529647333333, -1.0936961278333335, 0.17286917606666666, 1.5428799164666664], [-0.8028587226, -1.038416294, 0.3812106698, 1.4600643469], [-0.8480390263, -1.0267493676, 0.4530390662, 1.4217493276], [0.9552803036999999, -1.0256751136, -0.9729715154, 1.0433663253]]
totts	25.872918591168688
withinss	[0.0, 0.0008954091424381313, 9.193935056570652e-05, 0.002090070710792603, 5.513458806365361e-05, 0.00013640021990634854, 0.0, 7.681610311557977e-05, 0.0, 0.06558721446378626, 0.0, 0.0, 0.019550100959663877, 0.0, 0.0, 0.0002864877933358173]
tot.withinss	0.08876957333166798
betweenss	25.78414901783702
size	[1, 2, 2, 2, 3, 3, 1, 3, 1, 3, 1, 1, 3, 1, 1, 2]
=====クラスタ数17個のとき＝＝＝＝＝
cluster	[4, 6, 6, 5, 17, 10, 12, 12, 4, 10, 3, 8, 1, 2, 8, 14, 7, 6, 3, 7, 16, 8, 11, 15, 9, 13, 9, 1, 11, 8]
centers	[[-0.9099624829999999, -0.97905468955, 0.48125036015, 1.40776681245], [-0.9156610089, -0.9755716319, 0.4865714114, 1.4046612294], [-0.66260808205, -1.0742447712, 0.19872944795, 1.53812340525], [0.9552803036999999, -1.0256751136, -0.9729715154, 1.0433663253], [-0.1785785064, -1.2345209792, -0.1436392334, 1.5567387191], [-0.46631281226666665, -1.1506591771666665, 0.05187336073333334, 1.5650986286666668], [-0.8168935405, -1.0245669212, 0.37894644435, 1.4625140173500002], [-0.8347859849750001, -1.0186817736, 0.40342579972500003, 1.45004195885], [-0.8454157556, -1.0237867991499998, 0.4396676325, 1.42953492225], [0.7236008337, -1.1344438384000002, -0.8203941046500001, 1.2312371093499999], [-0.9040860722999999, -0.9797449792, 0.46847077805000004, 1.4153602734500002], [0.89283781435, -1.05895876065, -0.933454126, 1.0995750723], [-0.9184610394, -0.9866491836, 0.5234687409, 1.3816414821], [-0.9130842452, -0.9719386625, 0.4708353382, 1.4141875695], [-0.9170278429, -0.9839525508, 0.5122927046, 1.3886876891], [-0.8929282537, -0.9840433816, 0.4522623622, 1.424709273], [0.98780563, -1.0073345051, -0.9925644865, 1.0120933616]]
totts	25.872918591168688
withinss	[2.177402277440095e-05, 0.0, 0.0032633957019844004, 0.0002864877933358173, 0.0, 0.018933768302656327, 0.0007998176852831412, 0.00018298008587956717, 0.0005101381684680377, 0.0008954091424381313, 3.715216976214405e-05, 0.002090070710792603, 0.0, 0.0, 0.0, 0.0, 0.0]
tot.withinss	0.02702099378337457
betweenss	25.845897597385314
size	[2, 1, 2, 2, 1, 3, 2, 4, 2, 2, 2, 2, 1, 1, 1, 1, 1]
=====クラスタ数18個のとき＝＝＝＝＝
cluster	[4, 7, 7, 1, 12, 2, 11, 10, 4, 13, 15, 9, 6, 6, 9, 17, 3, 7, 15, 8, 5, 9, 17, 14, 16, 18, 16, 6, 17, 9]
centers	[[-0.1785785064, -1.2345209792, -0.1436392334, 1.5567387191], [0.740245447, -1.1359393576, -0.8227880477, 1.2184819583], [-0.8309283584, -1.0107175484, 0.3766822189, 1.4649636878], [0.9552803036999999, -1.0256751136, -0.9729715154, 1.0433663253], [-0.8929282537, -0.9840433816, 0.4522623622, 1.424709273], [-0.9118619916333334, -0.9778936703333333, 0.4830240439, 1.4067316181], [-0.46631281226666665, -1.1506591771666665, 0.05187336073333334, 1.5650986286666668], [-0.8028587226, -1.038416294, 0.3812106698, 1.4600643469], [-0.8347859849750001, -1.0186817736, 0.40342579972500003, 1.45004195885], [0.8728276548, -1.0706791985, -0.9189753339, 1.1168268776], [0.9128479739, -1.0472383228, -0.9479329181, 1.082323267], [0.98780563, -1.0073345051, -0.9925644865, 1.0120933616], [0.7069562204, -1.1329483192, -0.8180001616, 1.2439922604], [-0.9170278429, -0.9839525508, 0.5122927046, 1.3886876891], [-0.66260808205, -1.0742447712, 0.19872944795, 1.53812340525], [-0.8454157556, -1.0237867991499998, 0.4396676325, 1.42953492225], [-0.9070854632666666, -0.9771428736333334, 0.4692589647666667, 1.4149693721333332], [-0.9184610394, -0.9866491836, 0.5234687409, 1.3816414821]]
totts	25.872918591168688
withinss	[0.0, 0.0, 0.0, 0.0002864877933358173, 0.0, 7.681610311557977e-05, 0.018933768302656327, 0.0, 0.00018298008587956717, 0.0, 0.0, 0.0, 0.0, 0.0, 0.0032633957019844004, 0.0005101381684680377, 0.00013640021990634854, 0.0]
tot.withinss	0.02338998637534608
betweenss	25.849528604793342
size	[1, 1, 1, 2, 1, 3, 3, 1, 4, 1, 1, 1, 1, 1, 2, 2, 3, 1]
=====クラスタ数19個のとき＝＝＝＝＝
cluster	[7, 2, 13, 9, 7, 15, 7, 7, 7, 15, 8, 10, 16, 19, 6, 3, 17, 13, 8, 1, 5, 10, 4, 12, 18, 14, 11, 16, 4, 10]
centers	[[-0.8028587226, -1.038416294, 0.3812106698, 1.4600643469], [-0.5409427301, -1.1325988411, 0.1211486323, 1.5523929389], [-0.9130842452, -0.9719386625, 0.4708353382, 1.4141875695], [-0.9040860722999999, -0.9797449792, 0.46847077805000004, 1.4153602734500002], [-0.8929282537, -0.9840433816, 0.4522623622, 1.424709273], [-0.8421179173, -1.0133132345, 0.4067926822, 1.4486384696], [0.9368083732200001, -1.03532045072, -0.96108315386, 1.05959523136], [-0.66260808205, -1.0742447712, 0.19872944795, 1.53812340525], [-0.1785785064, -1.2345209792, -0.1436392334, 1.5567387191], [-0.8323420075333333, -1.0204712866333334, 0.4023035055666666, 1.4505097886], [-0.8480390263, -1.0267493676, 0.4530390662, 1.4217493276], [-0.9170278429, -0.9839525508, 0.5122927046, 1.3886876891], [-0.42899785334999996, -1.1596893451999999, 0.01723572495, 1.57145147355], [-0.9184610394, -0.9866491836, 0.5234687409, 1.3816414821], [0.7236008337, -1.1344438384000002, -0.8203941046500001, 1.2312371093499999], [-0.9099624829999999, -0.97905468955, 0.48125036015, 1.40776681245], [-0.8309283584, -1.0107175484, 0.3766822189, 1.4649636878], [-0.8427924849, -1.0208242307, 0.4262961988, 1.4373205169], [-0.9156610089, -0.9755716319, 0.4865714114, 1.4046612294]]
totts	25.872918591168688
withinss	[0.0, 0.0, 0.0, 3.715216976214405e-05, 0.0, 0.0, 0.020393765554124976, 0.0032633957019844004, 0.0, 5.513458806365361e-05, 0.0, 0.0, 0.0026493210360564964, 0.0, 0.0008954091424381313, 2.177402277440095e-05, 0.0, 0.0, 0.0]
tot.withinss	0.027315952215204203
betweenss	25.845602638953483
size	[1, 1, 1, 2, 1, 1, 5, 2, 1, 3, 1, 1, 2, 1, 2, 2, 1, 1, 1]
=====クラスタ数20個のとき＝＝＝＝＝
cluster	[19, 14, 11, 11, 12, 5, 6, 20, 19, 5, 14, 3, 13, 18, 3, 4, 1, 11, 14, 2, 15, 3, 9, 7, 8, 17, 16, 10, 9, 3]
centers	[[-0.8309283584, -1.0107175484, 0.3766822189, 1.4649636878], [-0.8028587226, -1.038416294, 0.3812106698, 1.4600643469], [-0.8347859849750001, -1.0186817736, 0.40342579972500003, 1.45004195885], [-0.9130842452, -0.9719386625, 0.4708353382, 1.4141875695], [0.7236008337, -1.1344438384000002, -0.8203941046500001, 1.2312371093499999], [0.9128479739, -1.0472383228, -0.9479329181, 1.082323267], [-0.9170278429, -0.9839525508, 0.5122927046, 1.3886876891], [-0.8427924849, -1.0208242307, 0.4262961988, 1.4373205169], [-0.9040860722999999, -0.9797449792, 0.46847077805000004, 1.4153602734500002], [-0.9086933298, -0.9810442679, 0.4832009081, 1.4065366896], [-0.3455247377, -1.1846332231999999, -0.03638926116666667, 1.5665472220666665], [0.98780563, -1.0073345051, -0.9925644865, 1.0120933616], [-0.9112316362, -0.9770651112, 0.4792998122, 1.4089969353], [-0.6220529647333333, -1.0936961278333335, 0.17286917606666666, 1.5428799164666664], [-0.8929282537, -0.9840433816, 0.4522623622, 1.424709273], [-0.8480390263, -1.0267493676, 0.4530390662, 1.4217493276], [-0.9184610394, -0.9866491836, 0.5234687409, 1.3816414821], [-0.9156610089, -0.9755716319, 0.4865714114, 1.4046612294], [0.9552803036999999, -1.0256751136, -0.9729715154, 1.0433663253], [0.8728276548, -1.0706791985, -0.9189753339, 1.1168268776]]
totts	25.872918591168688
withinss	[0.0, 0.0, 0.00018298008587956717, 0.0, 0.0008954091424381313, 0.0, 0.0, 0.0, 3.715216976214405e-05, 0.0, 0.06558721446378626, 0.0, 0.0, 0.019550100959663877, 0.0, 0.0, 0.0, 0.0, 0.0002864877933358173, 0.0]
tot.withinss	0.0865393446148658
betweenss	25.78637924655382
size	[1, 1, 4, 1, 2, 1, 1, 1, 2, 1, 3, 1, 1, 3, 1, 1, 1, 1, 2, 1]
=====クラスタ数21個のとき＝＝＝＝＝
cluster	[14, 1, 8, 6, 3, 21, 4, 5, 13, 21, 11, 19, 17, 17, 19, 15, 10, 8, 11, 16, 12, 19, 9, 7, 2, 18, 20, 17, 9, 19]
centers	[[-0.5409427301, -1.1325988411, 0.1211486323, 1.5523929389], [-0.8427924849, -1.0208242307, 0.4262961988, 1.4373205169], [0.98780563, -1.0073345051, -0.9925644865, 1.0120933616], [0.9128479739, -1.0472383228, -0.9479329181, 1.082323267], [0.8728276548, -1.0706791985, -0.9189753339, 1.1168268776], [-0.1785785064, -1.2345209792, -0.1436392334, 1.5567387191], [-0.9170278429, -0.9839525508, 0.5122927046, 1.3886876891], [-0.42899785334999996, -1.1596893451999999, 0.01723572495, 1.57145147355], [-0.9040860722999999, -0.9797449792, 0.46847077805000004, 1.4153602734500002], [-0.8309283584, -1.0107175484, 0.3766822189, 1.4649636878], [-0.66260808205, -1.0742447712, 0.19872944795, 1.53812340525], [-0.8929282537, -0.9840433816, 0.4522623622, 1.424709273], [0.9476912069, -1.0296030551, -0.9686093659, 1.0505212141], [0.9628694005, -1.0217471721, -0.9773336649, 1.0362114365], [-0.9130842452, -0.9719386625, 0.4708353382, 1.4141875695], [-0.8028587226, -1.038416294, 0.3812106698, 1.4600643469], [-0.9118619916333334, -0.9778936703333333, 0.4830240439, 1.4067316181], [-0.9184610394, -0.9866491836, 0.5234687409, 1.3816414821], [-0.8347859849750001, -1.0186817736, 0.40342579972500003, 1.45004195885], [-0.8480390263, -1.0267493676, 0.4530390662, 1.4217493276], [0.7236008337, -1.1344438384000002, -0.8203941046500001, 1.2312371093499999]]
totts	25.872918591168688
withinss	[0.0, 0.0, 0.0, 0.0, 0.0, 0.0, 0.0, 0.0026493210360564964, 3.715216976214405e-05, 0.0, 0.0032633957019844004, 0.0, 0.0, 0.0, 0.0, 0.0, 7.681610311557977e-05, 0.0, 0.00018298008587956717, 0.0, 0.0008954091424381313]
tot.withinss	0.007105074239236319
betweenss	25.86581351692945
size	[1, 1, 1, 1, 1, 1, 1, 2, 2, 1, 2, 1, 1, 1, 1, 1, 3, 1, 4, 1, 2]
=====クラスタ数22個のとき＝＝＝＝＝
cluster	[21, 15, 7, 13, 21, 10, 18, 16, 21, 10, 3, 4, 19, 14, 4, 6, 9, 11, 12, 2, 20, 4, 5, 8, 22, 17, 1, 19, 5, 4]
centers	[[-0.8480390263, -1.0267493676, 0.4530390662, 1.4217493276], [-0.8028587226, -1.038416294, 0.3812106698, 1.4600643469], [-0.6421300353, -1.0748547178, 0.1662720243, 1.5507127288], [-0.8347859849750001, -1.0186817736, 0.40342579972500003, 1.45004195885], [-0.9040860722999999, -0.9797449792, 0.46847077805000004, 1.4153602734500002], [-0.9130842452, -0.9719386625, 0.4708353382, 1.4141875695], [-0.4153108261, -1.1820385051, 0.0388919837, 1.5584573475], [-0.9170278429, -0.9839525508, 0.5122927046, 1.3886876891], [-0.8309283584, -1.0107175484, 0.3766822189, 1.4649636878], [0.7236008337, -1.1344438384000002, -0.8203941046500001, 1.2312371093499999], [-0.4426848806, -1.1373401853, -0.0044205338, 1.5844455996], [-0.6830861288, -1.0736348246, 0.2311868716, 1.5255340817], [-0.1785785064, -1.2345209792, -0.1436392334, 1.5567387191], [-0.9156610089, -0.9755716319, 0.4865714114, 1.4046612294], [-0.5409427301, -1.1325988411, 0.1211486323, 1.5523929389], [0.8728276548, -1.0706791985, -0.9189753339, 1.1168268776], [-0.9184610394, -0.9866491836, 0.5234687409, 1.3816414821], [0.9128479739, -1.0472383228, -0.9479329181, 1.082323267], [-0.9099624829999999, -0.97905468955, 0.48125036015, 1.40776681245], [-0.8929282537, -0.9840433816, 0.4522623622, 1.424709273], [0.9661220791333333, -1.0195615774333333, -0.9795025057666665, 1.0329420040666666], [-0.8427924849, -1.0208242307, 0.4262961988, 1.4373205169]]
totts	25.872918591168688
withinss	[0.0, 0.0, 0.0, 0.00018298008587956717, 3.715216976214405e-05, 0.0, 0.0, 0.0, 0.0, 0.0008954091424381313, 0.0, 0.0, 0.0, 0.0, 0.0, 0.0, 0.0, 0.0, 2.177402277440095e-05, 0.0, 0.002123926157454941, 0.0]
tot.withinss	0.0032612415783091846
betweenss	25.86965734959038
size	[1, 1, 1, 4, 2, 1, 1, 1, 1, 2, 1, 1, 1, 1, 1, 1, 1, 1, 2, 1, 3, 1]
=====クラスタ数23個のとき＝＝＝＝＝
cluster	[15, 6, 10, 8, 13, 12, 7, 21, 16, 17, 23, 18, 4, 9, 18, 19, 22, 10, 23, 3, 14, 18, 20, 5, 1, 11, 2, 4, 20, 18]
centers	[[-0.8427924849, -1.0208242307, 0.4262961988, 1.4373205169], [-0.8480390263, -1.0267493676, 0.4530390662, 1.4217493276], [-0.8028587226, -1.038416294, 0.3812106698, 1.4600643469], [-0.9099624829999999, -0.97905468955, 0.48125036015, 1.40776681245], [-0.9170278429, -0.9839525508, 0.5122927046, 1.3886876891], [-0.5409427301, -1.1325988411, 0.1211486323, 1.5523929389], [0.9128479739, -1.0472383228, -0.9479329181, 1.082323267], [-0.1785785064, -1.2345209792, -0.1436392334, 1.5567387191], [-0.9156610089, -0.9755716319, 0.4865714114, 1.4046612294], [-0.42899785334999996, -1.1596893451999999, 0.01723572495, 1.57145147355], [-0.9184610394, -0.9866491836, 0.5234687409, 1.3816414821], [0.740245447, -1.1359393576, -0.8227880477, 1.2184819583], [0.98780563, -1.0073345051, -0.9925644865, 1.0120933616], [-0.8929282537, -0.9840433816, 0.4522623622, 1.424709273], [0.9628694005, -1.0217471721, -0.9773336649, 1.0362114365], [0.9476912069, -1.0296030551, -0.9686093659, 1.0505212141], [0.7069562204, -1.1329483192, -0.8180001616, 1.2439922604], [-0.8347859849750001, -1.0186817736, 0.40342579972500003, 1.45004195885], [-0.9130842452, -0.9719386625, 0.4708353382, 1.4141875695], [-0.9040860722999999, -0.9797449792, 0.46847077805000004, 1.4153602734500002], [0.8728276548, -1.0706791985, -0.9189753339, 1.1168268776], [-0.8309283584, -1.0107175484, 0.3766822189, 1.4649636878], [-0.66260808205, -1.0742447712, 0.19872944795, 1.53812340525]]
totts	25.872918591168688
withinss	[0.0, 0.0, 0.0, 2.177402277440095e-05, 0.0, 0.0, 0.0, 0.0, 0.0, 0.0026493210360564964, 0.0, 0.0, 0.0, 0.0, 0.0, 0.0, 0.0, 0.00018298008587956717, 0.0, 3.715216976214405e-05, 0.0, 0.0, 0.0032633957019844004]
tot.withinss	0.006154623016457009
betweenss	25.86676396815223
size	[1, 1, 1, 2, 1, 1, 1, 1, 1, 2, 1, 1, 1, 1, 1, 1, 1, 4, 1, 2, 1, 1, 2]
=====クラスタ数24個のとき＝＝＝＝＝
cluster	[18, 6, 9, 7, 20, 8, 1, 19, 13, 22, 23, 24, 21, 2, 24, 5, 17, 16, 23, 12, 15, 24, 11, 14, 3, 4, 3, 10, 11, 24]
centers	[[0.9128479739, -1.0472383228, -0.9479329181, 1.082323267], [-0.9156610089, -0.9755716319, 0.4865714114, 1.4046612294], [-0.8454157556, -1.0237867991499998, 0.4396676325, 1.42953492225], [-0.9184610394, -0.9866491836, 0.5234687409, 1.3816414821], [-0.9130842452, -0.9719386625, 0.4708353382, 1.4141875695], [-0.5409427301, -1.1325988411, 0.1211486323, 1.5523929389], [-0.1785785064, -1.2345209792, -0.1436392334, 1.5567387191], [0.740245447, -1.1359393576, -0.8227880477, 1.2184819583], [-0.4153108261, -1.1820385051, 0.0388919837, 1.5584573475], [-0.9086933298, -0.9810442679, 0.4832009081, 1.4065366896], [-0.9040860722999999, -0.9797449792, 0.46847077805000004, 1.4153602734500002], [-0.8028587226, -1.038416294, 0.3812106698, 1.4600643469], [0.9476912069, -1.0296030551, -0.9686093659, 1.0505212141], [-0.9170278429, -0.9839525508, 0.5122927046, 1.3886876891], [-0.8929282537, -0.9840433816, 0.4522623622, 1.424709273], [-0.4426848806, -1.1373401853, -0.0044205338, 1.5844455996], [-0.8309283584, -1.0107175484, 0.3766822189, 1.4649636878], [0.9628694005, -1.0217471721, -0.9773336649, 1.0362114365], [0.8728276548, -1.0706791985, -0.9189753339, 1.1168268776], [0.98780563, -1.0073345051, -0.9925644865, 1.0120933616], [-0.9112316362, -0.9770651112, 0.4792998122, 1.4089969353], [0.7069562204, -1.1329483192, -0.8180001616, 1.2439922604], [-0.66260808205, -1.0742447712, 0.19872944795, 1.53812340525], [-0.8347859849750001, -1.0186817736, 0.40342579972500003, 1.45004195885]]
totts	25.872918591168688
withinss	[0.0, 0.0, 0.0005101381684680377, 0.0, 0.0, 0.0, 0.0, 0.0, 0.0, 0.0, 3.715216976214405e-05, 0.0, 0.0, 0.0, 0.0, 0.0, 0.0, 0.0, 0.0, 0.0, 0.0, 0.0, 0.0032633957019844004, 0.00018298008587956717]
tot.withinss	0.00399366612609415
betweenss	25.868924925042595
size	[1, 1, 2, 1, 1, 1, 1, 1, 1, 1, 2, 1, 1, 1, 1, 1, 1, 1, 1, 1, 1, 1, 2, 4]
=====クラスタ数25個のとき＝＝＝＝＝
cluster	[11, 22, 24, 25, 21, 19, 2, 3, 11, 12, 13, 14, 15, 7, 14, 4, 8, 9, 6, 23, 20, 14, 1, 17, 5, 18, 10, 15, 16, 14]
centers	[[-0.903371602, -0.9817082538, 0.4716866483, 1.4133932075], [0.9128479739, -1.0472383228, -0.9479329181, 1.082323267], [0.8728276548, -1.0706791985, -0.9189753339, 1.1168268776], [-0.9130842452, -0.9719386625, 0.4708353382, 1.4141875695], [-0.8427924849, -1.0208242307, 0.4262961988, 1.4373205169], [-0.6830861288, -1.0736348246, 0.2311868716, 1.5255340817], [-0.9156610089, -0.9755716319, 0.4865714114, 1.4046612294], [-0.8309283584, -1.0107175484, 0.3766822189, 1.4649636878], [-0.4426848806, -1.1373401853, -0.0044205338, 1.5844455996], [-0.8480390263, -1.0267493676, 0.4530390662, 1.4217493276], [0.9552803036999999, -1.0256751136, -0.9729715154, 1.0433663253], [0.7069562204, -1.1329483192, -0.8180001616, 1.2439922604], [-0.6421300353, -1.0748547178, 0.1662720243, 1.5507127288], [-0.8347859849750001, -1.0186817736, 0.40342579972500003, 1.45004195885], [-0.9099624829999999, -0.97905468955, 0.48125036015, 1.40776681245], [-0.9048005426, -0.9777817046, 0.4652549078, 1.4173273394], [-0.9170278429, -0.9839525508, 0.5122927046, 1.3886876891], [-0.9184610394, -0.9866491836, 0.5234687409, 1.3816414821], [0.740245447, -1.1359393576, -0.8227880477, 1.2184819583], [-0.8929282537, -0.9840433816, 0.4522623622, 1.424709273], [0.98780563, -1.0073345051, -0.9925644865, 1.0120933616], [-0.5409427301, -1.1325988411, 0.1211486323, 1.5523929389], [-0.8028587226, -1.038416294, 0.3812106698, 1.4600643469], [-0.4153108261, -1.1820385051, 0.0388919837, 1.5584573475], [-0.1785785064, -1.2345209792, -0.1436392334, 1.5567387191]]
totts	25.872918591168688
withinss	[0.0, 0.0, 0.0, 0.0, 0.0, 0.0, 0.0, 0.0, 0.0, 0.0, 0.0002864877933358173, 0.0, 0.0, 0.00018298008587956717, 2.177402277440095e-05, 0.0, 0.0, 0.0, 0.0, 0.0, 0.0, 0.0, 0.0, 0.0, 0.0]
tot.withinss	0.0004912419019897855
betweenss	25.872427349266697
size	[1, 1, 1, 1, 1, 1, 1, 1, 1, 1, 2, 1, 1, 4, 2, 1, 1, 1, 1, 1, 1, 1, 1, 1, 1]
=====クラスタ数26個のとき＝＝＝＝＝
cluster	[18, 26, 9, 8, 21, 20, 10, 23, 18, 12, 19, 22, 16, 14, 3, 7, 1, 17, 19, 13, 25, 2, 11, 24, 5, 4, 15, 16, 11, 6]
centers	[[-0.8309283584, -1.0107175484, 0.3766822189, 1.4649636878], [-0.8299053703, -1.0234693051, 0.4040647138, 1.4493099616], [-0.8421179173, -1.0133132345, 0.4067926822, 1.4486384696], [-0.9184610394, -0.9866491836, 0.5234687409, 1.3816414821], [-0.8427924849, -1.0208242307, 0.4262961988, 1.4373205169], [-0.8358743142, -1.0177785944, 0.4036504271, 1.4500024815], [-0.9130842452, -0.9719386625, 0.4708353382, 1.4141875695], [-0.1785785064, -1.2345209792, -0.1436392334, 1.5567387191], [-0.4153108261, -1.1820385051, 0.0388919837, 1.5584573475], [0.9128479739, -1.0472383228, -0.9479329181, 1.082323267], [-0.9040860722999999, -0.9797449792, 0.46847077805000004, 1.4153602734500002], [0.7069562204, -1.1329483192, -0.8180001616, 1.2439922604], [-0.8028587226, -1.038416294, 0.3812106698, 1.4600643469], [-0.9156610089, -0.9755716319, 0.4865714114, 1.4046612294], [-0.8480390263, -1.0267493676, 0.4530390662, 1.4217493276], [-0.9099624829999999, -0.97905468955, 0.48125036015, 1.40776681245], [-0.4426848806, -1.1373401853, -0.0044205338, 1.5844455996], [0.9552803036999999, -1.0256751136, -0.9729715154, 1.0433663253], [-0.66260808205, -1.0742447712, 0.19872944795, 1.53812340525], [0.740245447, -1.1359393576, -0.8227880477, 1.2184819583], [0.98780563, -1.0073345051, -0.9925644865, 1.0120933616], [-0.8312463381, -1.0201659604, 0.3991953758, 1.4522169227], [0.8728276548, -1.0706791985, -0.9189753339, 1.1168268776], [-0.9170278429, -0.9839525508, 0.5122927046, 1.3886876891], [-0.8929282537, -0.9840433816, 0.4522623622, 1.424709273], [-0.5409427301, -1.1325988411, 0.1211486323, 1.5523929389]]
totts	25.872918591168688
withinss	[0.0, 0.0, 0.0, 0.0, 0.0, 0.0, 0.0, 0.0, 0.0, 0.0, 3.715216976214405e-05, 0.0, 0.0, 0.0, 0.0, 2.177402277440095e-05, 0.0, 0.0002864877933358173, 0.0032633957019844004, 0.0, 0.0, 0.0, 0.0, 0.0, 0.0, 0.0]
tot.withinss	0.0036088096878567626
betweenss	25.86930978148083
size	[1, 1, 1, 1, 1, 1, 1, 1, 1, 1, 2, 1, 1, 1, 1, 2, 1, 2, 2, 1, 1, 1, 1, 1, 1, 1]
=====クラスタ数27個のとき＝＝＝＝＝
cluster	[13, 27, 11, 25, 18, 1, 24, 15, 13, 16, 22, 12, 26, 4, 7, 17, 3, 2, 22, 6, 23, 12, 21, 5, 10, 8, 19, 20, 9, 14]
centers	[[0.740245447, -1.1359393576, -0.8227880477, 1.2184819583], [-0.4426848806, -1.1373401853, -0.0044205338, 1.5844455996], [-0.8309283584, -1.0107175484, 0.3766822189, 1.4649636878], [-0.9156610089, -0.9755716319, 0.4865714114, 1.4046612294], [-0.9170278429, -0.9839525508, 0.5122927046, 1.3886876891], [-0.8028587226, -1.038416294, 0.3812106698, 1.4600643469], [-0.8421179173, -1.0133132345, 0.4067926822, 1.4486384696], [-0.9184610394, -0.9866491836, 0.5234687409, 1.3816414821], [-0.9048005426, -0.9777817046, 0.4652549078, 1.4173273394], [-0.8427924849, -1.0208242307, 0.4262961988, 1.4373205169], [-0.4153108261, -1.1820385051, 0.0388919837, 1.5584573475], [-0.8305758542, -1.02181763275, 0.4016300448, 1.45076344215], [0.9552803036999999, -1.0256751136, -0.9729715154, 1.0433663253], [-0.8358743142, -1.0177785944, 0.4036504271, 1.4500024815], [0.8728276548, -1.0706791985, -0.9189753339, 1.1168268776], [0.7069562204, -1.1329483192, -0.8180001616, 1.2439922604], [-0.9130842452, -0.9719386625, 0.4708353382, 1.4141875695], [0.98780563, -1.0073345051, -0.9925644865, 1.0120933616], [-0.8480390263, -1.0267493676, 0.4530390662, 1.4217493276], [-0.9086933298, -0.9810442679, 0.4832009081, 1.4065366896], [-0.903371602, -0.9817082538, 0.4716866483, 1.4133932075], [-0.66260808205, -1.0742447712, 0.19872944795, 1.53812340525], [-0.8929282537, -0.9840433816, 0.4522623622, 1.424709273], [0.9128479739, -1.0472383228, -0.9479329181, 1.082323267], [-0.1785785064, -1.2345209792, -0.1436392334, 1.5567387191], [-0.9112316362, -0.9770651112, 0.4792998122, 1.4089969353], [-0.5409427301, -1.1325988411, 0.1211486323, 1.5523929389]]
totts	25.872918591168688
withinss	[0.0, 0.0, 0.0, 0.0, 0.0, 0.0, 0.0, 0.0, 0.0, 0.0, 0.0, 2.243557812140556e-05, 0.0002864877933358173, 0.0, 0.0, 0.0, 0.0, 0.0, 0.0, 0.0, 0.0, 0.0032633957019844004, 0.0, 0.0, 0.0, 0.0, 0.0]
tot.withinss	0.0035723190734416235
betweenss	25.869346272095246
size	[1, 1, 1, 1, 1, 1, 1, 1, 1, 1, 1, 2, 2, 1, 1, 1, 1, 1, 1, 1, 1, 2, 1, 1, 1, 1, 1]
=====クラスタ数28個のとき＝＝＝＝＝
cluster	[16, 18, 28, 3, 16, 2, 11, 12, 16, 10, 25, 20, 14, 1, 9, 5, 6, 23, 21, 7, 24, 8, 13, 15, 4, 17, 26, 19, 22, 27]
centers	[[-0.9156610089, -0.9755716319, 0.4865714114, 1.4046612294], [0.740245447, -1.1359393576, -0.8227880477, 1.2184819583], [-0.1785785064, -1.2345209792, -0.1436392334, 1.5567387191], [-0.8427924849, -1.0208242307, 0.4262961988, 1.4373205169], [-0.9130842452, -0.9719386625, 0.4708353382, 1.4141875695], [-0.8309283584, -1.0107175484, 0.3766822189, 1.4649636878], [-0.8028587226, -1.038416294, 0.3812106698, 1.4600643469], [-0.8299053703, -1.0234693051, 0.4040647138, 1.4493099616], [-0.8421179173, -1.0133132345, 0.4067926822, 1.4486384696], [0.7069562204, -1.1329483192, -0.8180001616, 1.2439922604], [0.9128479739, -1.0472383228, -0.9479329181, 1.082323267], [0.8728276548, -1.0706791985, -0.9189753339, 1.1168268776], [-0.903371602, -0.9817082538, 0.4716866483, 1.4133932075], [-0.9112316362, -0.9770651112, 0.4792998122, 1.4089969353], [-0.9170278429, -0.9839525508, 0.5122927046, 1.3886876891], [0.9661220791333333, -1.0195615774333333, -0.9795025057666665, 1.0329420040666666], [-0.9184610394, -0.9866491836, 0.5234687409, 1.3816414821], [-0.5409427301, -1.1325988411, 0.1211486323, 1.5523929389], [-0.9086933298, -0.9810442679, 0.4832009081, 1.4065366896], [-0.8312463381, -1.0201659604, 0.3991953758, 1.4522169227], [-0.6830861288, -1.0736348246, 0.2311868716, 1.5255340817], [-0.9048005426, -0.9777817046, 0.4652549078, 1.4173273394], [-0.4426848806, -1.1373401853, -0.0044205338, 1.5844455996], [-0.8929282537, -0.9840433816, 0.4522623622, 1.424709273], [-0.6421300353, -1.0748547178, 0.1662720243, 1.5507127288], [-0.8480390263, -1.0267493676, 0.4530390662, 1.4217493276], [-0.8358743142, -1.0177785944, 0.4036504271, 1.4500024815], [-0.4153108261, -1.1820385051, 0.0388919837, 1.5584573475]]
totts	25.872918591168688
withinss	[0.0, 0.0, 0.0, 0.0, 0.0, 0.0, 0.0, 0.0, 0.0, 0.0, 0.0, 0.0, 0.0, 0.0, 0.0, 0.002123926157454941, 0.0, 0.0, 0.0, 0.0, 0.0, 0.0, 0.0, 0.0, 0.0, 0.0, 0.0, 0.0]
tot.withinss	0.002123926157454941
betweenss	25.870794665011232
size	[1, 1, 1, 1, 1, 1, 1, 1, 1, 1, 1, 1, 1, 1, 1, 3, 1, 1, 1, 1, 1, 1, 1, 1, 1, 1, 1, 1]
=====クラスタ数29個のとき＝＝＝＝＝
cluster	[14, 16, 3, 1, 2, 8, 25, 10, 15, 6, 21, 9, 12, 17, 20, 13, 23, 5, 24, 19, 28, 22, 29, 26, 4, 27, 7, 12, 11, 18]
centers	[[-0.1785785064, -1.2345209792, -0.1436392334, 1.5567387191], [0.98780563, -1.0073345051, -0.9925644865, 1.0120933616], [-0.4153108261, -1.1820385051, 0.0388919837, 1.5584573475], [-0.8427924849, -1.0208242307, 0.4262961988, 1.4373205169], [-0.4426848806, -1.1373401853, -0.0044205338, 1.5844455996], [0.7069562204, -1.1329483192, -0.8180001616, 1.2439922604], [-0.8480390263, -1.0267493676, 0.4530390662, 1.4217493276], [0.740245447, -1.1359393576, -0.8227880477, 1.2184819583], [-0.8312463381, -1.0201659604, 0.3991953758, 1.4522169227], [0.8728276548, -1.0706791985, -0.9189753339, 1.1168268776], [-0.9048005426, -0.9777817046, 0.4652549078, 1.4173273394], [-0.9099624829999999, -0.97905468955, 0.48125036015, 1.40776681245], [-0.9130842452, -0.9719386625, 0.4708353382, 1.4141875695], [0.9628694005, -1.0217471721, -0.9773336649, 1.0362114365], [0.9476912069, -1.0296030551, -0.9686093659, 1.0505212141], [-0.5409427301, -1.1325988411, 0.1211486323, 1.5523929389], [-0.9156610089, -0.9755716319, 0.4865714114, 1.4046612294], [-0.8358743142, -1.0177785944, 0.4036504271, 1.4500024815], [-0.8028587226, -1.038416294, 0.3812106698, 1.4600643469], [-0.8421179173, -1.0133132345, 0.4067926822, 1.4486384696], [-0.6421300353, -1.0748547178, 0.1662720243, 1.5507127288], [-0.8299053703, -1.0234693051, 0.4040647138, 1.4493099616], [-0.8309283584, -1.0107175484, 0.3766822189, 1.4649636878], [-0.6830861288, -1.0736348246, 0.2311868716, 1.5255340817], [0.9128479739, -1.0472383228, -0.9479329181, 1.082323267], [-0.9170278429, -0.9839525508, 0.5122927046, 1.3886876891], [-0.9184610394, -0.9866491836, 0.5234687409, 1.3816414821], [-0.8929282537, -0.9840433816, 0.4522623622, 1.424709273], [-0.903371602, -0.9817082538, 0.4716866483, 1.4133932075]]
totts	25.872918591168688
withinss	[0.0, 0.0, 0.0, 0.0, 0.0, 0.0, 0.0, 0.0, 0.0, 0.0, 0.0, 2.177402277440095e-05, 0.0, 0.0, 0.0, 0.0, 0.0, 0.0, 0.0, 0.0, 0.0, 0.0, 0.0, 0.0, 0.0, 0.0, 0.0, 0.0, 0.0]
tot.withinss	2.177402277440095e-05
betweenss	25.872896817145914
size	[1, 1, 1, 1, 1, 1, 1, 1, 1, 1, 1, 2, 1, 1, 1, 1, 1, 1, 1, 1, 1, 1, 1, 1, 1, 1, 1, 1, 1]
##########################クラスタ数2個の時の平均##########################
cl[1] = [-0.7718154408714928, -0.9248591162585814, 0.3993983014794818, 1.732050262330021]
cl[2] = [0.8758919333582595, -0.6254199709534559, -0.476171050720472, 1.7320507973355255]
##########################クラスタ数2個の時の標準偏差##########################
cl[1] = [0.1942294675297908, 0.029024792503303514, 0.12082549628979752, 2.2375273958110585e-07]
cl[2] = [0.10251081761308643, 0.03638141195942305, 0.07870837895690208, 1.0918443186974906e-08]
##########################異常データ(標準化)##########################
[0.9795648398446273, -0.579154343104431, -0.5737427046754987, 1.7320508075558658]
[0.9971468880203915, -0.578607056925284, -0.5748382379936141, 1.7320508075617589]
[0.9946330605059359, -0.5796654560073717, -0.5727191480382825, 1.732050807547571]
[0.9923308312797454, -0.5808065080163293, -0.5704318065469335, 1.7320508075185868]
[0.9862844049883011, -0.583284256450032, -0.5654523771595042, 1.732050807427883]

[0.9869852478791574, -0.5830311315477806, -0.5659612624076247, 1.732050807448353]
[0.9861799567459465, -0.5836880610614761, -0.564639209582392, 1.732050807411308]
[0.986435737908301, -0.5834342401816685, -0.5651500124879056, 1.732050807428648]
[0.9868962983493839, -0.5835397409775396, -0.5649381975128304, 1.7320508074129384]
[0.9785142625463665, -0.5865176154689451, -0.5589299354741765, 1.7320508072444172]

[0.9482868100260566, -0.5818667544194559, -0.5683022035850503, 1.7320508074924346]
[0.9962363139442133, -0.5790816176879916, -0.5738884745170771, 1.7320508075562104]
[0.9917717024276784, -0.5811435590115168, -0.5697555581226493, 1.7320508075070855]
[0.972379033863102, -0.5896315323698401, -0.5526224208599414, 1.7320508069882983]
[0.9797737867137698, -0.5854664824248375, -0.5610541674231149, 1.732050807292306]

[0.9873236738147599, -0.5828036029544238, -0.5664197896135053, 1.7320508074457592]
[0.8791408782314247, -0.6155305362138866, -0.4991241604130361, 1.732050802619117]
[0.8956560124579734, -0.6123507283535277, -0.5057888367381669, 1.7320508039061853]
[0.940472993486288, -0.6012832791338409, -0.528786732050648, 1.7320508054620858]
[0.6858554814267874, -0.6847629139959351, -0.3460879758228164, 1.732050778778093]

[0.7027229881303843, -0.6691779915188599, -0.3819139748751094, 1.7320507862414845]
[0.8164251613070717, -0.6419846841610962, -0.4424789562303716, 1.7320507932924287]
[0.772154509273366, -0.6604057786856012, -0.4017288785897107, 1.7320507879499039]
[0.5911590469946149, -0.7009169363108126, -0.30798667401710567, 1.732050771020621]
[0.6238958827566982, -0.7027481770334303, -0.30361740443375185, 1.732050770676737]

[0.8358089095411187, -0.6198741021188173, -0.48996288896074486, 1.732050801532198]
[0.7568044420021768, -0.6532390185700224, -0.417700118133391, 1.7320507917142163]
[0.8176860779720754, -0.644130728678931, -0.43778225789553304, 1.7320507938341452]
[0.9699741634416416, -0.5883205858977054, -0.5552811330161253, 1.732050807098375]
[0.9716513161946774, -0.5799739338206105, -0.5721005670208557, 1.7320508075443743]

##########################逸脱度##########################
2.24787652573806
2.345950302851713
2.302790188753831
2.257876149303875
2.154563344559466

2.165931276254952
2.1420148595508564
2.1510978085664885
2.149770123658667
2.0186031232878467

2.041418015359563
2.3276791490309225
2.2451145202347025
1.8917360545182267
2.056111923118757

2.1739187778191185
0.6277824439247786
0.8185191995798495
1.3556884858467138
3.4230847587447593

2.6013114085529545
0.929614218768229
1.8926938588907083
4.7324337801436736
4.618271664866382

0.5954571471470779
1.6586709149991439
0.9631312229957744
1.9214406134175432
2.1892267674791683

##############################################################
タイムスロット0 = [17.145782552173518, 2.24787652573806]
タイムスロット1 = [17.210878292833943, 2.345950302851713]
タイムスロット2 = [17.170533388330973, 2.302790188753831]
タイムスロット3 = [17.128143583005713, 2.257876149303875]
タイムスロット4 = [17.033213553705405, 2.154563344559466]
タイムスロット5 = [17.04314432969146, 2.165931276254952]
タイムスロット6 = [17.020151813648518, 2.1420148595508564]
タイムスロット7 = [17.02888508928007, 2.1510978085664885]
タイムスロット8 = [17.02680338130031, 2.149770123658667]
タイムスロット9 = [16.909610497753597, 2.0186031232878467]
タイムスロット10 = [16.97520427362667, 2.041418015359563]
タイムスロット11 = [17.19337964389631, 2.3276791490309225]
タイムスロット12 = [17.115951043898107, 2.2451145202347025]
タイムスロット13 = [16.794223319793385, 1.8917360545182267]
タイムスロット14 = [16.946318522153515, 2.056111923118757]
タイムスロット15 = [17.05126482309509, 2.1739187778191185]
タイムスロット16 = [15.71506038127275, 0.6277824439247786]
タイムスロット17 = [15.862352830289668, 0.8185191995798495]
タイムスロット18 = [16.337310569150965, 1.3556884858467138]
タイムスロット19 = [12.967140905716956, 3.4230847587447593]
タイムスロット20 = [13.510420437544765, 2.6013114085529545]
タイムスロット21 = [14.697936279679787, 0.929614218768229]
タイムスロット22 = [13.988804712905097, 1.8926938588907083]
タイムスロット23 = [12.17446831777268, 4.7324337801436736]
タイムスロット24 = [12.215272696777914, 4.618271664866382]
タイムスロット25 = [15.456632006861463, 0.5954571471470779]
タイムスロット26 = [14.172035299945987, 1.6586709149991439]
タイムスロット27 = [14.634586538204426, 0.9631312229957744]
タイムスロット28 = [16.829103159629867, 1.9214406134175432]
タイムスロット29 = [17.098359545699577, 2.1892267674791683]
