2049	0
226	1
16	2
5918	3
t
1917	0
335	1
10	2
4458	3
t
1093	0
190	1
8	2
4183	3
t
1743	0
305	1
6	2
4345	3
t
2272	0
365	1
12	2
3244	3
t
2047	0
329	1
4	2
3173	3
t
2263	0
428	1
4	2
2929	3
t
1976	0
295	1
12	2
1956	3
t
1839	0
271	1
6	2
2178	3
t
1903	0
315	1
6	2
2079	3
t
1242	0
165	1
12	2
1997	3
t
1883	0
309	1
12	2
2356	3
t
4114	0
634	1
8	2
2257	3
t
2119	0
224	1
18	2
3328	3
t
1807	0
222	1
18	2
4027	3
t
2474	0
322	1
12	2
2763	3
t
2179	0
334	1
6	2
2554	3
t
3059	0
479	1
18	2
8744	3
t
2197	0
297	1
6	2
1868	3
t
3196	0
452	1
20	2
3753	3
t
3132	0
467	1
12	2
2972	3
t
2791	0
398	1
14	2
3794	3
t
3170	0
451	1
16	2
3694	3
t
2009	0
202	1
14	2
2519	3
t
2200	0
289	1
16	2
3176	3
t
2748	0
388	1
15	2
2556	3
t
2765	0
183	1
10	2
2803	3
t
2259	0
269	1
4	2
2774	3
t
2615	0
423	1
6	2
3067	3
t
2910	0
325	1
24	2
2898	3
t
5049	0
596	1
16	2
4501	3
t
2053	0
235	1
10	2
3100	3
t
2985	0
487	1
14	2
1928	3
t
3120	0
517	1
12	2
2233	3
t
2548	0
357	1
6	2
2075	3
t
3905	0
615	1
12	2
911	3
t
2528	0
379	1
10	2
657	3
t
2187	0
306	1
10	2
526	3
t
3864	0
337	1
14	2
1079	3
t
3528	0
545	1
16	2
1202	3
t
2891	0
373	1
4	2
1081	3
t
3736	0
389	1
18	2
3182	3
t
3807	0
561	1
14	2
1577	3
t
4864	0
676	1
2	2
2148	3
t
29251	0
18923	1
20	2
2415	3
t
24387	0
16746	1
14	2
3667	3
t
4335	0
266	1
12	2
2214	3
t
3655	0
324	1
6	2
1082	3
t
4173	0
473	1
6	2
874	3
t
3155	0
316	1
18	2
1948	3
t
3295	0
262	1
8	2
1047	3
t
1550	0
64	1
32	2
772	3
t
3314	0
394	1
27	2
956	3
t
4860	0
662	1
6	2
818	3
t
2042	0
290	1
10	2
855	3
t
2975	0
444	1
8	2
973	3
t
2847	0
397	1
12	2
1001	3
t
1653	0
142	1
8	2
1264	3
t
3132	0
405	1
10	2
1632	3
t
2904	0
298	1
10	2
1790	3
t
