75023	0
10488	1
362	2
102890	3
t
2053	0
235	1
10	2
3100	3
t
2985	0
487	1
14	2
1928	3
t
3120	0
517	1
12	2
2233	3
t
2548	0
357	1
6	2
2075	3
t
3905	0
615	1
12	2
911	3
t
2528	0
379	1
10	2
657	3
t
2187	0
306	1
10	2
526	3
t
3864	0
337	1
14	2
1079	3
t
3528	0
545	1
16	2
1202	3
t
2891	0
373	1
4	2
1081	3
t
3736	0
389	1
18	2
3182	3
t
3807	0
561	1
14	2
1577	3
t
4864	0
676	1
2	2
2148	3
t
29251	0
18923	1
20	2
2415	3
t
24387	0
16746	1
14	2
3667	3
t
4335	0
266	1
12	2
2214	3
t
3655	0
324	1
6	2
1082	3
t
4173	0
473	1
6	2
874	3
t
3155	0
316	1
18	2
1948	3
t
3295	0
262	1
8	2
1047	3
t
1550	0
64	1
32	2
772	3
t
3314	0
394	1
27	2
956	3
t
4860	0
662	1
6	2
818	3
t
2042	0
290	1
10	2
855	3
t
2975	0
444	1
8	2
973	3
t
2847	0
397	1
12	2
1001	3
t
1653	0
142	1
8	2
1264	3
t
3132	0
405	1
10	2
1632	3
t
2904	0
298	1
10	2
1790	3
t
