27309	0
3297	1
284	2
19958	3
t
707	0
96	1
6	2
358	3
t
717	0
42	1
6	2
410	3
t
734	0
73	1
14	2
556	3
t
2336	0
297	1
4	2
791	3
t
895	0
121	1
20	2
295	3
t
1190	0
106	1
18	2
1107	3
t
1171	0
154	1
8	2
604	3
t
2253	0
223	1
10	2
1359	3
t
1265	0
189	1
10	2
234	3
t
1705	0
227	1
10	2
584	3
t
2159	0
369	1
4	2
315	3
t
1454	0
224	1
10	2
454	3
t
1390	0
217	1
14	2
349	3
t
1025	0
153	1
2	2
210	3
t
1137	0
172	1
4	2
272	3
t
2636	0
387	1
20	2
1250	3
t
2696	0
447	1
12	2
605	3
t
4547	0
585	1
18	2
2131	3
t
3847	0
522	1
8	2
3259	3
t
2797	0
410	1
12	2
1913	3
t
3679	0
442	1
12	2
1935	3
t
2659	0
346	1
22	2
1477	3
t
2972	0
463	1
8	2
735	3
t
1561	0
199	1
2	2
742	3
t
2672	0
358	1
18	2
1597	3
t
2015	0
175	1
8	2
1763	3
t
1411	0
119	1
6	2
1212	3
t
3156	0
396	1
16	2
1251	3
t
2444	0
261	1
8	2
1845	3
t
